Año	Residencia provincia código	Residencia provincia nombre	Nacionalidad área código	Nacionalidad área nombre	Nacionalidad país código	Nacionalidad país nombre	Sexo	Extranjeros
1998	22	Huesca	01	UE-15	102	Austria	Hombres	5
1998	22	Huesca	01	UE-15	102	Austria	Mujeres	3
1998	22	Huesca	01	UE-15	103	Bélgica	Hombres	11
1998	22	Huesca	01	UE-15	103	Bélgica	Mujeres	10
1998	22	Huesca	01	UE-15	107	Dinamarca	Hombres	1
1998	22	Huesca	01	UE-15	107	Dinamarca	Mujeres	1
1998	22	Huesca	01	UE-15	110	Francia	Hombres	108
1998	22	Huesca	01	UE-15	110	Francia	Mujeres	148
1998	22	Huesca	01	UE-15	111	Grecia	Hombres	1
1998	22	Huesca	01	UE-15	113	Irlanda	Hombres	5
1998	22	Huesca	01	UE-15	113	Irlanda	Mujeres	2
1998	22	Huesca	01	UE-15	115	Italia	Hombres	15
1998	22	Huesca	01	UE-15	115	Italia	Mujeres	11
1998	22	Huesca	01	UE-15	121	Países Bajos	Hombres	13
1998	22	Huesca	01	UE-15	121	Países Bajos	Mujeres	11
1998	22	Huesca	01	UE-15	123	Portugal	Hombres	26
1998	22	Huesca	01	UE-15	123	Portugal	Mujeres	28
1998	22	Huesca	01	UE-15	125	Reino Unido	Hombres	18
1998	22	Huesca	01	UE-15	125	Reino Unido	Mujeres	27
1998	22	Huesca	01	UE-15	126	Alemania	Hombres	23
1998	22	Huesca	01	UE-15	126	Alemania	Mujeres	19
1998	22	Huesca	02	Resto de Europa	104	Bulgaria	Hombres	4
1998	22	Huesca	02	Resto de Europa	104	Bulgaria	Mujeres	1
1998	22	Huesca	02	Resto de Europa	112	Hungría	Hombres	2
1998	22	Huesca	02	Resto de Europa	114	Islandia	Mujeres	1
1998	22	Huesca	02	Resto de Europa	122	Polonia	Hombres	4
1998	22	Huesca	02	Resto de Europa	122	Polonia	Mujeres	2
1998	22	Huesca	02	Resto de Europa	128	Rumanía	Hombres	2
1998	22	Huesca	02	Resto de Europa	128	Rumanía	Mujeres	1
1998	22	Huesca	02	Resto de Europa	132	Suiza	Hombres	8
1998	22	Huesca	02	Resto de Europa	132	Suiza	Mujeres	6
1998	22	Huesca	02	Resto de Europa	154	Rusia	Mujeres	2
1998	22	Huesca	02	Resto de Europa	199	Países sin relaciones diplomáticas	Hombres	1
1998	22	Huesca	02	Resto de Europa	199	Países sin relaciones diplomáticas	Mujeres	1
1998	22	Huesca	03	Magreb	203	Argelia	Hombres	55
1998	22	Huesca	03	Magreb	203	Argelia	Mujeres	8
1998	22	Huesca	03	Magreb	224	Libia	Hombres	1
1998	22	Huesca	03	Magreb	228	Marruecos	Hombres	124
1998	22	Huesca	03	Magreb	228	Marruecos	Mujeres	47
1998	22	Huesca	03	Magreb	230	Mauritania	Hombres	1
1998	22	Huesca	03	Magreb	248	Túnez	Hombres	3
1998	22	Huesca	04	Resto de África	207	Cabo Verde	Hombres	2
1998	22	Huesca	04	Resto de África	207	Cabo Verde	Mujeres	1
1998	22	Huesca	04	Resto de África	216	Gambia	Hombres	61
1998	22	Huesca	04	Resto de África	216	Gambia	Mujeres	27
1998	22	Huesca	04	Resto de África	217	Ghana	Hombres	5
1998	22	Huesca	04	Resto de África	217	Ghana	Mujeres	2
1998	22	Huesca	04	Resto de África	218	Guinea	Hombres	9
1998	22	Huesca	04	Resto de África	218	Guinea	Mujeres	1
1998	22	Huesca	04	Resto de África	220	Guinea Ecuatorial	Hombres	3
1998	22	Huesca	04	Resto de África	220	Guinea Ecuatorial	Mujeres	3
1998	22	Huesca	04	Resto de África	221	Kenia	Mujeres	4
1998	22	Huesca	04	Resto de África	223	Liberia	Hombres	1
1998	22	Huesca	04	Resto de África	227	Mali	Hombres	9
1998	22	Huesca	04	Resto de África	227	Mali	Mujeres	2
1998	22	Huesca	04	Resto de África	233	Níger	Hombres	1
1998	22	Huesca	04	Resto de África	234	Nigeria	Mujeres	1
1998	22	Huesca	04	Resto de África	236	Sudáfrica	Hombres	2
1998	22	Huesca	04	Resto de África	239	Senegal	Hombres	14
1998	22	Huesca	04	Resto de África	241	Sierra Leona	Hombres	1
1998	22	Huesca	04	Resto de África	242	Somalia	Hombres	2
1998	22	Huesca	05	América del Norte	301	Canadá	Hombres	3
1998	22	Huesca	05	América del Norte	302	Estados Unidos de América	Hombres	15
1998	22	Huesca	05	América del Norte	302	Estados Unidos de América	Mujeres	17
1998	22	Huesca	06	Resto de América	303	México	Hombres	5
1998	22	Huesca	06	Resto de América	303	México	Mujeres	8
1998	22	Huesca	06	Resto de América	314	Costa Rica	Hombres	1
1998	22	Huesca	06	Resto de América	314	Costa Rica	Mujeres	1
1998	22	Huesca	06	Resto de América	315	Cuba	Hombres	7
1998	22	Huesca	06	Resto de América	315	Cuba	Mujeres	23
1998	22	Huesca	06	Resto de América	316	Dominica	Mujeres	7
1998	22	Huesca	06	Resto de América	317	El Salvador	Mujeres	2
1998	22	Huesca	06	Resto de América	318	Granada	Hombres	1
1998	22	Huesca	06	Resto de América	318	Granada	Mujeres	1
1998	22	Huesca	06	Resto de América	319	Guatemala	Hombres	2
1998	22	Huesca	06	Resto de América	319	Guatemala	Mujeres	2
1998	22	Huesca	06	Resto de América	321	Honduras	Hombres	2
1998	22	Huesca	06	Resto de América	321	Honduras	Mujeres	6
1998	22	Huesca	06	Resto de América	326	República Dominicana	Hombres	11
1998	22	Huesca	06	Resto de América	326	República Dominicana	Mujeres	45
1998	22	Huesca	06	Resto de América	340	Argentina	Hombres	25
1998	22	Huesca	06	Resto de América	340	Argentina	Mujeres	21
1998	22	Huesca	06	Resto de América	341	Bolivia	Hombres	1
1998	22	Huesca	06	Resto de América	342	Brasil	Hombres	3
1998	22	Huesca	06	Resto de América	342	Brasil	Mujeres	4
1998	22	Huesca	06	Resto de América	343	Colombia	Hombres	4
1998	22	Huesca	06	Resto de América	343	Colombia	Mujeres	6
1998	22	Huesca	06	Resto de América	344	Chile	Hombres	1
1998	22	Huesca	06	Resto de América	344	Chile	Mujeres	4
1998	22	Huesca	06	Resto de América	345	Ecuador	Hombres	2
1998	22	Huesca	06	Resto de América	345	Ecuador	Mujeres	3
1998	22	Huesca	06	Resto de América	347	Paraguay	Hombres	2
1998	22	Huesca	06	Resto de América	348	Perú	Hombres	11
1998	22	Huesca	06	Resto de América	348	Perú	Mujeres	16
1998	22	Huesca	06	Resto de América	350	Uruguay	Hombres	2
1998	22	Huesca	06	Resto de América	351	Venezuela	Hombres	1
1998	22	Huesca	06	Resto de América	351	Venezuela	Mujeres	9
1998	22	Huesca	07	Asia	401	Afganistán	Hombres	1
1998	22	Huesca	07	Asia	407	China	Hombres	15
1998	22	Huesca	07	Asia	407	China	Mujeres	9
1998	22	Huesca	07	Asia	409	Filipinas	Hombres	2
1998	22	Huesca	07	Asia	409	Filipinas	Mujeres	3
1998	22	Huesca	07	Asia	415	Japón	Hombres	1
1998	22	Huesca	07	Asia	416	Jordania	Hombres	1
1998	22	Huesca	07	Asia	419	Laos	Hombres	1
1998	22	Huesca	07	Asia	419	Laos	Mujeres	2
1998	22	Huesca	07	Asia	420	Líbano	Hombres	2
1998	22	Huesca	07	Asia	423	Mongolia	Mujeres	1
1998	22	Huesca	07	Asia	426	Pakistán	Hombres	2
1998	22	Huesca	07	Asia	430	República de Corea	Hombres	2
1998	22	Huesca	07	Asia	430	República de Corea	Mujeres	2
1998	22	Huesca	07	Asia	433	Siria	Hombres	2
1998	22	Huesca	07	Asia	433	Siria	Mujeres	1
1998	22	Huesca	07	Asia	435	Tailandia	Mujeres	3
1998	22	Huesca	07	Asia	441	Yemen	Mujeres	1
1998	22	Huesca	08	Oceanía	501	Australia	Mujeres	4
1998	22	Huesca	08	Oceanía	511	Micronesia	Hombres	1
1998	22	Huesca	08	Oceanía	512	Tuvalu	Hombres	1
1998	44	Teruel	01	UE-15	102	Austria	Hombres	1
1998	44	Teruel	01	UE-15	103	Bélgica	Hombres	5
1998	44	Teruel	01	UE-15	103	Bélgica	Mujeres	5
1998	44	Teruel	01	UE-15	110	Francia	Hombres	29
1998	44	Teruel	01	UE-15	110	Francia	Mujeres	41
1998	44	Teruel	01	UE-15	111	Grecia	Hombres	3
1998	44	Teruel	01	UE-15	113	Irlanda	Hombres	1
1998	44	Teruel	01	UE-15	113	Irlanda	Mujeres	1
1998	44	Teruel	01	UE-15	115	Italia	Hombres	10
1998	44	Teruel	01	UE-15	115	Italia	Mujeres	1
1998	44	Teruel	01	UE-15	121	Países Bajos	Hombres	1
1998	44	Teruel	01	UE-15	121	Países Bajos	Mujeres	3
1998	44	Teruel	01	UE-15	123	Portugal	Hombres	24
1998	44	Teruel	01	UE-15	123	Portugal	Mujeres	14
1998	44	Teruel	01	UE-15	125	Reino Unido	Hombres	10
1998	44	Teruel	01	UE-15	125	Reino Unido	Mujeres	9
1998	44	Teruel	01	UE-15	126	Alemania	Hombres	7
1998	44	Teruel	01	UE-15	126	Alemania	Mujeres	6
1998	44	Teruel	02	Resto de Europa	101	Albania	Hombres	2
1998	44	Teruel	02	Resto de Europa	120	Noruega	Hombres	1
1998	44	Teruel	02	Resto de Europa	122	Polonia	Hombres	8
1998	44	Teruel	02	Resto de Europa	122	Polonia	Mujeres	2
1998	44	Teruel	02	Resto de Europa	128	Rumanía	Hombres	2
1998	44	Teruel	02	Resto de Europa	128	Rumanía	Mujeres	2
1998	44	Teruel	02	Resto de Europa	132	Suiza	Hombres	1
1998	44	Teruel	02	Resto de Europa	132	Suiza	Mujeres	4
1998	44	Teruel	02	Resto de Europa	155	Yugoslavia	Hombres	11
1998	44	Teruel	02	Resto de Europa	155	Yugoslavia	Mujeres	12
1998	44	Teruel	03	Magreb	203	Argelia	Hombres	12
1998	44	Teruel	03	Magreb	203	Argelia	Mujeres	1
1998	44	Teruel	03	Magreb	228	Marruecos	Hombres	105
1998	44	Teruel	03	Magreb	228	Marruecos	Mujeres	23
1998	44	Teruel	04	Resto de África	202	Angola	Mujeres	1
1998	44	Teruel	04	Resto de África	207	Cabo Verde	Hombres	25
1998	44	Teruel	04	Resto de África	207	Cabo Verde	Mujeres	26
1998	44	Teruel	04	Resto de África	216	Gambia	Hombres	1
1998	44	Teruel	04	Resto de África	218	Guinea	Hombres	1
1998	44	Teruel	04	Resto de África	234	Nigeria	Hombres	2
1998	44	Teruel	04	Resto de África	234	Nigeria	Mujeres	3
1998	44	Teruel	04	Resto de África	239	Senegal	Hombres	12
1998	44	Teruel	04	Resto de África	239	Senegal	Mujeres	1
1998	44	Teruel	05	América del Norte	301	Canadá	Hombres	1
1998	44	Teruel	05	América del Norte	302	Estados Unidos de América	Hombres	3
1998	44	Teruel	05	América del Norte	302	Estados Unidos de América	Mujeres	2
1998	44	Teruel	06	Resto de América	303	México	Mujeres	2
1998	44	Teruel	06	Resto de América	315	Cuba	Hombres	2
1998	44	Teruel	06	Resto de América	315	Cuba	Mujeres	11
1998	44	Teruel	06	Resto de América	316	Dominica	Hombres	3
1998	44	Teruel	06	Resto de América	316	Dominica	Mujeres	1
1998	44	Teruel	06	Resto de América	321	Honduras	Hombres	3
1998	44	Teruel	06	Resto de América	321	Honduras	Mujeres	5
1998	44	Teruel	06	Resto de América	326	República Dominicana	Hombres	2
1998	44	Teruel	06	Resto de América	326	República Dominicana	Mujeres	39
1998	44	Teruel	06	Resto de América	340	Argentina	Hombres	7
1998	44	Teruel	06	Resto de América	340	Argentina	Mujeres	6
1998	44	Teruel	06	Resto de América	342	Brasil	Hombres	3
1998	44	Teruel	06	Resto de América	342	Brasil	Mujeres	16
1998	44	Teruel	06	Resto de América	343	Colombia	Hombres	1
1998	44	Teruel	06	Resto de América	343	Colombia	Mujeres	4
1998	44	Teruel	06	Resto de América	344	Chile	Hombres	1
1998	44	Teruel	06	Resto de América	344	Chile	Mujeres	2
1998	44	Teruel	06	Resto de América	345	Ecuador	Hombres	1
1998	44	Teruel	06	Resto de América	345	Ecuador	Mujeres	3
1998	44	Teruel	06	Resto de América	348	Perú	Mujeres	5
1998	44	Teruel	06	Resto de América	350	Uruguay	Hombres	2
1998	44	Teruel	06	Resto de América	350	Uruguay	Mujeres	2
1998	44	Teruel	06	Resto de América	351	Venezuela	Hombres	1
1998	44	Teruel	06	Resto de América	351	Venezuela	Mujeres	5
1998	44	Teruel	07	Asia	407	China	Hombres	4
1998	44	Teruel	07	Asia	407	China	Mujeres	2
1998	44	Teruel	07	Asia	413	Irán	Hombres	2
1998	44	Teruel	07	Asia	420	Líbano	Hombres	1
1998	44	Teruel	07	Asia	426	Pakistán	Hombres	29
1998	44	Teruel	07	Asia	426	Pakistán	Mujeres	11
1998	50	Zaragoza	01	UE-15	102	Austria	Hombres	2
1998	50	Zaragoza	01	UE-15	102	Austria	Mujeres	5
1998	50	Zaragoza	01	UE-15	103	Bélgica	Hombres	21
1998	50	Zaragoza	01	UE-15	103	Bélgica	Mujeres	17
1998	50	Zaragoza	01	UE-15	107	Dinamarca	Hombres	6
1998	50	Zaragoza	01	UE-15	107	Dinamarca	Mujeres	2
1998	50	Zaragoza	01	UE-15	109	Finlandia	Hombres	1
1998	50	Zaragoza	01	UE-15	109	Finlandia	Mujeres	2
1998	50	Zaragoza	01	UE-15	110	Francia	Hombres	198
1998	50	Zaragoza	01	UE-15	110	Francia	Mujeres	310
1998	50	Zaragoza	01	UE-15	111	Grecia	Hombres	2
1998	50	Zaragoza	01	UE-15	111	Grecia	Mujeres	1
1998	50	Zaragoza	01	UE-15	113	Irlanda	Hombres	7
1998	50	Zaragoza	01	UE-15	113	Irlanda	Mujeres	16
1998	50	Zaragoza	01	UE-15	115	Italia	Hombres	123
1998	50	Zaragoza	01	UE-15	115	Italia	Mujeres	58
1998	50	Zaragoza	01	UE-15	117	Luxemburgo	Hombres	1
1998	50	Zaragoza	01	UE-15	117	Luxemburgo	Mujeres	1
1998	50	Zaragoza	01	UE-15	121	Países Bajos	Hombres	31
1998	50	Zaragoza	01	UE-15	121	Países Bajos	Mujeres	22
1998	50	Zaragoza	01	UE-15	123	Portugal	Hombres	208
1998	50	Zaragoza	01	UE-15	123	Portugal	Mujeres	208
1998	50	Zaragoza	01	UE-15	125	Reino Unido	Hombres	84
1998	50	Zaragoza	01	UE-15	125	Reino Unido	Mujeres	83
1998	50	Zaragoza	01	UE-15	126	Alemania	Hombres	93
1998	50	Zaragoza	01	UE-15	126	Alemania	Mujeres	90
1998	50	Zaragoza	01	UE-15	131	Suecia	Hombres	5
1998	50	Zaragoza	01	UE-15	131	Suecia	Mujeres	5
1998	50	Zaragoza	02	Resto de Europa	101	Albania	Mujeres	1
1998	50	Zaragoza	02	Resto de Europa	104	Bulgaria	Hombres	3
1998	50	Zaragoza	02	Resto de Europa	104	Bulgaria	Mujeres	2
1998	50	Zaragoza	02	Resto de Europa	112	Hungría	Hombres	2
1998	50	Zaragoza	02	Resto de Europa	118	Malta	Hombres	1
1998	50	Zaragoza	02	Resto de Europa	120	Noruega	Hombres	3
1998	50	Zaragoza	02	Resto de Europa	120	Noruega	Mujeres	7
1998	50	Zaragoza	02	Resto de Europa	122	Polonia	Hombres	29
1998	50	Zaragoza	02	Resto de Europa	122	Polonia	Mujeres	27
1998	50	Zaragoza	02	Resto de Europa	124	Andorra	Hombres	4
1998	50	Zaragoza	02	Resto de Europa	124	Andorra	Mujeres	5
1998	50	Zaragoza	02	Resto de Europa	128	Rumanía	Hombres	17
1998	50	Zaragoza	02	Resto de Europa	128	Rumanía	Mujeres	12
1998	50	Zaragoza	02	Resto de Europa	132	Suiza	Hombres	22
1998	50	Zaragoza	02	Resto de Europa	132	Suiza	Mujeres	22
1998	50	Zaragoza	02	Resto de Europa	135	Ucrania	Hombres	1
1998	50	Zaragoza	02	Resto de Europa	135	Ucrania	Mujeres	4
1998	50	Zaragoza	02	Resto de Europa	138	Bielorrusia	Hombres	3
1998	50	Zaragoza	02	Resto de Europa	138	Bielorrusia	Mujeres	6
1998	50	Zaragoza	02	Resto de Europa	143	República Checa	Mujeres	4
1998	50	Zaragoza	02	Resto de Europa	145	Bosnia-Herzegovina	Hombres	6
1998	50	Zaragoza	02	Resto de Europa	145	Bosnia-Herzegovina	Mujeres	9
1998	50	Zaragoza	02	Resto de Europa	146	Croacia	Hombres	1
1998	50	Zaragoza	02	Resto de Europa	146	Croacia	Mujeres	1
1998	50	Zaragoza	02	Resto de Europa	147	Eslovenia	Mujeres	1
1998	50	Zaragoza	02	Resto de Europa	148	Armenia	Hombres	2
1998	50	Zaragoza	02	Resto de Europa	148	Armenia	Mujeres	2
1998	50	Zaragoza	02	Resto de Europa	154	Rusia	Hombres	3
1998	50	Zaragoza	02	Resto de Europa	154	Rusia	Mujeres	17
1998	50	Zaragoza	02	Resto de Europa	155	Yugoslavia	Hombres	10
1998	50	Zaragoza	02	Resto de Europa	155	Yugoslavia	Mujeres	2
1998	50	Zaragoza	02	Resto de Europa	436	Turquía	Hombres	4
1998	50	Zaragoza	03	Magreb	203	Argelia	Hombres	187
1998	50	Zaragoza	03	Magreb	203	Argelia	Mujeres	17
1998	50	Zaragoza	03	Magreb	228	Marruecos	Hombres	578
1998	50	Zaragoza	03	Magreb	228	Marruecos	Mujeres	278
1998	50	Zaragoza	03	Magreb	230	Mauritania	Hombres	3
1998	50	Zaragoza	03	Magreb	230	Mauritania	Mujeres	5
1998	50	Zaragoza	03	Magreb	248	Túnez	Hombres	4
1998	50	Zaragoza	03	Magreb	248	Túnez	Mujeres	5
1998	50	Zaragoza	04	Resto de África	202	Angola	Hombres	22
1998	50	Zaragoza	04	Resto de África	202	Angola	Mujeres	15
1998	50	Zaragoza	04	Resto de África	204	Benin	Hombres	1
1998	50	Zaragoza	04	Resto de África	204	Benin	Mujeres	1
1998	50	Zaragoza	04	Resto de África	207	Cabo Verde	Hombres	79
1998	50	Zaragoza	04	Resto de África	207	Cabo Verde	Mujeres	67
1998	50	Zaragoza	04	Resto de África	208	Camerún	Hombres	4
1998	50	Zaragoza	04	Resto de África	208	Camerún	Mujeres	8
1998	50	Zaragoza	04	Resto de África	210	Congo	Hombres	1
1998	50	Zaragoza	04	Resto de África	211	Costa de Marfil	Hombres	11
1998	50	Zaragoza	04	Resto de África	213	Egipto	Hombres	14
1998	50	Zaragoza	04	Resto de África	213	Egipto	Mujeres	2
1998	50	Zaragoza	04	Resto de África	215	Gabón	Hombres	2
1998	50	Zaragoza	04	Resto de África	216	Gambia	Hombres	89
1998	50	Zaragoza	04	Resto de África	216	Gambia	Mujeres	37
1998	50	Zaragoza	04	Resto de África	217	Ghana	Hombres	37
1998	50	Zaragoza	04	Resto de África	217	Ghana	Mujeres	9
1998	50	Zaragoza	04	Resto de África	218	Guinea	Hombres	38
1998	50	Zaragoza	04	Resto de África	218	Guinea	Mujeres	55
1998	50	Zaragoza	04	Resto de África	220	Guinea Ecuatorial	Hombres	50
1998	50	Zaragoza	04	Resto de África	220	Guinea Ecuatorial	Mujeres	88
1998	50	Zaragoza	04	Resto de África	221	Kenia	Mujeres	1
1998	50	Zaragoza	04	Resto de África	222	Lesotho	Hombres	1
1998	50	Zaragoza	04	Resto de África	223	Liberia	Hombres	43
1998	50	Zaragoza	04	Resto de África	223	Liberia	Mujeres	9
1998	50	Zaragoza	04	Resto de África	225	Madagascar	Hombres	1
1998	50	Zaragoza	04	Resto de África	227	Mali	Hombres	10
1998	50	Zaragoza	04	Resto de África	227	Mali	Mujeres	1
1998	50	Zaragoza	04	Resto de África	229	Mauricio	Hombres	1
1998	50	Zaragoza	04	Resto de África	232	Namibia	Hombres	2
1998	50	Zaragoza	04	Resto de África	233	Níger	Hombres	1
1998	50	Zaragoza	04	Resto de África	234	Nigeria	Hombres	12
1998	50	Zaragoza	04	Resto de África	234	Nigeria	Mujeres	8
1998	50	Zaragoza	04	Resto de África	235	República Centroafricana	Hombres	1
1998	50	Zaragoza	04	Resto de África	235	República Centroafricana	Mujeres	1
1998	50	Zaragoza	04	Resto de África	236	Sudáfrica	Hombres	3
1998	50	Zaragoza	04	Resto de África	236	Sudáfrica	Mujeres	4
1998	50	Zaragoza	04	Resto de África	237	Ruanda	Hombres	3
1998	50	Zaragoza	04	Resto de África	239	Senegal	Hombres	118
1998	50	Zaragoza	04	Resto de África	239	Senegal	Mujeres	22
1998	50	Zaragoza	04	Resto de África	241	Sierra Leona	Hombres	5
1998	50	Zaragoza	04	Resto de África	241	Sierra Leona	Mujeres	2
1998	50	Zaragoza	04	Resto de África	246	Chad	Hombres	1
1998	50	Zaragoza	04	Resto de África	247	Togo	Hombres	4
1998	50	Zaragoza	04	Resto de África	250	Rep. Democrática del Congo	Hombres	13
1998	50	Zaragoza	04	Resto de África	250	Rep. Democrática del Congo	Mujeres	6
1998	50	Zaragoza	04	Resto de África	253	Eritrea	Hombres	1
1998	50	Zaragoza	05	América del Norte	301	Canadá	Hombres	7
1998	50	Zaragoza	05	América del Norte	301	Canadá	Mujeres	6
1998	50	Zaragoza	05	América del Norte	302	Estados Unidos de América	Hombres	162
1998	50	Zaragoza	05	América del Norte	302	Estados Unidos de América	Mujeres	108
1998	50	Zaragoza	06	Resto de América	303	México	Hombres	11
1998	50	Zaragoza	06	Resto de América	303	México	Mujeres	38
1998	50	Zaragoza	06	Resto de América	314	Costa Rica	Hombres	4
1998	50	Zaragoza	06	Resto de América	314	Costa Rica	Mujeres	2
1998	50	Zaragoza	06	Resto de América	315	Cuba	Hombres	46
1998	50	Zaragoza	06	Resto de América	315	Cuba	Mujeres	103
1998	50	Zaragoza	06	Resto de América	316	Dominica	Mujeres	2
1998	50	Zaragoza	06	Resto de América	317	El Salvador	Hombres	2
1998	50	Zaragoza	06	Resto de América	317	El Salvador	Mujeres	3
1998	50	Zaragoza	06	Resto de América	319	Guatemala	Hombres	3
1998	50	Zaragoza	06	Resto de América	319	Guatemala	Mujeres	7
1998	50	Zaragoza	06	Resto de América	320	Haití	Hombres	1
1998	50	Zaragoza	06	Resto de América	321	Honduras	Hombres	14
1998	50	Zaragoza	06	Resto de América	321	Honduras	Mujeres	26
1998	50	Zaragoza	06	Resto de América	322	Jamaica	Hombres	2
1998	50	Zaragoza	06	Resto de América	323	Nicaragua	Hombres	8
1998	50	Zaragoza	06	Resto de América	323	Nicaragua	Mujeres	4
1998	50	Zaragoza	06	Resto de América	324	Panamá	Hombres	6
1998	50	Zaragoza	06	Resto de América	324	Panamá	Mujeres	8
1998	50	Zaragoza	06	Resto de América	326	República Dominicana	Hombres	46
1998	50	Zaragoza	06	Resto de América	326	República Dominicana	Mujeres	188
1998	50	Zaragoza	06	Resto de América	340	Argentina	Hombres	97
1998	50	Zaragoza	06	Resto de América	340	Argentina	Mujeres	115
1998	50	Zaragoza	06	Resto de América	341	Bolivia	Hombres	7
1998	50	Zaragoza	06	Resto de América	341	Bolivia	Mujeres	7
1998	50	Zaragoza	06	Resto de América	342	Brasil	Hombres	31
1998	50	Zaragoza	06	Resto de América	342	Brasil	Mujeres	63
1998	50	Zaragoza	06	Resto de América	343	Colombia	Hombres	43
1998	50	Zaragoza	06	Resto de América	343	Colombia	Mujeres	83
1998	50	Zaragoza	06	Resto de América	344	Chile	Hombres	23
1998	50	Zaragoza	06	Resto de América	344	Chile	Mujeres	50
1998	50	Zaragoza	06	Resto de América	345	Ecuador	Hombres	20
1998	50	Zaragoza	06	Resto de América	345	Ecuador	Mujeres	21
1998	50	Zaragoza	06	Resto de América	347	Paraguay	Hombres	1
1998	50	Zaragoza	06	Resto de América	347	Paraguay	Mujeres	7
1998	50	Zaragoza	06	Resto de América	348	Perú	Hombres	82
1998	50	Zaragoza	06	Resto de América	348	Perú	Mujeres	107
1998	50	Zaragoza	06	Resto de América	350	Uruguay	Hombres	20
1998	50	Zaragoza	06	Resto de América	350	Uruguay	Mujeres	20
1998	50	Zaragoza	06	Resto de América	351	Venezuela	Hombres	62
1998	50	Zaragoza	06	Resto de América	351	Venezuela	Mujeres	58
1998	50	Zaragoza	07	Asia	407	China	Hombres	81
1998	50	Zaragoza	07	Asia	407	China	Mujeres	74
1998	50	Zaragoza	07	Asia	409	Filipinas	Hombres	3
1998	50	Zaragoza	07	Asia	409	Filipinas	Mujeres	10
1998	50	Zaragoza	07	Asia	410	India	Hombres	7
1998	50	Zaragoza	07	Asia	410	India	Mujeres	11
1998	50	Zaragoza	07	Asia	412	Irak	Hombres	2
1998	50	Zaragoza	07	Asia	413	Irán	Hombres	2
1998	50	Zaragoza	07	Asia	413	Irán	Mujeres	1
1998	50	Zaragoza	07	Asia	414	Israel	Hombres	3
1998	50	Zaragoza	07	Asia	414	Israel	Mujeres	2
1998	50	Zaragoza	07	Asia	415	Japón	Hombres	1
1998	50	Zaragoza	07	Asia	415	Japón	Mujeres	5
1998	50	Zaragoza	07	Asia	416	Jordania	Hombres	18
1998	50	Zaragoza	07	Asia	416	Jordania	Mujeres	7
1998	50	Zaragoza	07	Asia	419	Laos	Hombres	1
1998	50	Zaragoza	07	Asia	419	Laos	Mujeres	4
1998	50	Zaragoza	07	Asia	420	Líbano	Hombres	15
1998	50	Zaragoza	07	Asia	420	Líbano	Mujeres	4
1998	50	Zaragoza	07	Asia	421	Malasia	Hombres	1
1998	50	Zaragoza	07	Asia	421	Malasia	Mujeres	2
1998	50	Zaragoza	07	Asia	426	Pakistán	Hombres	5
1998	50	Zaragoza	07	Asia	430	República de Corea	Hombres	9
1998	50	Zaragoza	07	Asia	430	República de Corea	Mujeres	11
1998	50	Zaragoza	07	Asia	433	Siria	Hombres	16
1998	50	Zaragoza	07	Asia	433	Siria	Mujeres	7
1998	50	Zaragoza	07	Asia	435	Tailandia	Hombres	1
1998	50	Zaragoza	07	Asia	435	Tailandia	Mujeres	2
1998	50	Zaragoza	07	Asia	437	Vietnam	Hombres	1
1998	50	Zaragoza	07	Asia	437	Vietnam	Mujeres	1
1998	50	Zaragoza	08	Oceanía	501	Australia	Hombres	5
1998	50	Zaragoza	08	Oceanía	501	Australia	Mujeres	1
1998	50	Zaragoza	08	Oceanía	504	Nueva Zelanda	Mujeres	2
1998	50	Zaragoza	08	Oceanía	511	Micronesia	Mujeres	1
1998	50	Zaragoza	09	Apátridas y no consta	555	Apátridas	Hombres	4
1998	50	Zaragoza	09	Apátridas y no consta	555	Apátridas	Mujeres	3
1999	22	Huesca	01	UE-15	102	Austria	Hombres	6
1999	22	Huesca	01	UE-15	102	Austria	Mujeres	2
1999	22	Huesca	01	UE-15	103	Bélgica	Hombres	13
1999	22	Huesca	01	UE-15	103	Bélgica	Mujeres	10
1999	22	Huesca	01	UE-15	107	Dinamarca	Hombres	1
1999	22	Huesca	01	UE-15	107	Dinamarca	Mujeres	1
1999	22	Huesca	01	UE-15	110	Francia	Hombres	111
1999	22	Huesca	01	UE-15	110	Francia	Mujeres	148
1999	22	Huesca	01	UE-15	111	Grecia	Hombres	1
1999	22	Huesca	01	UE-15	113	Irlanda	Hombres	5
1999	22	Huesca	01	UE-15	113	Irlanda	Mujeres	2
1999	22	Huesca	01	UE-15	115	Italia	Hombres	15
1999	22	Huesca	01	UE-15	115	Italia	Mujeres	12
1999	22	Huesca	01	UE-15	121	Países Bajos	Hombres	12
1999	22	Huesca	01	UE-15	121	Países Bajos	Mujeres	10
1999	22	Huesca	01	UE-15	123	Portugal	Hombres	28
1999	22	Huesca	01	UE-15	123	Portugal	Mujeres	31
1999	22	Huesca	01	UE-15	125	Reino Unido	Hombres	18
1999	22	Huesca	01	UE-15	125	Reino Unido	Mujeres	28
1999	22	Huesca	01	UE-15	126	Alemania	Hombres	27
1999	22	Huesca	01	UE-15	126	Alemania	Mujeres	20
1999	22	Huesca	02	Resto de Europa	104	Bulgaria	Hombres	4
1999	22	Huesca	02	Resto de Europa	104	Bulgaria	Mujeres	1
1999	22	Huesca	02	Resto de Europa	112	Hungría	Hombres	2
1999	22	Huesca	02	Resto de Europa	122	Polonia	Hombres	6
1999	22	Huesca	02	Resto de Europa	122	Polonia	Mujeres	7
1999	22	Huesca	02	Resto de Europa	128	Rumanía	Hombres	2
1999	22	Huesca	02	Resto de Europa	128	Rumanía	Mujeres	1
1999	22	Huesca	02	Resto de Europa	132	Suiza	Hombres	10
1999	22	Huesca	02	Resto de Europa	132	Suiza	Mujeres	8
1999	22	Huesca	02	Resto de Europa	143	República Checa	Mujeres	1
1999	22	Huesca	02	Resto de Europa	154	Rusia	Hombres	1
1999	22	Huesca	02	Resto de Europa	154	Rusia	Mujeres	3
1999	22	Huesca	02	Resto de Europa	199	Países sin relaciones diplomáticas	Hombres	1
1999	22	Huesca	02	Resto de Europa	199	Países sin relaciones diplomáticas	Mujeres	1
1999	22	Huesca	03	Magreb	203	Argelia	Hombres	68
1999	22	Huesca	03	Magreb	203	Argelia	Mujeres	13
1999	22	Huesca	03	Magreb	228	Marruecos	Hombres	172
1999	22	Huesca	03	Magreb	228	Marruecos	Mujeres	65
1999	22	Huesca	03	Magreb	230	Mauritania	Hombres	1
1999	22	Huesca	03	Magreb	248	Túnez	Hombres	3
1999	22	Huesca	04	Resto de África	201	Burkina Fasso	Hombres	2
1999	22	Huesca	04	Resto de África	207	Cabo Verde	Hombres	2
1999	22	Huesca	04	Resto de África	207	Cabo Verde	Mujeres	1
1999	22	Huesca	04	Resto de África	208	Camerún	Mujeres	1
1999	22	Huesca	04	Resto de África	216	Gambia	Hombres	73
1999	22	Huesca	04	Resto de África	216	Gambia	Mujeres	32
1999	22	Huesca	04	Resto de África	217	Ghana	Hombres	5
1999	22	Huesca	04	Resto de África	217	Ghana	Mujeres	2
1999	22	Huesca	04	Resto de África	218	Guinea	Hombres	17
1999	22	Huesca	04	Resto de África	218	Guinea	Mujeres	2
1999	22	Huesca	04	Resto de África	219	Guinea Bissau	Hombres	1
1999	22	Huesca	04	Resto de África	220	Guinea Ecuatorial	Hombres	2
1999	22	Huesca	04	Resto de África	220	Guinea Ecuatorial	Mujeres	3
1999	22	Huesca	04	Resto de África	221	Kenia	Mujeres	4
1999	22	Huesca	04	Resto de África	227	Mali	Hombres	26
1999	22	Huesca	04	Resto de África	227	Mali	Mujeres	4
1999	22	Huesca	04	Resto de África	236	Sudáfrica	Hombres	2
1999	22	Huesca	04	Resto de África	237	Ruanda	Hombres	1
1999	22	Huesca	04	Resto de África	239	Senegal	Hombres	18
1999	22	Huesca	04	Resto de África	239	Senegal	Mujeres	3
1999	22	Huesca	04	Resto de África	241	Sierra Leona	Hombres	1
1999	22	Huesca	04	Resto de África	242	Somalia	Hombres	2
1999	22	Huesca	05	América del Norte	301	Canadá	Hombres	3
1999	22	Huesca	05	América del Norte	302	Estados Unidos de América	Hombres	17
1999	22	Huesca	05	América del Norte	302	Estados Unidos de América	Mujeres	23
1999	22	Huesca	06	Resto de América	303	México	Hombres	5
1999	22	Huesca	06	Resto de América	303	México	Mujeres	8
1999	22	Huesca	06	Resto de América	314	Costa Rica	Hombres	1
1999	22	Huesca	06	Resto de América	315	Cuba	Hombres	12
1999	22	Huesca	06	Resto de América	315	Cuba	Mujeres	23
1999	22	Huesca	06	Resto de América	316	Dominica	Mujeres	7
1999	22	Huesca	06	Resto de América	317	El Salvador	Mujeres	2
1999	22	Huesca	06	Resto de América	318	Granada	Hombres	1
1999	22	Huesca	06	Resto de América	319	Guatemala	Hombres	1
1999	22	Huesca	06	Resto de América	320	Haití	Mujeres	1
1999	22	Huesca	06	Resto de América	321	Honduras	Hombres	2
1999	22	Huesca	06	Resto de América	321	Honduras	Mujeres	5
1999	22	Huesca	06	Resto de América	326	República Dominicana	Hombres	13
1999	22	Huesca	06	Resto de América	326	República Dominicana	Mujeres	54
1999	22	Huesca	06	Resto de América	340	Argentina	Hombres	22
1999	22	Huesca	06	Resto de América	340	Argentina	Mujeres	21
1999	22	Huesca	06	Resto de América	342	Brasil	Hombres	3
1999	22	Huesca	06	Resto de América	342	Brasil	Mujeres	5
1999	22	Huesca	06	Resto de América	343	Colombia	Hombres	4
1999	22	Huesca	06	Resto de América	343	Colombia	Mujeres	8
1999	22	Huesca	06	Resto de América	344	Chile	Hombres	2
1999	22	Huesca	06	Resto de América	344	Chile	Mujeres	7
1999	22	Huesca	06	Resto de América	345	Ecuador	Hombres	2
1999	22	Huesca	06	Resto de América	345	Ecuador	Mujeres	5
1999	22	Huesca	06	Resto de América	347	Paraguay	Hombres	2
1999	22	Huesca	06	Resto de América	348	Perú	Hombres	14
1999	22	Huesca	06	Resto de América	348	Perú	Mujeres	19
1999	22	Huesca	06	Resto de América	350	Uruguay	Hombres	2
1999	22	Huesca	06	Resto de América	351	Venezuela	Hombres	2
1999	22	Huesca	06	Resto de América	351	Venezuela	Mujeres	8
1999	22	Huesca	07	Asia	401	Afganistán	Hombres	1
1999	22	Huesca	07	Asia	407	China	Hombres	14
1999	22	Huesca	07	Asia	407	China	Mujeres	8
1999	22	Huesca	07	Asia	409	Filipinas	Hombres	1
1999	22	Huesca	07	Asia	409	Filipinas	Mujeres	3
1999	22	Huesca	07	Asia	410	India	Mujeres	1
1999	22	Huesca	07	Asia	411	Indonesia	Mujeres	1
1999	22	Huesca	07	Asia	415	Japón	Hombres	1
1999	22	Huesca	07	Asia	416	Jordania	Hombres	1
1999	22	Huesca	07	Asia	419	Laos	Hombres	1
1999	22	Huesca	07	Asia	419	Laos	Mujeres	2
1999	22	Huesca	07	Asia	420	Líbano	Hombres	2
1999	22	Huesca	07	Asia	423	Mongolia	Mujeres	1
1999	22	Huesca	07	Asia	426	Pakistán	Hombres	1
1999	22	Huesca	07	Asia	430	República de Corea	Hombres	2
1999	22	Huesca	07	Asia	430	República de Corea	Mujeres	2
1999	22	Huesca	07	Asia	433	Siria	Hombres	2
1999	22	Huesca	07	Asia	433	Siria	Mujeres	1
1999	22	Huesca	07	Asia	435	Tailandia	Mujeres	2
1999	22	Huesca	08	Oceanía	501	Australia	Hombres	2
1999	22	Huesca	08	Oceanía	501	Australia	Mujeres	3
1999	22	Huesca	08	Oceanía	511	Micronesia	Hombres	1
1999	22	Huesca	08	Oceanía	512	Tuvalu	Hombres	1
1999	44	Teruel	01	UE-15	102	Austria	Hombres	1
1999	44	Teruel	01	UE-15	103	Bélgica	Hombres	3
1999	44	Teruel	01	UE-15	103	Bélgica	Mujeres	5
1999	44	Teruel	01	UE-15	110	Francia	Hombres	31
1999	44	Teruel	01	UE-15	110	Francia	Mujeres	40
1999	44	Teruel	01	UE-15	111	Grecia	Hombres	3
1999	44	Teruel	01	UE-15	113	Irlanda	Hombres	1
1999	44	Teruel	01	UE-15	113	Irlanda	Mujeres	1
1999	44	Teruel	01	UE-15	115	Italia	Hombres	11
1999	44	Teruel	01	UE-15	115	Italia	Mujeres	2
1999	44	Teruel	01	UE-15	121	Países Bajos	Hombres	2
1999	44	Teruel	01	UE-15	121	Países Bajos	Mujeres	4
1999	44	Teruel	01	UE-15	123	Portugal	Hombres	25
1999	44	Teruel	01	UE-15	123	Portugal	Mujeres	15
1999	44	Teruel	01	UE-15	125	Reino Unido	Hombres	8
1999	44	Teruel	01	UE-15	125	Reino Unido	Mujeres	11
1999	44	Teruel	01	UE-15	126	Alemania	Hombres	8
1999	44	Teruel	01	UE-15	126	Alemania	Mujeres	6
1999	44	Teruel	02	Resto de Europa	101	Albania	Hombres	2
1999	44	Teruel	02	Resto de Europa	120	Noruega	Hombres	1
1999	44	Teruel	02	Resto de Europa	122	Polonia	Hombres	9
1999	44	Teruel	02	Resto de Europa	122	Polonia	Mujeres	3
1999	44	Teruel	02	Resto de Europa	128	Rumanía	Hombres	3
1999	44	Teruel	02	Resto de Europa	128	Rumanía	Mujeres	4
1999	44	Teruel	02	Resto de Europa	132	Suiza	Hombres	1
1999	44	Teruel	02	Resto de Europa	132	Suiza	Mujeres	4
1999	44	Teruel	02	Resto de Europa	155	Yugoslavia	Hombres	11
1999	44	Teruel	02	Resto de Europa	155	Yugoslavia	Mujeres	12
1999	44	Teruel	03	Magreb	203	Argelia	Hombres	10
1999	44	Teruel	03	Magreb	203	Argelia	Mujeres	2
1999	44	Teruel	03	Magreb	228	Marruecos	Hombres	105
1999	44	Teruel	03	Magreb	228	Marruecos	Mujeres	25
1999	44	Teruel	04	Resto de África	207	Cabo Verde	Hombres	26
1999	44	Teruel	04	Resto de África	207	Cabo Verde	Mujeres	20
1999	44	Teruel	04	Resto de África	216	Gambia	Hombres	3
1999	44	Teruel	04	Resto de África	216	Gambia	Mujeres	1
1999	44	Teruel	04	Resto de África	218	Guinea	Hombres	1
1999	44	Teruel	04	Resto de África	220	Guinea Ecuatorial	Mujeres	2
1999	44	Teruel	04	Resto de África	234	Nigeria	Hombres	3
1999	44	Teruel	04	Resto de África	234	Nigeria	Mujeres	6
1999	44	Teruel	04	Resto de África	239	Senegal	Hombres	12
1999	44	Teruel	04	Resto de África	239	Senegal	Mujeres	2
1999	44	Teruel	05	América del Norte	301	Canadá	Hombres	1
1999	44	Teruel	05	América del Norte	302	Estados Unidos de América	Hombres	3
1999	44	Teruel	05	América del Norte	302	Estados Unidos de América	Mujeres	2
1999	44	Teruel	06	Resto de América	303	México	Mujeres	2
1999	44	Teruel	06	Resto de América	315	Cuba	Hombres	1
1999	44	Teruel	06	Resto de América	315	Cuba	Mujeres	9
1999	44	Teruel	06	Resto de América	316	Dominica	Hombres	4
1999	44	Teruel	06	Resto de América	316	Dominica	Mujeres	1
1999	44	Teruel	06	Resto de América	321	Honduras	Hombres	4
1999	44	Teruel	06	Resto de América	321	Honduras	Mujeres	6
1999	44	Teruel	06	Resto de América	326	República Dominicana	Hombres	5
1999	44	Teruel	06	Resto de América	326	República Dominicana	Mujeres	41
1999	44	Teruel	06	Resto de América	340	Argentina	Hombres	4
1999	44	Teruel	06	Resto de América	340	Argentina	Mujeres	7
1999	44	Teruel	06	Resto de América	342	Brasil	Hombres	6
1999	44	Teruel	06	Resto de América	342	Brasil	Mujeres	17
1999	44	Teruel	06	Resto de América	343	Colombia	Hombres	1
1999	44	Teruel	06	Resto de América	343	Colombia	Mujeres	4
1999	44	Teruel	06	Resto de América	344	Chile	Hombres	2
1999	44	Teruel	06	Resto de América	344	Chile	Mujeres	2
1999	44	Teruel	06	Resto de América	345	Ecuador	Hombres	1
1999	44	Teruel	06	Resto de América	345	Ecuador	Mujeres	2
1999	44	Teruel	06	Resto de América	348	Perú	Mujeres	5
1999	44	Teruel	06	Resto de América	350	Uruguay	Hombres	2
1999	44	Teruel	06	Resto de América	350	Uruguay	Mujeres	1
1999	44	Teruel	06	Resto de América	351	Venezuela	Hombres	1
1999	44	Teruel	06	Resto de América	351	Venezuela	Mujeres	4
1999	44	Teruel	07	Asia	407	China	Hombres	5
1999	44	Teruel	07	Asia	407	China	Mujeres	1
1999	44	Teruel	07	Asia	413	Irán	Hombres	2
1999	44	Teruel	07	Asia	420	Líbano	Hombres	1
1999	44	Teruel	07	Asia	426	Pakistán	Hombres	33
1999	44	Teruel	07	Asia	426	Pakistán	Mujeres	13
1999	50	Zaragoza	01	UE-15	102	Austria	Hombres	2
1999	50	Zaragoza	01	UE-15	102	Austria	Mujeres	6
1999	50	Zaragoza	01	UE-15	103	Bélgica	Hombres	21
1999	50	Zaragoza	01	UE-15	103	Bélgica	Mujeres	17
1999	50	Zaragoza	01	UE-15	107	Dinamarca	Hombres	7
1999	50	Zaragoza	01	UE-15	107	Dinamarca	Mujeres	2
1999	50	Zaragoza	01	UE-15	109	Finlandia	Hombres	2
1999	50	Zaragoza	01	UE-15	109	Finlandia	Mujeres	2
1999	50	Zaragoza	01	UE-15	110	Francia	Hombres	201
1999	50	Zaragoza	01	UE-15	110	Francia	Mujeres	313
1999	50	Zaragoza	01	UE-15	111	Grecia	Hombres	3
1999	50	Zaragoza	01	UE-15	111	Grecia	Mujeres	1
1999	50	Zaragoza	01	UE-15	113	Irlanda	Hombres	10
1999	50	Zaragoza	01	UE-15	113	Irlanda	Mujeres	17
1999	50	Zaragoza	01	UE-15	115	Italia	Hombres	135
1999	50	Zaragoza	01	UE-15	115	Italia	Mujeres	60
1999	50	Zaragoza	01	UE-15	117	Luxemburgo	Hombres	1
1999	50	Zaragoza	01	UE-15	121	Países Bajos	Hombres	33
1999	50	Zaragoza	01	UE-15	121	Países Bajos	Mujeres	23
1999	50	Zaragoza	01	UE-15	123	Portugal	Hombres	233
1999	50	Zaragoza	01	UE-15	123	Portugal	Mujeres	231
1999	50	Zaragoza	01	UE-15	125	Reino Unido	Hombres	90
1999	50	Zaragoza	01	UE-15	125	Reino Unido	Mujeres	85
1999	50	Zaragoza	01	UE-15	126	Alemania	Hombres	99
1999	50	Zaragoza	01	UE-15	126	Alemania	Mujeres	99
1999	50	Zaragoza	01	UE-15	131	Suecia	Hombres	6
1999	50	Zaragoza	01	UE-15	131	Suecia	Mujeres	5
1999	50	Zaragoza	02	Resto de Europa	101	Albania	Hombres	1
1999	50	Zaragoza	02	Resto de Europa	101	Albania	Mujeres	1
1999	50	Zaragoza	02	Resto de Europa	104	Bulgaria	Hombres	3
1999	50	Zaragoza	02	Resto de Europa	104	Bulgaria	Mujeres	2
1999	50	Zaragoza	02	Resto de Europa	112	Hungría	Hombres	2
1999	50	Zaragoza	02	Resto de Europa	112	Hungría	Mujeres	1
1999	50	Zaragoza	02	Resto de Europa	118	Malta	Hombres	1
1999	50	Zaragoza	02	Resto de Europa	120	Noruega	Hombres	4
1999	50	Zaragoza	02	Resto de Europa	120	Noruega	Mujeres	7
1999	50	Zaragoza	02	Resto de Europa	122	Polonia	Hombres	34
1999	50	Zaragoza	02	Resto de Europa	122	Polonia	Mujeres	31
1999	50	Zaragoza	02	Resto de Europa	124	Andorra	Hombres	4
1999	50	Zaragoza	02	Resto de Europa	124	Andorra	Mujeres	5
1999	50	Zaragoza	02	Resto de Europa	128	Rumanía	Hombres	27
1999	50	Zaragoza	02	Resto de Europa	128	Rumanía	Mujeres	21
1999	50	Zaragoza	02	Resto de Europa	132	Suiza	Hombres	22
1999	50	Zaragoza	02	Resto de Europa	132	Suiza	Mujeres	19
1999	50	Zaragoza	02	Resto de Europa	135	Ucrania	Hombres	3
1999	50	Zaragoza	02	Resto de Europa	135	Ucrania	Mujeres	6
1999	50	Zaragoza	02	Resto de Europa	138	Bielorrusia	Hombres	3
1999	50	Zaragoza	02	Resto de Europa	138	Bielorrusia	Mujeres	6
1999	50	Zaragoza	02	Resto de Europa	143	República Checa	Mujeres	7
1999	50	Zaragoza	02	Resto de Europa	144	Eslovaquia	Mujeres	1
1999	50	Zaragoza	02	Resto de Europa	145	Bosnia-Herzegovina	Hombres	13
1999	50	Zaragoza	02	Resto de Europa	145	Bosnia-Herzegovina	Mujeres	14
1999	50	Zaragoza	02	Resto de Europa	146	Croacia	Hombres	1
1999	50	Zaragoza	02	Resto de Europa	146	Croacia	Mujeres	2
1999	50	Zaragoza	02	Resto de Europa	147	Eslovenia	Mujeres	1
1999	50	Zaragoza	02	Resto de Europa	148	Armenia	Hombres	2
1999	50	Zaragoza	02	Resto de Europa	148	Armenia	Mujeres	2
1999	50	Zaragoza	02	Resto de Europa	154	Rusia	Hombres	3
1999	50	Zaragoza	02	Resto de Europa	154	Rusia	Mujeres	20
1999	50	Zaragoza	02	Resto de Europa	155	Yugoslavia	Hombres	11
1999	50	Zaragoza	02	Resto de Europa	155	Yugoslavia	Mujeres	2
1999	50	Zaragoza	02	Resto de Europa	199	Países sin relaciones diplomáticas	Mujeres	1
1999	50	Zaragoza	02	Resto de Europa	436	Turquía	Hombres	4
1999	50	Zaragoza	03	Magreb	203	Argelia	Hombres	237
1999	50	Zaragoza	03	Magreb	203	Argelia	Mujeres	28
1999	50	Zaragoza	03	Magreb	228	Marruecos	Hombres	658
1999	50	Zaragoza	03	Magreb	228	Marruecos	Mujeres	329
1999	50	Zaragoza	03	Magreb	230	Mauritania	Hombres	12
1999	50	Zaragoza	03	Magreb	230	Mauritania	Mujeres	8
1999	50	Zaragoza	03	Magreb	248	Túnez	Hombres	6
1999	50	Zaragoza	03	Magreb	248	Túnez	Mujeres	5
1999	50	Zaragoza	04	Resto de África	202	Angola	Hombres	26
1999	50	Zaragoza	04	Resto de África	202	Angola	Mujeres	17
1999	50	Zaragoza	04	Resto de África	204	Benin	Hombres	1
1999	50	Zaragoza	04	Resto de África	204	Benin	Mujeres	1
1999	50	Zaragoza	04	Resto de África	206	Burundi	Hombres	1
1999	50	Zaragoza	04	Resto de África	207	Cabo Verde	Hombres	86
1999	50	Zaragoza	04	Resto de África	207	Cabo Verde	Mujeres	75
1999	50	Zaragoza	04	Resto de África	208	Camerún	Hombres	4
1999	50	Zaragoza	04	Resto de África	208	Camerún	Mujeres	10
1999	50	Zaragoza	04	Resto de África	210	Congo	Hombres	3
1999	50	Zaragoza	04	Resto de África	210	Congo	Mujeres	1
1999	50	Zaragoza	04	Resto de África	211	Costa de Marfil	Hombres	13
1999	50	Zaragoza	04	Resto de África	213	Egipto	Hombres	18
1999	50	Zaragoza	04	Resto de África	213	Egipto	Mujeres	2
1999	50	Zaragoza	04	Resto de África	215	Gabón	Hombres	2
1999	50	Zaragoza	04	Resto de África	216	Gambia	Hombres	122
1999	50	Zaragoza	04	Resto de África	216	Gambia	Mujeres	76
1999	50	Zaragoza	04	Resto de África	217	Ghana	Hombres	47
1999	50	Zaragoza	04	Resto de África	217	Ghana	Mujeres	11
1999	50	Zaragoza	04	Resto de África	218	Guinea	Hombres	47
1999	50	Zaragoza	04	Resto de África	218	Guinea	Mujeres	62
1999	50	Zaragoza	04	Resto de África	219	Guinea Bissau	Hombres	2
1999	50	Zaragoza	04	Resto de África	220	Guinea Ecuatorial	Hombres	70
1999	50	Zaragoza	04	Resto de África	220	Guinea Ecuatorial	Mujeres	106
1999	50	Zaragoza	04	Resto de África	221	Kenia	Mujeres	1
1999	50	Zaragoza	04	Resto de África	222	Lesotho	Hombres	1
1999	50	Zaragoza	04	Resto de África	223	Liberia	Hombres	49
1999	50	Zaragoza	04	Resto de África	223	Liberia	Mujeres	14
1999	50	Zaragoza	04	Resto de África	225	Madagascar	Hombres	1
1999	50	Zaragoza	04	Resto de África	227	Mali	Hombres	14
1999	50	Zaragoza	04	Resto de África	227	Mali	Mujeres	1
1999	50	Zaragoza	04	Resto de África	229	Mauricio	Hombres	1
1999	50	Zaragoza	04	Resto de África	231	Mozambique	Hombres	1
1999	50	Zaragoza	04	Resto de África	232	Namibia	Hombres	1
1999	50	Zaragoza	04	Resto de África	233	Níger	Hombres	1
1999	50	Zaragoza	04	Resto de África	234	Nigeria	Hombres	19
1999	50	Zaragoza	04	Resto de África	234	Nigeria	Mujeres	9
1999	50	Zaragoza	04	Resto de África	235	República Centroafricana	Hombres	1
1999	50	Zaragoza	04	Resto de África	235	República Centroafricana	Mujeres	1
1999	50	Zaragoza	04	Resto de África	236	Sudáfrica	Hombres	4
1999	50	Zaragoza	04	Resto de África	236	Sudáfrica	Mujeres	4
1999	50	Zaragoza	04	Resto de África	237	Ruanda	Hombres	4
1999	50	Zaragoza	04	Resto de África	239	Senegal	Hombres	136
1999	50	Zaragoza	04	Resto de África	239	Senegal	Mujeres	27
1999	50	Zaragoza	04	Resto de África	241	Sierra Leona	Hombres	5
1999	50	Zaragoza	04	Resto de África	241	Sierra Leona	Mujeres	3
1999	50	Zaragoza	04	Resto de África	246	Chad	Hombres	1
1999	50	Zaragoza	04	Resto de África	247	Togo	Hombres	4
1999	50	Zaragoza	04	Resto de África	250	Rep. Democrática del Congo	Hombres	17
1999	50	Zaragoza	04	Resto de África	250	Rep. Democrática del Congo	Mujeres	6
1999	50	Zaragoza	05	América del Norte	301	Canadá	Hombres	8
1999	50	Zaragoza	05	América del Norte	301	Canadá	Mujeres	7
1999	50	Zaragoza	05	América del Norte	302	Estados Unidos de América	Hombres	164
1999	50	Zaragoza	05	América del Norte	302	Estados Unidos de América	Mujeres	110
1999	50	Zaragoza	06	Resto de América	303	México	Hombres	11
1999	50	Zaragoza	06	Resto de América	303	México	Mujeres	40
1999	50	Zaragoza	06	Resto de América	314	Costa Rica	Hombres	4
1999	50	Zaragoza	06	Resto de América	314	Costa Rica	Mujeres	2
1999	50	Zaragoza	06	Resto de América	315	Cuba	Hombres	61
1999	50	Zaragoza	06	Resto de América	315	Cuba	Mujeres	129
1999	50	Zaragoza	06	Resto de América	316	Dominica	Mujeres	2
1999	50	Zaragoza	06	Resto de América	317	El Salvador	Hombres	3
1999	50	Zaragoza	06	Resto de América	317	El Salvador	Mujeres	3
1999	50	Zaragoza	06	Resto de América	319	Guatemala	Hombres	3
1999	50	Zaragoza	06	Resto de América	319	Guatemala	Mujeres	7
1999	50	Zaragoza	06	Resto de América	320	Haití	Hombres	1
1999	50	Zaragoza	06	Resto de América	321	Honduras	Hombres	15
1999	50	Zaragoza	06	Resto de América	321	Honduras	Mujeres	29
1999	50	Zaragoza	06	Resto de América	322	Jamaica	Hombres	2
1999	50	Zaragoza	06	Resto de América	323	Nicaragua	Hombres	9
1999	50	Zaragoza	06	Resto de América	323	Nicaragua	Mujeres	5
1999	50	Zaragoza	06	Resto de América	324	Panamá	Hombres	6
1999	50	Zaragoza	06	Resto de América	324	Panamá	Mujeres	8
1999	50	Zaragoza	06	Resto de América	326	República Dominicana	Hombres	64
1999	50	Zaragoza	06	Resto de América	326	República Dominicana	Mujeres	217
1999	50	Zaragoza	06	Resto de América	340	Argentina	Hombres	97
1999	50	Zaragoza	06	Resto de América	340	Argentina	Mujeres	121
1999	50	Zaragoza	06	Resto de América	341	Bolivia	Hombres	9
1999	50	Zaragoza	06	Resto de América	341	Bolivia	Mujeres	10
1999	50	Zaragoza	06	Resto de América	342	Brasil	Hombres	28
1999	50	Zaragoza	06	Resto de América	342	Brasil	Mujeres	72
1999	50	Zaragoza	06	Resto de América	343	Colombia	Hombres	47
1999	50	Zaragoza	06	Resto de América	343	Colombia	Mujeres	101
1999	50	Zaragoza	06	Resto de América	344	Chile	Hombres	24
1999	50	Zaragoza	06	Resto de América	344	Chile	Mujeres	54
1999	50	Zaragoza	06	Resto de América	345	Ecuador	Hombres	48
1999	50	Zaragoza	06	Resto de América	345	Ecuador	Mujeres	46
1999	50	Zaragoza	06	Resto de América	347	Paraguay	Hombres	3
1999	50	Zaragoza	06	Resto de América	347	Paraguay	Mujeres	7
1999	50	Zaragoza	06	Resto de América	348	Perú	Hombres	89
1999	50	Zaragoza	06	Resto de América	348	Perú	Mujeres	126
1999	50	Zaragoza	06	Resto de América	350	Uruguay	Hombres	20
1999	50	Zaragoza	06	Resto de América	350	Uruguay	Mujeres	20
1999	50	Zaragoza	06	Resto de América	351	Venezuela	Hombres	68
1999	50	Zaragoza	06	Resto de América	351	Venezuela	Mujeres	66
1999	50	Zaragoza	07	Asia	402	Arabia Saudí	Hombres	1
1999	50	Zaragoza	07	Asia	407	China	Hombres	93
1999	50	Zaragoza	07	Asia	407	China	Mujeres	90
1999	50	Zaragoza	07	Asia	409	Filipinas	Hombres	3
1999	50	Zaragoza	07	Asia	409	Filipinas	Mujeres	10
1999	50	Zaragoza	07	Asia	410	India	Hombres	7
1999	50	Zaragoza	07	Asia	410	India	Mujeres	11
1999	50	Zaragoza	07	Asia	412	Irak	Hombres	1
1999	50	Zaragoza	07	Asia	413	Irán	Hombres	3
1999	50	Zaragoza	07	Asia	413	Irán	Mujeres	1
1999	50	Zaragoza	07	Asia	414	Israel	Hombres	3
1999	50	Zaragoza	07	Asia	414	Israel	Mujeres	2
1999	50	Zaragoza	07	Asia	415	Japón	Hombres	1
1999	50	Zaragoza	07	Asia	415	Japón	Mujeres	4
1999	50	Zaragoza	07	Asia	416	Jordania	Hombres	18
1999	50	Zaragoza	07	Asia	416	Jordania	Mujeres	8
1999	50	Zaragoza	07	Asia	419	Laos	Hombres	2
1999	50	Zaragoza	07	Asia	419	Laos	Mujeres	4
1999	50	Zaragoza	07	Asia	420	Líbano	Hombres	16
1999	50	Zaragoza	07	Asia	420	Líbano	Mujeres	5
1999	50	Zaragoza	07	Asia	421	Malasia	Hombres	1
1999	50	Zaragoza	07	Asia	421	Malasia	Mujeres	2
1999	50	Zaragoza	07	Asia	426	Pakistán	Hombres	10
1999	50	Zaragoza	07	Asia	430	República de Corea	Hombres	9
1999	50	Zaragoza	07	Asia	430	República de Corea	Mujeres	11
1999	50	Zaragoza	07	Asia	433	Siria	Hombres	15
1999	50	Zaragoza	07	Asia	433	Siria	Mujeres	8
1999	50	Zaragoza	07	Asia	435	Tailandia	Hombres	1
1999	50	Zaragoza	07	Asia	435	Tailandia	Mujeres	2
1999	50	Zaragoza	07	Asia	437	Vietnam	Hombres	1
1999	50	Zaragoza	07	Asia	437	Vietnam	Mujeres	1
1999	50	Zaragoza	07	Asia	443	Kazajstan	Hombres	1
1999	50	Zaragoza	07	Asia	443	Kazajstan	Mujeres	1
1999	50	Zaragoza	08	Oceanía	501	Australia	Hombres	6
1999	50	Zaragoza	08	Oceanía	501	Australia	Mujeres	1
1999	50	Zaragoza	08	Oceanía	504	Nueva Zelanda	Mujeres	2
1999	50	Zaragoza	08	Oceanía	511	Micronesia	Mujeres	1
1999	50	Zaragoza	09	Apátridas y no consta	555	Apátridas	Hombres	4
1999	50	Zaragoza	09	Apátridas y no consta	555	Apátridas	Mujeres	3
2000	22	Huesca	01	UE-15	102	Austria	Hombres	7
2000	22	Huesca	01	UE-15	102	Austria	Mujeres	2
2000	22	Huesca	01	UE-15	103	Bélgica	Hombres	13
2000	22	Huesca	01	UE-15	103	Bélgica	Mujeres	10
2000	22	Huesca	01	UE-15	107	Dinamarca	Mujeres	2
2000	22	Huesca	01	UE-15	109	Finlandia	Mujeres	1
2000	22	Huesca	01	UE-15	110	Francia	Hombres	119
2000	22	Huesca	01	UE-15	110	Francia	Mujeres	167
2000	22	Huesca	01	UE-15	111	Grecia	Hombres	1
2000	22	Huesca	01	UE-15	113	Irlanda	Hombres	5
2000	22	Huesca	01	UE-15	113	Irlanda	Mujeres	2
2000	22	Huesca	01	UE-15	115	Italia	Hombres	20
2000	22	Huesca	01	UE-15	115	Italia	Mujeres	14
2000	22	Huesca	01	UE-15	121	Países Bajos	Hombres	15
2000	22	Huesca	01	UE-15	121	Países Bajos	Mujeres	14
2000	22	Huesca	01	UE-15	123	Portugal	Hombres	40
2000	22	Huesca	01	UE-15	123	Portugal	Mujeres	36
2000	22	Huesca	01	UE-15	125	Reino Unido	Hombres	21
2000	22	Huesca	01	UE-15	125	Reino Unido	Mujeres	31
2000	22	Huesca	01	UE-15	126	Alemania	Hombres	34
2000	22	Huesca	01	UE-15	126	Alemania	Mujeres	25
2000	22	Huesca	02	Resto de Europa	104	Bulgaria	Hombres	5
2000	22	Huesca	02	Resto de Europa	104	Bulgaria	Mujeres	2
2000	22	Huesca	02	Resto de Europa	112	Hungría	Hombres	2
2000	22	Huesca	02	Resto de Europa	122	Polonia	Hombres	8
2000	22	Huesca	02	Resto de Europa	122	Polonia	Mujeres	12
2000	22	Huesca	02	Resto de Europa	128	Rumanía	Hombres	13
2000	22	Huesca	02	Resto de Europa	128	Rumanía	Mujeres	7
2000	22	Huesca	02	Resto de Europa	132	Suiza	Hombres	14
2000	22	Huesca	02	Resto de Europa	132	Suiza	Mujeres	14
2000	22	Huesca	02	Resto de Europa	135	Ucrania	Hombres	5
2000	22	Huesca	02	Resto de Europa	135	Ucrania	Mujeres	1
2000	22	Huesca	02	Resto de Europa	138	Bielorrusia	Hombres	2
2000	22	Huesca	02	Resto de Europa	138	Bielorrusia	Mujeres	2
2000	22	Huesca	02	Resto de Europa	143	República Checa	Mujeres	1
2000	22	Huesca	02	Resto de Europa	144	Eslovaquia	Mujeres	1
2000	22	Huesca	02	Resto de Europa	154	Rusia	Hombres	1
2000	22	Huesca	02	Resto de Europa	154	Rusia	Mujeres	3
2000	22	Huesca	02	Resto de Europa	199	Países sin relaciones diplomáticas	Hombres	1
2000	22	Huesca	02	Resto de Europa	199	Países sin relaciones diplomáticas	Mujeres	2
2000	22	Huesca	03	Magreb	203	Argelia	Hombres	124
2000	22	Huesca	03	Magreb	203	Argelia	Mujeres	21
2000	22	Huesca	03	Magreb	228	Marruecos	Hombres	282
2000	22	Huesca	03	Magreb	228	Marruecos	Mujeres	120
2000	22	Huesca	03	Magreb	230	Mauritania	Hombres	6
2000	22	Huesca	03	Magreb	230	Mauritania	Mujeres	1
2000	22	Huesca	03	Magreb	248	Túnez	Hombres	2
2000	22	Huesca	04	Resto de África	201	Burkina Fasso	Hombres	2
2000	22	Huesca	04	Resto de África	202	Angola	Hombres	1
2000	22	Huesca	04	Resto de África	202	Angola	Mujeres	1
2000	22	Huesca	04	Resto de África	207	Cabo Verde	Hombres	2
2000	22	Huesca	04	Resto de África	207	Cabo Verde	Mujeres	2
2000	22	Huesca	04	Resto de África	208	Camerún	Hombres	6
2000	22	Huesca	04	Resto de África	208	Camerún	Mujeres	2
2000	22	Huesca	04	Resto de África	209	Comores	Mujeres	1
2000	22	Huesca	04	Resto de África	210	Congo	Hombres	2
2000	22	Huesca	04	Resto de África	211	Costa de Marfil	Hombres	6
2000	22	Huesca	04	Resto de África	216	Gambia	Hombres	141
2000	22	Huesca	04	Resto de África	216	Gambia	Mujeres	55
2000	22	Huesca	04	Resto de África	217	Ghana	Hombres	9
2000	22	Huesca	04	Resto de África	217	Ghana	Mujeres	9
2000	22	Huesca	04	Resto de África	218	Guinea	Hombres	20
2000	22	Huesca	04	Resto de África	218	Guinea	Mujeres	2
2000	22	Huesca	04	Resto de África	219	Guinea Bissau	Hombres	1
2000	22	Huesca	04	Resto de África	220	Guinea Ecuatorial	Hombres	2
2000	22	Huesca	04	Resto de África	220	Guinea Ecuatorial	Mujeres	4
2000	22	Huesca	04	Resto de África	221	Kenia	Mujeres	6
2000	22	Huesca	04	Resto de África	223	Liberia	Hombres	6
2000	22	Huesca	04	Resto de África	223	Liberia	Mujeres	1
2000	22	Huesca	04	Resto de África	227	Mali	Hombres	55
2000	22	Huesca	04	Resto de África	227	Mali	Mujeres	8
2000	22	Huesca	04	Resto de África	234	Nigeria	Mujeres	1
2000	22	Huesca	04	Resto de África	236	Sudáfrica	Hombres	2
2000	22	Huesca	04	Resto de África	237	Ruanda	Hombres	2
2000	22	Huesca	04	Resto de África	239	Senegal	Hombres	31
2000	22	Huesca	04	Resto de África	239	Senegal	Mujeres	4
2000	22	Huesca	04	Resto de África	241	Sierra Leona	Hombres	2
2000	22	Huesca	04	Resto de África	242	Somalia	Hombres	5
2000	22	Huesca	04	Resto de África	250	Rep. Democrática del Congo	Hombres	1
2000	22	Huesca	05	América del Norte	301	Canadá	Hombres	3
2000	22	Huesca	05	América del Norte	302	Estados Unidos de América	Hombres	21
2000	22	Huesca	05	América del Norte	302	Estados Unidos de América	Mujeres	26
2000	22	Huesca	06	Resto de América	303	México	Hombres	4
2000	22	Huesca	06	Resto de América	303	México	Mujeres	9
2000	22	Huesca	06	Resto de América	314	Costa Rica	Hombres	1
2000	22	Huesca	06	Resto de América	315	Cuba	Hombres	20
2000	22	Huesca	06	Resto de América	315	Cuba	Mujeres	42
2000	22	Huesca	06	Resto de América	316	Dominica	Hombres	1
2000	22	Huesca	06	Resto de América	316	Dominica	Mujeres	8
2000	22	Huesca	06	Resto de América	317	El Salvador	Hombres	1
2000	22	Huesca	06	Resto de América	317	El Salvador	Mujeres	2
2000	22	Huesca	06	Resto de América	318	Granada	Hombres	1
2000	22	Huesca	06	Resto de América	319	Guatemala	Hombres	2
2000	22	Huesca	06	Resto de América	319	Guatemala	Mujeres	2
2000	22	Huesca	06	Resto de América	320	Haití	Mujeres	1
2000	22	Huesca	06	Resto de América	321	Honduras	Hombres	2
2000	22	Huesca	06	Resto de América	321	Honduras	Mujeres	6
2000	22	Huesca	06	Resto de América	323	Nicaragua	Hombres	1
2000	22	Huesca	06	Resto de América	323	Nicaragua	Mujeres	2
2000	22	Huesca	06	Resto de América	326	República Dominicana	Hombres	19
2000	22	Huesca	06	Resto de América	326	República Dominicana	Mujeres	79
2000	22	Huesca	06	Resto de América	340	Argentina	Hombres	22
2000	22	Huesca	06	Resto de América	340	Argentina	Mujeres	27
2000	22	Huesca	06	Resto de América	342	Brasil	Hombres	3
2000	22	Huesca	06	Resto de América	342	Brasil	Mujeres	10
2000	22	Huesca	06	Resto de América	343	Colombia	Hombres	10
2000	22	Huesca	06	Resto de América	343	Colombia	Mujeres	31
2000	22	Huesca	06	Resto de América	344	Chile	Hombres	3
2000	22	Huesca	06	Resto de América	344	Chile	Mujeres	8
2000	22	Huesca	06	Resto de América	345	Ecuador	Hombres	9
2000	22	Huesca	06	Resto de América	345	Ecuador	Mujeres	11
2000	22	Huesca	06	Resto de América	347	Paraguay	Hombres	1
2000	22	Huesca	06	Resto de América	348	Perú	Hombres	17
2000	22	Huesca	06	Resto de América	348	Perú	Mujeres	26
2000	22	Huesca	06	Resto de América	350	Uruguay	Hombres	2
2000	22	Huesca	06	Resto de América	351	Venezuela	Hombres	2
2000	22	Huesca	06	Resto de América	351	Venezuela	Mujeres	9
2000	22	Huesca	07	Asia	401	Afganistán	Hombres	1
2000	22	Huesca	07	Asia	407	China	Hombres	21
2000	22	Huesca	07	Asia	407	China	Mujeres	16
2000	22	Huesca	07	Asia	409	Filipinas	Hombres	1
2000	22	Huesca	07	Asia	409	Filipinas	Mujeres	4
2000	22	Huesca	07	Asia	410	India	Mujeres	1
2000	22	Huesca	07	Asia	411	Indonesia	Mujeres	1
2000	22	Huesca	07	Asia	415	Japón	Hombres	1
2000	22	Huesca	07	Asia	416	Jordania	Hombres	1
2000	22	Huesca	07	Asia	419	Laos	Hombres	2
2000	22	Huesca	07	Asia	419	Laos	Mujeres	2
2000	22	Huesca	07	Asia	420	Líbano	Hombres	2
2000	22	Huesca	07	Asia	420	Líbano	Mujeres	1
2000	22	Huesca	07	Asia	423	Mongolia	Mujeres	1
2000	22	Huesca	07	Asia	426	Pakistán	Hombres	1
2000	22	Huesca	07	Asia	430	República de Corea	Hombres	4
2000	22	Huesca	07	Asia	430	República de Corea	Mujeres	3
2000	22	Huesca	07	Asia	433	Siria	Hombres	2
2000	22	Huesca	07	Asia	433	Siria	Mujeres	1
2000	22	Huesca	07	Asia	435	Tailandia	Mujeres	3
2000	22	Huesca	07	Asia	499	Países sin relaciones diplomáticas	Mujeres	1
2000	22	Huesca	08	Oceanía	501	Australia	Hombres	4
2000	22	Huesca	08	Oceanía	501	Australia	Mujeres	3
2000	22	Huesca	08	Oceanía	511	Micronesia	Hombres	2
2000	22	Huesca	08	Oceanía	512	Tuvalu	Hombres	2
2000	22	Huesca	08	Oceanía	512	Tuvalu	Mujeres	1
2000	44	Teruel	01	UE-15	102	Austria	Hombres	1
2000	44	Teruel	01	UE-15	103	Bélgica	Hombres	2
2000	44	Teruel	01	UE-15	103	Bélgica	Mujeres	5
2000	44	Teruel	01	UE-15	110	Francia	Hombres	31
2000	44	Teruel	01	UE-15	110	Francia	Mujeres	43
2000	44	Teruel	01	UE-15	111	Grecia	Hombres	2
2000	44	Teruel	01	UE-15	113	Irlanda	Hombres	1
2000	44	Teruel	01	UE-15	113	Irlanda	Mujeres	1
2000	44	Teruel	01	UE-15	115	Italia	Hombres	11
2000	44	Teruel	01	UE-15	115	Italia	Mujeres	3
2000	44	Teruel	01	UE-15	121	Países Bajos	Hombres	2
2000	44	Teruel	01	UE-15	121	Países Bajos	Mujeres	3
2000	44	Teruel	01	UE-15	123	Portugal	Hombres	32
2000	44	Teruel	01	UE-15	123	Portugal	Mujeres	21
2000	44	Teruel	01	UE-15	125	Reino Unido	Hombres	12
2000	44	Teruel	01	UE-15	125	Reino Unido	Mujeres	10
2000	44	Teruel	01	UE-15	126	Alemania	Hombres	11
2000	44	Teruel	01	UE-15	126	Alemania	Mujeres	10
2000	44	Teruel	02	Resto de Europa	101	Albania	Hombres	2
2000	44	Teruel	02	Resto de Europa	104	Bulgaria	Hombres	3
2000	44	Teruel	02	Resto de Europa	104	Bulgaria	Mujeres	3
2000	44	Teruel	02	Resto de Europa	120	Noruega	Hombres	1
2000	44	Teruel	02	Resto de Europa	122	Polonia	Hombres	10
2000	44	Teruel	02	Resto de Europa	122	Polonia	Mujeres	4
2000	44	Teruel	02	Resto de Europa	128	Rumanía	Hombres	7
2000	44	Teruel	02	Resto de Europa	128	Rumanía	Mujeres	5
2000	44	Teruel	02	Resto de Europa	132	Suiza	Hombres	1
2000	44	Teruel	02	Resto de Europa	132	Suiza	Mujeres	4
2000	44	Teruel	02	Resto de Europa	143	República Checa	Hombres	3
2000	44	Teruel	02	Resto de Europa	143	República Checa	Mujeres	2
2000	44	Teruel	02	Resto de Europa	155	Yugoslavia	Hombres	12
2000	44	Teruel	02	Resto de Europa	155	Yugoslavia	Mujeres	12
2000	44	Teruel	03	Magreb	203	Argelia	Hombres	19
2000	44	Teruel	03	Magreb	203	Argelia	Mujeres	4
2000	44	Teruel	03	Magreb	228	Marruecos	Hombres	224
2000	44	Teruel	03	Magreb	228	Marruecos	Mujeres	52
2000	44	Teruel	04	Resto de África	202	Angola	Hombres	1
2000	44	Teruel	04	Resto de África	207	Cabo Verde	Hombres	24
2000	44	Teruel	04	Resto de África	207	Cabo Verde	Mujeres	17
2000	44	Teruel	04	Resto de África	210	Congo	Hombres	1
2000	44	Teruel	04	Resto de África	216	Gambia	Hombres	9
2000	44	Teruel	04	Resto de África	216	Gambia	Mujeres	9
2000	44	Teruel	04	Resto de África	218	Guinea	Hombres	2
2000	44	Teruel	04	Resto de África	220	Guinea Ecuatorial	Mujeres	3
2000	44	Teruel	04	Resto de África	234	Nigeria	Hombres	3
2000	44	Teruel	04	Resto de África	234	Nigeria	Mujeres	6
2000	44	Teruel	04	Resto de África	239	Senegal	Hombres	16
2000	44	Teruel	04	Resto de África	239	Senegal	Mujeres	2
2000	44	Teruel	05	América del Norte	301	Canadá	Hombres	1
2000	44	Teruel	05	América del Norte	302	Estados Unidos de América	Hombres	3
2000	44	Teruel	05	América del Norte	302	Estados Unidos de América	Mujeres	2
2000	44	Teruel	06	Resto de América	303	México	Mujeres	2
2000	44	Teruel	06	Resto de América	314	Costa Rica	Hombres	1
2000	44	Teruel	06	Resto de América	315	Cuba	Hombres	6
2000	44	Teruel	06	Resto de América	315	Cuba	Mujeres	12
2000	44	Teruel	06	Resto de América	316	Dominica	Hombres	3
2000	44	Teruel	06	Resto de América	316	Dominica	Mujeres	1
2000	44	Teruel	06	Resto de América	321	Honduras	Hombres	4
2000	44	Teruel	06	Resto de América	321	Honduras	Mujeres	6
2000	44	Teruel	06	Resto de América	326	República Dominicana	Hombres	4
2000	44	Teruel	06	Resto de América	326	República Dominicana	Mujeres	42
2000	44	Teruel	06	Resto de América	340	Argentina	Hombres	6
2000	44	Teruel	06	Resto de América	340	Argentina	Mujeres	8
2000	44	Teruel	06	Resto de América	342	Brasil	Hombres	4
2000	44	Teruel	06	Resto de América	342	Brasil	Mujeres	25
2000	44	Teruel	06	Resto de América	343	Colombia	Hombres	2
2000	44	Teruel	06	Resto de América	343	Colombia	Mujeres	6
2000	44	Teruel	06	Resto de América	344	Chile	Hombres	2
2000	44	Teruel	06	Resto de América	344	Chile	Mujeres	2
2000	44	Teruel	06	Resto de América	345	Ecuador	Hombres	2
2000	44	Teruel	06	Resto de América	345	Ecuador	Mujeres	3
2000	44	Teruel	06	Resto de América	347	Paraguay	Mujeres	1
2000	44	Teruel	06	Resto de América	348	Perú	Mujeres	4
2000	44	Teruel	06	Resto de América	350	Uruguay	Hombres	4
2000	44	Teruel	06	Resto de América	350	Uruguay	Mujeres	1
2000	44	Teruel	06	Resto de América	351	Venezuela	Hombres	1
2000	44	Teruel	06	Resto de América	351	Venezuela	Mujeres	5
2000	44	Teruel	07	Asia	407	China	Hombres	7
2000	44	Teruel	07	Asia	407	China	Mujeres	1
2000	44	Teruel	07	Asia	413	Irán	Hombres	2
2000	44	Teruel	07	Asia	420	Líbano	Hombres	1
2000	44	Teruel	07	Asia	426	Pakistán	Hombres	44
2000	44	Teruel	07	Asia	426	Pakistán	Mujeres	13
2000	50	Zaragoza	01	UE-15	102	Austria	Hombres	2
2000	50	Zaragoza	01	UE-15	102	Austria	Mujeres	6
2000	50	Zaragoza	01	UE-15	103	Bélgica	Hombres	26
2000	50	Zaragoza	01	UE-15	103	Bélgica	Mujeres	20
2000	50	Zaragoza	01	UE-15	107	Dinamarca	Hombres	7
2000	50	Zaragoza	01	UE-15	107	Dinamarca	Mujeres	2
2000	50	Zaragoza	01	UE-15	109	Finlandia	Hombres	2
2000	50	Zaragoza	01	UE-15	109	Finlandia	Mujeres	2
2000	50	Zaragoza	01	UE-15	110	Francia	Hombres	222
2000	50	Zaragoza	01	UE-15	110	Francia	Mujeres	323
2000	50	Zaragoza	01	UE-15	111	Grecia	Hombres	3
2000	50	Zaragoza	01	UE-15	111	Grecia	Mujeres	1
2000	50	Zaragoza	01	UE-15	113	Irlanda	Hombres	11
2000	50	Zaragoza	01	UE-15	113	Irlanda	Mujeres	18
2000	50	Zaragoza	01	UE-15	115	Italia	Hombres	147
2000	50	Zaragoza	01	UE-15	115	Italia	Mujeres	64
2000	50	Zaragoza	01	UE-15	121	Países Bajos	Hombres	40
2000	50	Zaragoza	01	UE-15	121	Países Bajos	Mujeres	30
2000	50	Zaragoza	01	UE-15	123	Portugal	Hombres	280
2000	50	Zaragoza	01	UE-15	123	Portugal	Mujeres	267
2000	50	Zaragoza	01	UE-15	125	Reino Unido	Hombres	93
2000	50	Zaragoza	01	UE-15	125	Reino Unido	Mujeres	95
2000	50	Zaragoza	01	UE-15	126	Alemania	Hombres	108
2000	50	Zaragoza	01	UE-15	126	Alemania	Mujeres	105
2000	50	Zaragoza	01	UE-15	131	Suecia	Hombres	6
2000	50	Zaragoza	01	UE-15	131	Suecia	Mujeres	4
2000	50	Zaragoza	02	Resto de Europa	101	Albania	Hombres	3
2000	50	Zaragoza	02	Resto de Europa	101	Albania	Mujeres	3
2000	50	Zaragoza	02	Resto de Europa	104	Bulgaria	Hombres	18
2000	50	Zaragoza	02	Resto de Europa	104	Bulgaria	Mujeres	16
2000	50	Zaragoza	02	Resto de Europa	112	Hungría	Hombres	3
2000	50	Zaragoza	02	Resto de Europa	112	Hungría	Mujeres	1
2000	50	Zaragoza	02	Resto de Europa	118	Malta	Hombres	1
2000	50	Zaragoza	02	Resto de Europa	120	Noruega	Hombres	5
2000	50	Zaragoza	02	Resto de Europa	120	Noruega	Mujeres	7
2000	50	Zaragoza	02	Resto de Europa	122	Polonia	Hombres	38
2000	50	Zaragoza	02	Resto de Europa	122	Polonia	Mujeres	29
2000	50	Zaragoza	02	Resto de Europa	124	Andorra	Hombres	3
2000	50	Zaragoza	02	Resto de Europa	124	Andorra	Mujeres	5
2000	50	Zaragoza	02	Resto de Europa	128	Rumanía	Hombres	128
2000	50	Zaragoza	02	Resto de Europa	128	Rumanía	Mujeres	68
2000	50	Zaragoza	02	Resto de Europa	132	Suiza	Hombres	24
2000	50	Zaragoza	02	Resto de Europa	132	Suiza	Mujeres	18
2000	50	Zaragoza	02	Resto de Europa	135	Ucrania	Hombres	8
2000	50	Zaragoza	02	Resto de Europa	135	Ucrania	Mujeres	15
2000	50	Zaragoza	02	Resto de Europa	137	Moldova	Hombres	2
2000	50	Zaragoza	02	Resto de Europa	137	Moldova	Mujeres	1
2000	50	Zaragoza	02	Resto de Europa	138	Bielorrusia	Hombres	5
2000	50	Zaragoza	02	Resto de Europa	138	Bielorrusia	Mujeres	11
2000	50	Zaragoza	02	Resto de Europa	141	Estonia	Hombres	1
2000	50	Zaragoza	02	Resto de Europa	143	República Checa	Mujeres	8
2000	50	Zaragoza	02	Resto de Europa	144	Eslovaquia	Mujeres	1
2000	50	Zaragoza	02	Resto de Europa	145	Bosnia-Herzegovina	Hombres	13
2000	50	Zaragoza	02	Resto de Europa	145	Bosnia-Herzegovina	Mujeres	15
2000	50	Zaragoza	02	Resto de Europa	146	Croacia	Hombres	2
2000	50	Zaragoza	02	Resto de Europa	146	Croacia	Mujeres	2
2000	50	Zaragoza	02	Resto de Europa	147	Eslovenia	Mujeres	1
2000	50	Zaragoza	02	Resto de Europa	148	Armenia	Hombres	2
2000	50	Zaragoza	02	Resto de Europa	148	Armenia	Mujeres	2
2000	50	Zaragoza	02	Resto de Europa	154	Rusia	Hombres	14
2000	50	Zaragoza	02	Resto de Europa	154	Rusia	Mujeres	28
2000	50	Zaragoza	02	Resto de Europa	155	Yugoslavia	Hombres	12
2000	50	Zaragoza	02	Resto de Europa	155	Yugoslavia	Mujeres	2
2000	50	Zaragoza	02	Resto de Europa	199	Países sin relaciones diplomáticas	Mujeres	1
2000	50	Zaragoza	02	Resto de Europa	436	Turquía	Hombres	5
2000	50	Zaragoza	03	Magreb	203	Argelia	Hombres	365
2000	50	Zaragoza	03	Magreb	203	Argelia	Mujeres	78
2000	50	Zaragoza	03	Magreb	228	Marruecos	Hombres	949
2000	50	Zaragoza	03	Magreb	228	Marruecos	Mujeres	453
2000	50	Zaragoza	03	Magreb	230	Mauritania	Hombres	24
2000	50	Zaragoza	03	Magreb	230	Mauritania	Mujeres	10
2000	50	Zaragoza	03	Magreb	248	Túnez	Hombres	5
2000	50	Zaragoza	03	Magreb	248	Túnez	Mujeres	4
2000	50	Zaragoza	04	Resto de África	202	Angola	Hombres	27
2000	50	Zaragoza	04	Resto de África	202	Angola	Mujeres	19
2000	50	Zaragoza	04	Resto de África	204	Benin	Hombres	1
2000	50	Zaragoza	04	Resto de África	204	Benin	Mujeres	1
2000	50	Zaragoza	04	Resto de África	206	Burundi	Hombres	1
2000	50	Zaragoza	04	Resto de África	207	Cabo Verde	Hombres	100
2000	50	Zaragoza	04	Resto de África	207	Cabo Verde	Mujeres	92
2000	50	Zaragoza	04	Resto de África	208	Camerún	Hombres	15
2000	50	Zaragoza	04	Resto de África	208	Camerún	Mujeres	15
2000	50	Zaragoza	04	Resto de África	210	Congo	Hombres	22
2000	50	Zaragoza	04	Resto de África	210	Congo	Mujeres	9
2000	50	Zaragoza	04	Resto de África	211	Costa de Marfil	Hombres	14
2000	50	Zaragoza	04	Resto de África	211	Costa de Marfil	Mujeres	3
2000	50	Zaragoza	04	Resto de África	213	Egipto	Hombres	31
2000	50	Zaragoza	04	Resto de África	213	Egipto	Mujeres	3
2000	50	Zaragoza	04	Resto de África	215	Gabón	Hombres	2
2000	50	Zaragoza	04	Resto de África	216	Gambia	Hombres	191
2000	50	Zaragoza	04	Resto de África	216	Gambia	Mujeres	119
2000	50	Zaragoza	04	Resto de África	217	Ghana	Hombres	143
2000	50	Zaragoza	04	Resto de África	217	Ghana	Mujeres	28
2000	50	Zaragoza	04	Resto de África	218	Guinea	Hombres	69
2000	50	Zaragoza	04	Resto de África	218	Guinea	Mujeres	87
2000	50	Zaragoza	04	Resto de África	219	Guinea Bissau	Hombres	8
2000	50	Zaragoza	04	Resto de África	220	Guinea Ecuatorial	Hombres	80
2000	50	Zaragoza	04	Resto de África	220	Guinea Ecuatorial	Mujeres	132
2000	50	Zaragoza	04	Resto de África	221	Kenia	Mujeres	1
2000	50	Zaragoza	04	Resto de África	222	Lesotho	Hombres	1
2000	50	Zaragoza	04	Resto de África	223	Liberia	Hombres	56
2000	50	Zaragoza	04	Resto de África	223	Liberia	Mujeres	14
2000	50	Zaragoza	04	Resto de África	227	Mali	Hombres	23
2000	50	Zaragoza	04	Resto de África	227	Mali	Mujeres	2
2000	50	Zaragoza	04	Resto de África	229	Mauricio	Hombres	1
2000	50	Zaragoza	04	Resto de África	231	Mozambique	Hombres	1
2000	50	Zaragoza	04	Resto de África	232	Namibia	Hombres	1
2000	50	Zaragoza	04	Resto de África	233	Níger	Hombres	1
2000	50	Zaragoza	04	Resto de África	234	Nigeria	Hombres	30
2000	50	Zaragoza	04	Resto de África	234	Nigeria	Mujeres	16
2000	50	Zaragoza	04	Resto de África	235	República Centroafricana	Hombres	1
2000	50	Zaragoza	04	Resto de África	235	República Centroafricana	Mujeres	1
2000	50	Zaragoza	04	Resto de África	236	Sudáfrica	Hombres	5
2000	50	Zaragoza	04	Resto de África	236	Sudáfrica	Mujeres	5
2000	50	Zaragoza	04	Resto de África	237	Ruanda	Hombres	7
2000	50	Zaragoza	04	Resto de África	237	Ruanda	Mujeres	1
2000	50	Zaragoza	04	Resto de África	239	Senegal	Hombres	197
2000	50	Zaragoza	04	Resto de África	239	Senegal	Mujeres	36
2000	50	Zaragoza	04	Resto de África	241	Sierra Leona	Hombres	7
2000	50	Zaragoza	04	Resto de África	241	Sierra Leona	Mujeres	4
2000	50	Zaragoza	04	Resto de África	242	Somalia	Hombres	1
2000	50	Zaragoza	04	Resto de África	246	Chad	Hombres	2
2000	50	Zaragoza	04	Resto de África	247	Togo	Hombres	5
2000	50	Zaragoza	04	Resto de África	250	Rep. Democrática del Congo	Hombres	25
2000	50	Zaragoza	04	Resto de África	250	Rep. Democrática del Congo	Mujeres	6
2000	50	Zaragoza	05	América del Norte	301	Canadá	Hombres	8
2000	50	Zaragoza	05	América del Norte	301	Canadá	Mujeres	6
2000	50	Zaragoza	05	América del Norte	302	Estados Unidos de América	Hombres	184
2000	50	Zaragoza	05	América del Norte	302	Estados Unidos de América	Mujeres	117
2000	50	Zaragoza	06	Resto de América	303	México	Hombres	20
2000	50	Zaragoza	06	Resto de América	303	México	Mujeres	62
2000	50	Zaragoza	06	Resto de América	313	Belice	Hombres	1
2000	50	Zaragoza	06	Resto de América	314	Costa Rica	Hombres	5
2000	50	Zaragoza	06	Resto de América	314	Costa Rica	Mujeres	2
2000	50	Zaragoza	06	Resto de América	315	Cuba	Hombres	83
2000	50	Zaragoza	06	Resto de América	315	Cuba	Mujeres	175
2000	50	Zaragoza	06	Resto de América	316	Dominica	Mujeres	1
2000	50	Zaragoza	06	Resto de América	317	El Salvador	Hombres	5
2000	50	Zaragoza	06	Resto de América	317	El Salvador	Mujeres	8
2000	50	Zaragoza	06	Resto de América	319	Guatemala	Hombres	4
2000	50	Zaragoza	06	Resto de América	319	Guatemala	Mujeres	8
2000	50	Zaragoza	06	Resto de América	320	Haití	Hombres	1
2000	50	Zaragoza	06	Resto de América	321	Honduras	Hombres	15
2000	50	Zaragoza	06	Resto de América	321	Honduras	Mujeres	33
2000	50	Zaragoza	06	Resto de América	322	Jamaica	Hombres	2
2000	50	Zaragoza	06	Resto de América	323	Nicaragua	Hombres	9
2000	50	Zaragoza	06	Resto de América	323	Nicaragua	Mujeres	7
2000	50	Zaragoza	06	Resto de América	324	Panamá	Hombres	6
2000	50	Zaragoza	06	Resto de América	324	Panamá	Mujeres	7
2000	50	Zaragoza	06	Resto de América	326	República Dominicana	Hombres	80
2000	50	Zaragoza	06	Resto de América	326	República Dominicana	Mujeres	266
2000	50	Zaragoza	06	Resto de América	340	Argentina	Hombres	115
2000	50	Zaragoza	06	Resto de América	340	Argentina	Mujeres	128
2000	50	Zaragoza	06	Resto de América	341	Bolivia	Hombres	9
2000	50	Zaragoza	06	Resto de América	341	Bolivia	Mujeres	14
2000	50	Zaragoza	06	Resto de América	342	Brasil	Hombres	37
2000	50	Zaragoza	06	Resto de América	342	Brasil	Mujeres	97
2000	50	Zaragoza	06	Resto de América	343	Colombia	Hombres	93
2000	50	Zaragoza	06	Resto de América	343	Colombia	Mujeres	218
2000	50	Zaragoza	06	Resto de América	344	Chile	Hombres	22
2000	50	Zaragoza	06	Resto de América	344	Chile	Mujeres	56
2000	50	Zaragoza	06	Resto de América	345	Ecuador	Hombres	123
2000	50	Zaragoza	06	Resto de América	345	Ecuador	Mujeres	135
2000	50	Zaragoza	06	Resto de América	347	Paraguay	Hombres	3
2000	50	Zaragoza	06	Resto de América	347	Paraguay	Mujeres	11
2000	50	Zaragoza	06	Resto de América	348	Perú	Hombres	103
2000	50	Zaragoza	06	Resto de América	348	Perú	Mujeres	149
2000	50	Zaragoza	06	Resto de América	350	Uruguay	Hombres	17
2000	50	Zaragoza	06	Resto de América	350	Uruguay	Mujeres	22
2000	50	Zaragoza	06	Resto de América	351	Venezuela	Hombres	66
2000	50	Zaragoza	06	Resto de América	351	Venezuela	Mujeres	82
2000	50	Zaragoza	07	Asia	402	Arabia Saudí	Hombres	1
2000	50	Zaragoza	07	Asia	404	Bangladesh	Hombres	3
2000	50	Zaragoza	07	Asia	404	Bangladesh	Mujeres	3
2000	50	Zaragoza	07	Asia	407	China	Hombres	107
2000	50	Zaragoza	07	Asia	407	China	Mujeres	104
2000	50	Zaragoza	07	Asia	409	Filipinas	Hombres	4
2000	50	Zaragoza	07	Asia	409	Filipinas	Mujeres	9
2000	50	Zaragoza	07	Asia	410	India	Hombres	7
2000	50	Zaragoza	07	Asia	410	India	Mujeres	12
2000	50	Zaragoza	07	Asia	412	Irak	Hombres	3
2000	50	Zaragoza	07	Asia	413	Irán	Hombres	3
2000	50	Zaragoza	07	Asia	413	Irán	Mujeres	2
2000	50	Zaragoza	07	Asia	414	Israel	Hombres	3
2000	50	Zaragoza	07	Asia	414	Israel	Mujeres	2
2000	50	Zaragoza	07	Asia	415	Japón	Hombres	1
2000	50	Zaragoza	07	Asia	415	Japón	Mujeres	5
2000	50	Zaragoza	07	Asia	416	Jordania	Hombres	18
2000	50	Zaragoza	07	Asia	416	Jordania	Mujeres	9
2000	50	Zaragoza	07	Asia	419	Laos	Hombres	1
2000	50	Zaragoza	07	Asia	419	Laos	Mujeres	4
2000	50	Zaragoza	07	Asia	420	Líbano	Hombres	16
2000	50	Zaragoza	07	Asia	420	Líbano	Mujeres	7
2000	50	Zaragoza	07	Asia	421	Malasia	Hombres	1
2000	50	Zaragoza	07	Asia	421	Malasia	Mujeres	1
2000	50	Zaragoza	07	Asia	426	Pakistán	Hombres	12
2000	50	Zaragoza	07	Asia	430	República de Corea	Hombres	9
2000	50	Zaragoza	07	Asia	430	República de Corea	Mujeres	11
2000	50	Zaragoza	07	Asia	433	Siria	Hombres	13
2000	50	Zaragoza	07	Asia	433	Siria	Mujeres	8
2000	50	Zaragoza	07	Asia	434	Sri-Lanka	Hombres	1
2000	50	Zaragoza	07	Asia	435	Tailandia	Mujeres	1
2000	50	Zaragoza	07	Asia	437	Vietnam	Hombres	1
2000	50	Zaragoza	07	Asia	437	Vietnam	Mujeres	1
2000	50	Zaragoza	07	Asia	443	Kazajstan	Hombres	1
2000	50	Zaragoza	07	Asia	443	Kazajstan	Mujeres	1
2000	50	Zaragoza	07	Asia	447	Uzbekistán	Hombres	1
2000	50	Zaragoza	07	Asia	447	Uzbekistán	Mujeres	1
2000	50	Zaragoza	07	Asia	499	Países sin relaciones diplomáticas	Hombres	2
2000	50	Zaragoza	07	Asia	499	Países sin relaciones diplomáticas	Mujeres	2
2000	50	Zaragoza	08	Oceanía	501	Australia	Hombres	5
2000	50	Zaragoza	08	Oceanía	501	Australia	Mujeres	1
2000	50	Zaragoza	08	Oceanía	504	Nueva Zelanda	Mujeres	2
2000	50	Zaragoza	08	Oceanía	511	Micronesia	Mujeres	1
2000	50	Zaragoza	09	Apátridas y no consta	555	Apátridas	Hombres	6
2000	50	Zaragoza	09	Apátridas y no consta	555	Apátridas	Mujeres	7
2001	22	Huesca	01	UE-15	102	Austria	Hombres	8
2001	22	Huesca	01	UE-15	102	Austria	Mujeres	2
2001	22	Huesca	01	UE-15	103	Bélgica	Hombres	14
2001	22	Huesca	01	UE-15	103	Bélgica	Mujeres	18
2001	22	Huesca	01	UE-15	107	Dinamarca	Mujeres	2
2001	22	Huesca	01	UE-15	109	Finlandia	Mujeres	1
2001	22	Huesca	01	UE-15	110	Francia	Hombres	129
2001	22	Huesca	01	UE-15	110	Francia	Mujeres	174
2001	22	Huesca	01	UE-15	111	Grecia	Hombres	1
2001	22	Huesca	01	UE-15	113	Irlanda	Hombres	6
2001	22	Huesca	01	UE-15	113	Irlanda	Mujeres	2
2001	22	Huesca	01	UE-15	115	Italia	Hombres	26
2001	22	Huesca	01	UE-15	115	Italia	Mujeres	18
2001	22	Huesca	01	UE-15	121	Países Bajos	Hombres	15
2001	22	Huesca	01	UE-15	121	Países Bajos	Mujeres	15
2001	22	Huesca	01	UE-15	123	Portugal	Hombres	45
2001	22	Huesca	01	UE-15	123	Portugal	Mujeres	39
2001	22	Huesca	01	UE-15	125	Reino Unido	Hombres	26
2001	22	Huesca	01	UE-15	125	Reino Unido	Mujeres	33
2001	22	Huesca	01	UE-15	126	Alemania	Hombres	34
2001	22	Huesca	01	UE-15	126	Alemania	Mujeres	28
2001	22	Huesca	01	UE-15	131	Suecia	Mujeres	1
2001	22	Huesca	02	Resto de Europa	104	Bulgaria	Hombres	27
2001	22	Huesca	02	Resto de Europa	104	Bulgaria	Mujeres	19
2001	22	Huesca	02	Resto de Europa	112	Hungría	Hombres	4
2001	22	Huesca	02	Resto de Europa	112	Hungría	Mujeres	3
2001	22	Huesca	02	Resto de Europa	122	Polonia	Hombres	32
2001	22	Huesca	02	Resto de Europa	122	Polonia	Mujeres	21
2001	22	Huesca	02	Resto de Europa	124	Andorra	Mujeres	1
2001	22	Huesca	02	Resto de Europa	128	Rumanía	Hombres	97
2001	22	Huesca	02	Resto de Europa	128	Rumanía	Mujeres	44
2001	22	Huesca	02	Resto de Europa	132	Suiza	Hombres	14
2001	22	Huesca	02	Resto de Europa	132	Suiza	Mujeres	14
2001	22	Huesca	02	Resto de Europa	135	Ucrania	Hombres	30
2001	22	Huesca	02	Resto de Europa	135	Ucrania	Mujeres	20
2001	22	Huesca	02	Resto de Europa	137	Moldova	Hombres	1
2001	22	Huesca	02	Resto de Europa	138	Bielorrusia	Hombres	3
2001	22	Huesca	02	Resto de Europa	138	Bielorrusia	Mujeres	3
2001	22	Huesca	02	Resto de Europa	142	Lituania	Hombres	31
2001	22	Huesca	02	Resto de Europa	142	Lituania	Mujeres	23
2001	22	Huesca	02	Resto de Europa	143	República Checa	Mujeres	1
2001	22	Huesca	02	Resto de Europa	144	Eslovaquia	Hombres	5
2001	22	Huesca	02	Resto de Europa	144	Eslovaquia	Mujeres	2
2001	22	Huesca	02	Resto de Europa	148	Armenia	Hombres	4
2001	22	Huesca	02	Resto de Europa	148	Armenia	Mujeres	2
2001	22	Huesca	02	Resto de Europa	154	Rusia	Hombres	12
2001	22	Huesca	02	Resto de Europa	154	Rusia	Mujeres	7
2001	22	Huesca	02	Resto de Europa	199	Países sin relaciones diplomáticas	Hombres	2
2001	22	Huesca	02	Resto de Europa	199	Países sin relaciones diplomáticas	Mujeres	2
2001	22	Huesca	03	Magreb	203	Argelia	Hombres	324
2001	22	Huesca	03	Magreb	203	Argelia	Mujeres	38
2001	22	Huesca	03	Magreb	228	Marruecos	Hombres	410
2001	22	Huesca	03	Magreb	228	Marruecos	Mujeres	186
2001	22	Huesca	03	Magreb	230	Mauritania	Hombres	26
2001	22	Huesca	03	Magreb	230	Mauritania	Mujeres	10
2001	22	Huesca	03	Magreb	248	Túnez	Hombres	3
2001	22	Huesca	04	Resto de África	201	Burkina Fasso	Hombres	2
2001	22	Huesca	04	Resto de África	202	Angola	Hombres	4
2001	22	Huesca	04	Resto de África	202	Angola	Mujeres	1
2001	22	Huesca	04	Resto de África	207	Cabo Verde	Hombres	3
2001	22	Huesca	04	Resto de África	207	Cabo Verde	Mujeres	1
2001	22	Huesca	04	Resto de África	208	Camerún	Hombres	6
2001	22	Huesca	04	Resto de África	208	Camerún	Mujeres	1
2001	22	Huesca	04	Resto de África	209	Comores	Mujeres	1
2001	22	Huesca	04	Resto de África	210	Congo	Hombres	2
2001	22	Huesca	04	Resto de África	211	Costa de Marfil	Hombres	9
2001	22	Huesca	04	Resto de África	211	Costa de Marfil	Mujeres	1
2001	22	Huesca	04	Resto de África	213	Egipto	Hombres	1
2001	22	Huesca	04	Resto de África	216	Gambia	Hombres	194
2001	22	Huesca	04	Resto de África	216	Gambia	Mujeres	66
2001	22	Huesca	04	Resto de África	217	Ghana	Hombres	17
2001	22	Huesca	04	Resto de África	217	Ghana	Mujeres	8
2001	22	Huesca	04	Resto de África	218	Guinea	Hombres	54
2001	22	Huesca	04	Resto de África	218	Guinea	Mujeres	10
2001	22	Huesca	04	Resto de África	219	Guinea Bissau	Hombres	5
2001	22	Huesca	04	Resto de África	220	Guinea Ecuatorial	Hombres	4
2001	22	Huesca	04	Resto de África	220	Guinea Ecuatorial	Mujeres	9
2001	22	Huesca	04	Resto de África	221	Kenia	Hombres	1
2001	22	Huesca	04	Resto de África	221	Kenia	Mujeres	6
2001	22	Huesca	04	Resto de África	223	Liberia	Hombres	5
2001	22	Huesca	04	Resto de África	227	Mali	Hombres	131
2001	22	Huesca	04	Resto de África	227	Mali	Mujeres	11
2001	22	Huesca	04	Resto de África	232	Namibia	Hombres	1
2001	22	Huesca	04	Resto de África	233	Níger	Hombres	3
2001	22	Huesca	04	Resto de África	234	Nigeria	Hombres	5
2001	22	Huesca	04	Resto de África	234	Nigeria	Mujeres	4
2001	22	Huesca	04	Resto de África	236	Sudáfrica	Hombres	2
2001	22	Huesca	04	Resto de África	237	Ruanda	Hombres	1
2001	22	Huesca	04	Resto de África	239	Senegal	Hombres	52
2001	22	Huesca	04	Resto de África	239	Senegal	Mujeres	7
2001	22	Huesca	04	Resto de África	241	Sierra Leona	Hombres	4
2001	22	Huesca	04	Resto de África	242	Somalia	Hombres	4
2001	22	Huesca	04	Resto de África	247	Togo	Mujeres	1
2001	22	Huesca	04	Resto de África	250	Rep. Democrática del Congo	Hombres	1
2001	22	Huesca	05	América del Norte	301	Canadá	Hombres	4
2001	22	Huesca	05	América del Norte	302	Estados Unidos de América	Hombres	23
2001	22	Huesca	05	América del Norte	302	Estados Unidos de América	Mujeres	28
2001	22	Huesca	06	Resto de América	303	México	Hombres	4
2001	22	Huesca	06	Resto de América	303	México	Mujeres	13
2001	22	Huesca	06	Resto de América	314	Costa Rica	Hombres	1
2001	22	Huesca	06	Resto de América	315	Cuba	Hombres	25
2001	22	Huesca	06	Resto de América	315	Cuba	Mujeres	59
2001	22	Huesca	06	Resto de América	316	Dominica	Hombres	1
2001	22	Huesca	06	Resto de América	316	Dominica	Mujeres	9
2001	22	Huesca	06	Resto de América	317	El Salvador	Mujeres	2
2001	22	Huesca	06	Resto de América	318	Granada	Hombres	1
2001	22	Huesca	06	Resto de América	319	Guatemala	Hombres	2
2001	22	Huesca	06	Resto de América	319	Guatemala	Mujeres	2
2001	22	Huesca	06	Resto de América	320	Haití	Mujeres	1
2001	22	Huesca	06	Resto de América	321	Honduras	Hombres	3
2001	22	Huesca	06	Resto de América	321	Honduras	Mujeres	7
2001	22	Huesca	06	Resto de América	323	Nicaragua	Hombres	1
2001	22	Huesca	06	Resto de América	323	Nicaragua	Mujeres	2
2001	22	Huesca	06	Resto de América	324	Panamá	Hombres	1
2001	22	Huesca	06	Resto de América	324	Panamá	Mujeres	2
2001	22	Huesca	06	Resto de América	326	República Dominicana	Hombres	25
2001	22	Huesca	06	Resto de América	326	República Dominicana	Mujeres	97
2001	22	Huesca	06	Resto de América	340	Argentina	Hombres	41
2001	22	Huesca	06	Resto de América	340	Argentina	Mujeres	51
2001	22	Huesca	06	Resto de América	341	Bolivia	Hombres	2
2001	22	Huesca	06	Resto de América	342	Brasil	Hombres	6
2001	22	Huesca	06	Resto de América	342	Brasil	Mujeres	22
2001	22	Huesca	06	Resto de América	343	Colombia	Hombres	69
2001	22	Huesca	06	Resto de América	343	Colombia	Mujeres	119
2001	22	Huesca	06	Resto de América	344	Chile	Hombres	6
2001	22	Huesca	06	Resto de América	344	Chile	Mujeres	14
2001	22	Huesca	06	Resto de América	345	Ecuador	Hombres	56
2001	22	Huesca	06	Resto de América	345	Ecuador	Mujeres	63
2001	22	Huesca	06	Resto de América	347	Paraguay	Hombres	1
2001	22	Huesca	06	Resto de América	348	Perú	Hombres	21
2001	22	Huesca	06	Resto de América	348	Perú	Mujeres	28
2001	22	Huesca	06	Resto de América	350	Uruguay	Hombres	3
2001	22	Huesca	06	Resto de América	350	Uruguay	Mujeres	1
2001	22	Huesca	06	Resto de América	351	Venezuela	Hombres	2
2001	22	Huesca	06	Resto de América	351	Venezuela	Mujeres	11
2001	22	Huesca	07	Asia	401	Afganistán	Hombres	1
2001	22	Huesca	07	Asia	407	China	Hombres	25
2001	22	Huesca	07	Asia	407	China	Mujeres	18
2001	22	Huesca	07	Asia	409	Filipinas	Hombres	2
2001	22	Huesca	07	Asia	409	Filipinas	Mujeres	4
2001	22	Huesca	07	Asia	410	India	Mujeres	1
2001	22	Huesca	07	Asia	411	Indonesia	Mujeres	1
2001	22	Huesca	07	Asia	415	Japón	Hombres	1
2001	22	Huesca	07	Asia	416	Jordania	Hombres	1
2001	22	Huesca	07	Asia	419	Laos	Hombres	2
2001	22	Huesca	07	Asia	419	Laos	Mujeres	2
2001	22	Huesca	07	Asia	420	Líbano	Hombres	1
2001	22	Huesca	07	Asia	423	Mongolia	Mujeres	1
2001	22	Huesca	07	Asia	426	Pakistán	Hombres	5
2001	22	Huesca	07	Asia	430	República de Corea	Hombres	6
2001	22	Huesca	07	Asia	430	República de Corea	Mujeres	4
2001	22	Huesca	07	Asia	433	Siria	Hombres	1
2001	22	Huesca	07	Asia	433	Siria	Mujeres	1
2001	22	Huesca	07	Asia	435	Tailandia	Mujeres	3
2001	22	Huesca	07	Asia	443	Kazajstan	Hombres	2
2001	22	Huesca	07	Asia	443	Kazajstan	Mujeres	1
2001	22	Huesca	07	Asia	499	Países sin relaciones diplomáticas	Mujeres	1
2001	22	Huesca	08	Oceanía	501	Australia	Hombres	3
2001	22	Huesca	08	Oceanía	501	Australia	Mujeres	3
2001	22	Huesca	08	Oceanía	511	Micronesia	Hombres	2
2001	22	Huesca	08	Oceanía	512	Tuvalu	Hombres	12
2001	22	Huesca	08	Oceanía	512	Tuvalu	Mujeres	6
2001	44	Teruel	01	UE-15	102	Austria	Hombres	1
2001	44	Teruel	01	UE-15	103	Bélgica	Hombres	3
2001	44	Teruel	01	UE-15	103	Bélgica	Mujeres	6
2001	44	Teruel	01	UE-15	110	Francia	Hombres	33
2001	44	Teruel	01	UE-15	110	Francia	Mujeres	41
2001	44	Teruel	01	UE-15	111	Grecia	Hombres	2
2001	44	Teruel	01	UE-15	113	Irlanda	Hombres	1
2001	44	Teruel	01	UE-15	113	Irlanda	Mujeres	1
2001	44	Teruel	01	UE-15	115	Italia	Hombres	14
2001	44	Teruel	01	UE-15	115	Italia	Mujeres	6
2001	44	Teruel	01	UE-15	121	Países Bajos	Hombres	3
2001	44	Teruel	01	UE-15	121	Países Bajos	Mujeres	4
2001	44	Teruel	01	UE-15	123	Portugal	Hombres	36
2001	44	Teruel	01	UE-15	123	Portugal	Mujeres	19
2001	44	Teruel	01	UE-15	125	Reino Unido	Hombres	12
2001	44	Teruel	01	UE-15	125	Reino Unido	Mujeres	12
2001	44	Teruel	01	UE-15	126	Alemania	Hombres	14
2001	44	Teruel	01	UE-15	126	Alemania	Mujeres	12
2001	44	Teruel	02	Resto de Europa	101	Albania	Hombres	1
2001	44	Teruel	02	Resto de Europa	104	Bulgaria	Hombres	14
2001	44	Teruel	02	Resto de Europa	104	Bulgaria	Mujeres	10
2001	44	Teruel	02	Resto de Europa	112	Hungría	Mujeres	1
2001	44	Teruel	02	Resto de Europa	120	Noruega	Hombres	1
2001	44	Teruel	02	Resto de Europa	122	Polonia	Hombres	32
2001	44	Teruel	02	Resto de Europa	122	Polonia	Mujeres	12
2001	44	Teruel	02	Resto de Europa	128	Rumanía	Hombres	105
2001	44	Teruel	02	Resto de Europa	128	Rumanía	Mujeres	45
2001	44	Teruel	02	Resto de Europa	132	Suiza	Hombres	1
2001	44	Teruel	02	Resto de Europa	132	Suiza	Mujeres	4
2001	44	Teruel	02	Resto de Europa	135	Ucrania	Hombres	3
2001	44	Teruel	02	Resto de Europa	135	Ucrania	Mujeres	1
2001	44	Teruel	02	Resto de Europa	137	Moldova	Hombres	2
2001	44	Teruel	02	Resto de Europa	137	Moldova	Mujeres	1
2001	44	Teruel	02	Resto de Europa	138	Bielorrusia	Hombres	2
2001	44	Teruel	02	Resto de Europa	138	Bielorrusia	Mujeres	3
2001	44	Teruel	02	Resto de Europa	142	Lituania	Hombres	3
2001	44	Teruel	02	Resto de Europa	142	Lituania	Mujeres	1
2001	44	Teruel	02	Resto de Europa	143	República Checa	Hombres	10
2001	44	Teruel	02	Resto de Europa	143	República Checa	Mujeres	4
2001	44	Teruel	02	Resto de Europa	154	Rusia	Mujeres	2
2001	44	Teruel	02	Resto de Europa	155	Yugoslavia	Hombres	11
2001	44	Teruel	02	Resto de Europa	155	Yugoslavia	Mujeres	11
2001	44	Teruel	03	Magreb	203	Argelia	Hombres	53
2001	44	Teruel	03	Magreb	203	Argelia	Mujeres	8
2001	44	Teruel	03	Magreb	228	Marruecos	Hombres	359
2001	44	Teruel	03	Magreb	228	Marruecos	Mujeres	109
2001	44	Teruel	03	Magreb	230	Mauritania	Hombres	3
2001	44	Teruel	03	Magreb	230	Mauritania	Mujeres	1
2001	44	Teruel	04	Resto de África	202	Angola	Hombres	1
2001	44	Teruel	04	Resto de África	207	Cabo Verde	Hombres	25
2001	44	Teruel	04	Resto de África	207	Cabo Verde	Mujeres	17
2001	44	Teruel	04	Resto de África	216	Gambia	Hombres	8
2001	44	Teruel	04	Resto de África	216	Gambia	Mujeres	5
2001	44	Teruel	04	Resto de África	218	Guinea	Hombres	2
2001	44	Teruel	04	Resto de África	220	Guinea Ecuatorial	Hombres	1
2001	44	Teruel	04	Resto de África	220	Guinea Ecuatorial	Mujeres	2
2001	44	Teruel	04	Resto de África	234	Nigeria	Hombres	3
2001	44	Teruel	04	Resto de África	234	Nigeria	Mujeres	6
2001	44	Teruel	04	Resto de África	239	Senegal	Hombres	13
2001	44	Teruel	04	Resto de África	239	Senegal	Mujeres	2
2001	44	Teruel	04	Resto de África	250	Rep. Democrática del Congo	Hombres	1
2001	44	Teruel	05	América del Norte	301	Canadá	Hombres	2
2001	44	Teruel	05	América del Norte	302	Estados Unidos de América	Hombres	3
2001	44	Teruel	05	América del Norte	302	Estados Unidos de América	Mujeres	2
2001	44	Teruel	06	Resto de América	303	México	Mujeres	4
2001	44	Teruel	06	Resto de América	315	Cuba	Hombres	11
2001	44	Teruel	06	Resto de América	315	Cuba	Mujeres	18
2001	44	Teruel	06	Resto de América	316	Dominica	Hombres	3
2001	44	Teruel	06	Resto de América	316	Dominica	Mujeres	2
2001	44	Teruel	06	Resto de América	321	Honduras	Hombres	4
2001	44	Teruel	06	Resto de América	321	Honduras	Mujeres	6
2001	44	Teruel	06	Resto de América	326	República Dominicana	Hombres	6
2001	44	Teruel	06	Resto de América	326	República Dominicana	Mujeres	48
2001	44	Teruel	06	Resto de América	340	Argentina	Hombres	27
2001	44	Teruel	06	Resto de América	340	Argentina	Mujeres	33
2001	44	Teruel	06	Resto de América	341	Bolivia	Mujeres	2
2001	44	Teruel	06	Resto de América	342	Brasil	Hombres	7
2001	44	Teruel	06	Resto de América	342	Brasil	Mujeres	28
2001	44	Teruel	06	Resto de América	343	Colombia	Hombres	16
2001	44	Teruel	06	Resto de América	343	Colombia	Mujeres	53
2001	44	Teruel	06	Resto de América	344	Chile	Hombres	3
2001	44	Teruel	06	Resto de América	344	Chile	Mujeres	3
2001	44	Teruel	06	Resto de América	345	Ecuador	Hombres	26
2001	44	Teruel	06	Resto de América	345	Ecuador	Mujeres	32
2001	44	Teruel	06	Resto de América	347	Paraguay	Mujeres	1
2001	44	Teruel	06	Resto de América	348	Perú	Hombres	1
2001	44	Teruel	06	Resto de América	348	Perú	Mujeres	10
2001	44	Teruel	06	Resto de América	350	Uruguay	Hombres	10
2001	44	Teruel	06	Resto de América	350	Uruguay	Mujeres	8
2001	44	Teruel	06	Resto de América	351	Venezuela	Hombres	1
2001	44	Teruel	06	Resto de América	351	Venezuela	Mujeres	4
2001	44	Teruel	07	Asia	407	China	Hombres	8
2001	44	Teruel	07	Asia	407	China	Mujeres	2
2001	44	Teruel	07	Asia	413	Irán	Hombres	2
2001	44	Teruel	07	Asia	420	Líbano	Hombres	1
2001	44	Teruel	07	Asia	426	Pakistán	Hombres	95
2001	44	Teruel	07	Asia	426	Pakistán	Mujeres	18
2001	44	Teruel	08	Oceanía	504	Nueva Zelanda	Hombres	1
2001	44	Teruel	09	Apátridas y no consta	555	Apátridas	Hombres	1
2001	50	Zaragoza	01	UE-15	102	Austria	Hombres	4
2001	50	Zaragoza	01	UE-15	102	Austria	Mujeres	6
2001	50	Zaragoza	01	UE-15	103	Bélgica	Hombres	28
2001	50	Zaragoza	01	UE-15	103	Bélgica	Mujeres	23
2001	50	Zaragoza	01	UE-15	107	Dinamarca	Hombres	9
2001	50	Zaragoza	01	UE-15	107	Dinamarca	Mujeres	3
2001	50	Zaragoza	01	UE-15	109	Finlandia	Hombres	1
2001	50	Zaragoza	01	UE-15	109	Finlandia	Mujeres	2
2001	50	Zaragoza	01	UE-15	110	Francia	Hombres	259
2001	50	Zaragoza	01	UE-15	110	Francia	Mujeres	354
2001	50	Zaragoza	01	UE-15	111	Grecia	Hombres	4
2001	50	Zaragoza	01	UE-15	113	Irlanda	Hombres	12
2001	50	Zaragoza	01	UE-15	113	Irlanda	Mujeres	20
2001	50	Zaragoza	01	UE-15	115	Italia	Hombres	168
2001	50	Zaragoza	01	UE-15	115	Italia	Mujeres	87
2001	50	Zaragoza	01	UE-15	121	Países Bajos	Hombres	44
2001	50	Zaragoza	01	UE-15	121	Países Bajos	Mujeres	34
2001	50	Zaragoza	01	UE-15	123	Portugal	Hombres	322
2001	50	Zaragoza	01	UE-15	123	Portugal	Mujeres	290
2001	50	Zaragoza	01	UE-15	125	Reino Unido	Hombres	105
2001	50	Zaragoza	01	UE-15	125	Reino Unido	Mujeres	96
2001	50	Zaragoza	01	UE-15	126	Alemania	Hombres	125
2001	50	Zaragoza	01	UE-15	126	Alemania	Mujeres	111
2001	50	Zaragoza	01	UE-15	131	Suecia	Hombres	9
2001	50	Zaragoza	01	UE-15	131	Suecia	Mujeres	6
2001	50	Zaragoza	02	Resto de Europa	101	Albania	Hombres	9
2001	50	Zaragoza	02	Resto de Europa	101	Albania	Mujeres	12
2001	50	Zaragoza	02	Resto de Europa	104	Bulgaria	Hombres	102
2001	50	Zaragoza	02	Resto de Europa	104	Bulgaria	Mujeres	66
2001	50	Zaragoza	02	Resto de Europa	112	Hungría	Hombres	7
2001	50	Zaragoza	02	Resto de Europa	112	Hungría	Mujeres	7
2001	50	Zaragoza	02	Resto de Europa	118	Malta	Hombres	1
2001	50	Zaragoza	02	Resto de Europa	120	Noruega	Hombres	6
2001	50	Zaragoza	02	Resto de Europa	120	Noruega	Mujeres	8
2001	50	Zaragoza	02	Resto de Europa	122	Polonia	Hombres	81
2001	50	Zaragoza	02	Resto de Europa	122	Polonia	Mujeres	66
2001	50	Zaragoza	02	Resto de Europa	124	Andorra	Hombres	4
2001	50	Zaragoza	02	Resto de Europa	124	Andorra	Mujeres	5
2001	50	Zaragoza	02	Resto de Europa	128	Rumanía	Hombres	1631
2001	50	Zaragoza	02	Resto de Europa	128	Rumanía	Mujeres	699
2001	50	Zaragoza	02	Resto de Europa	129	San Marino	Hombres	1
2001	50	Zaragoza	02	Resto de Europa	132	Suiza	Hombres	27
2001	50	Zaragoza	02	Resto de Europa	132	Suiza	Mujeres	18
2001	50	Zaragoza	02	Resto de Europa	135	Ucrania	Hombres	100
2001	50	Zaragoza	02	Resto de Europa	135	Ucrania	Mujeres	107
2001	50	Zaragoza	02	Resto de Europa	136	Letonia	Hombres	1
2001	50	Zaragoza	02	Resto de Europa	137	Moldova	Hombres	26
2001	50	Zaragoza	02	Resto de Europa	137	Moldova	Mujeres	10
2001	50	Zaragoza	02	Resto de Europa	138	Bielorrusia	Hombres	6
2001	50	Zaragoza	02	Resto de Europa	138	Bielorrusia	Mujeres	12
2001	50	Zaragoza	02	Resto de Europa	139	Georgia	Hombres	5
2001	50	Zaragoza	02	Resto de Europa	139	Georgia	Mujeres	1
2001	50	Zaragoza	02	Resto de Europa	141	Estonia	Hombres	4
2001	50	Zaragoza	02	Resto de Europa	142	Lituania	Hombres	11
2001	50	Zaragoza	02	Resto de Europa	142	Lituania	Mujeres	5
2001	50	Zaragoza	02	Resto de Europa	143	República Checa	Hombres	8
2001	50	Zaragoza	02	Resto de Europa	143	República Checa	Mujeres	19
2001	50	Zaragoza	02	Resto de Europa	144	Eslovaquia	Hombres	1
2001	50	Zaragoza	02	Resto de Europa	144	Eslovaquia	Mujeres	4
2001	50	Zaragoza	02	Resto de Europa	145	Bosnia-Herzegovina	Hombres	11
2001	50	Zaragoza	02	Resto de Europa	145	Bosnia-Herzegovina	Mujeres	17
2001	50	Zaragoza	02	Resto de Europa	146	Croacia	Hombres	4
2001	50	Zaragoza	02	Resto de Europa	146	Croacia	Mujeres	3
2001	50	Zaragoza	02	Resto de Europa	147	Eslovenia	Mujeres	3
2001	50	Zaragoza	02	Resto de Europa	148	Armenia	Hombres	7
2001	50	Zaragoza	02	Resto de Europa	148	Armenia	Mujeres	5
2001	50	Zaragoza	02	Resto de Europa	154	Rusia	Hombres	57
2001	50	Zaragoza	02	Resto de Europa	154	Rusia	Mujeres	80
2001	50	Zaragoza	02	Resto de Europa	155	Yugoslavia	Hombres	14
2001	50	Zaragoza	02	Resto de Europa	155	Yugoslavia	Mujeres	5
2001	50	Zaragoza	02	Resto de Europa	156	Macedonia	Hombres	2
2001	50	Zaragoza	02	Resto de Europa	156	Macedonia	Mujeres	3
2001	50	Zaragoza	02	Resto de Europa	199	Países sin relaciones diplomáticas	Mujeres	1
2001	50	Zaragoza	02	Resto de Europa	436	Turquía	Hombres	8
2001	50	Zaragoza	03	Magreb	203	Argelia	Hombres	1172
2001	50	Zaragoza	03	Magreb	203	Argelia	Mujeres	207
2001	50	Zaragoza	03	Magreb	224	Libia	Hombres	1
2001	50	Zaragoza	03	Magreb	224	Libia	Mujeres	3
2001	50	Zaragoza	03	Magreb	228	Marruecos	Hombres	1608
2001	50	Zaragoza	03	Magreb	228	Marruecos	Mujeres	712
2001	50	Zaragoza	03	Magreb	230	Mauritania	Hombres	58
2001	50	Zaragoza	03	Magreb	230	Mauritania	Mujeres	15
2001	50	Zaragoza	03	Magreb	248	Túnez	Hombres	13
2001	50	Zaragoza	03	Magreb	248	Túnez	Mujeres	5
2001	50	Zaragoza	04	Resto de África	202	Angola	Hombres	36
2001	50	Zaragoza	04	Resto de África	202	Angola	Mujeres	18
2001	50	Zaragoza	04	Resto de África	204	Benin	Hombres	3
2001	50	Zaragoza	04	Resto de África	204	Benin	Mujeres	1
2001	50	Zaragoza	04	Resto de África	206	Burundi	Hombres	1
2001	50	Zaragoza	04	Resto de África	207	Cabo Verde	Hombres	113
2001	50	Zaragoza	04	Resto de África	207	Cabo Verde	Mujeres	103
2001	50	Zaragoza	04	Resto de África	208	Camerún	Hombres	37
2001	50	Zaragoza	04	Resto de África	208	Camerún	Mujeres	32
2001	50	Zaragoza	04	Resto de África	210	Congo	Hombres	33
2001	50	Zaragoza	04	Resto de África	210	Congo	Mujeres	11
2001	50	Zaragoza	04	Resto de África	211	Costa de Marfil	Hombres	24
2001	50	Zaragoza	04	Resto de África	211	Costa de Marfil	Mujeres	8
2001	50	Zaragoza	04	Resto de África	213	Egipto	Hombres	47
2001	50	Zaragoza	04	Resto de África	213	Egipto	Mujeres	3
2001	50	Zaragoza	04	Resto de África	214	Etiopía	Hombres	1
2001	50	Zaragoza	04	Resto de África	215	Gabón	Hombres	2
2001	50	Zaragoza	04	Resto de África	216	Gambia	Hombres	282
2001	50	Zaragoza	04	Resto de África	216	Gambia	Mujeres	172
2001	50	Zaragoza	04	Resto de África	217	Ghana	Hombres	312
2001	50	Zaragoza	04	Resto de África	217	Ghana	Mujeres	76
2001	50	Zaragoza	04	Resto de África	218	Guinea	Hombres	83
2001	50	Zaragoza	04	Resto de África	218	Guinea	Mujeres	133
2001	50	Zaragoza	04	Resto de África	219	Guinea Bissau	Hombres	20
2001	50	Zaragoza	04	Resto de África	219	Guinea Bissau	Mujeres	3
2001	50	Zaragoza	04	Resto de África	220	Guinea Ecuatorial	Hombres	131
2001	50	Zaragoza	04	Resto de África	220	Guinea Ecuatorial	Mujeres	255
2001	50	Zaragoza	04	Resto de África	221	Kenia	Mujeres	2
2001	50	Zaragoza	04	Resto de África	222	Lesotho	Hombres	2
2001	50	Zaragoza	04	Resto de África	223	Liberia	Hombres	67
2001	50	Zaragoza	04	Resto de África	223	Liberia	Mujeres	17
2001	50	Zaragoza	04	Resto de África	227	Mali	Hombres	54
2001	50	Zaragoza	04	Resto de África	227	Mali	Mujeres	6
2001	50	Zaragoza	04	Resto de África	231	Mozambique	Hombres	1
2001	50	Zaragoza	04	Resto de África	231	Mozambique	Mujeres	1
2001	50	Zaragoza	04	Resto de África	232	Namibia	Hombres	1
2001	50	Zaragoza	04	Resto de África	232	Namibia	Mujeres	1
2001	50	Zaragoza	04	Resto de África	233	Níger	Hombres	2
2001	50	Zaragoza	04	Resto de África	234	Nigeria	Hombres	57
2001	50	Zaragoza	04	Resto de África	234	Nigeria	Mujeres	72
2001	50	Zaragoza	04	Resto de África	235	República Centroafricana	Mujeres	2
2001	50	Zaragoza	04	Resto de África	236	Sudáfrica	Hombres	6
2001	50	Zaragoza	04	Resto de África	236	Sudáfrica	Mujeres	3
2001	50	Zaragoza	04	Resto de África	237	Ruanda	Hombres	9
2001	50	Zaragoza	04	Resto de África	239	Senegal	Hombres	351
2001	50	Zaragoza	04	Resto de África	239	Senegal	Mujeres	59
2001	50	Zaragoza	04	Resto de África	241	Sierra Leona	Hombres	14
2001	50	Zaragoza	04	Resto de África	241	Sierra Leona	Mujeres	9
2001	50	Zaragoza	04	Resto de África	242	Somalia	Hombres	1
2001	50	Zaragoza	04	Resto de África	243	Sudán	Hombres	1
2001	50	Zaragoza	04	Resto de África	245	Tanzania	Hombres	2
2001	50	Zaragoza	04	Resto de África	246	Chad	Hombres	2
2001	50	Zaragoza	04	Resto de África	247	Togo	Hombres	6
2001	50	Zaragoza	04	Resto de África	250	Rep. Democrática del Congo	Hombres	43
2001	50	Zaragoza	04	Resto de África	250	Rep. Democrática del Congo	Mujeres	14
2001	50	Zaragoza	04	Resto de África	251	Zambia	Mujeres	1
2001	50	Zaragoza	04	Resto de África	299	Países sin relaciones diplomáticas	Mujeres	1
2001	50	Zaragoza	05	América del Norte	301	Canadá	Hombres	8
2001	50	Zaragoza	05	América del Norte	301	Canadá	Mujeres	5
2001	50	Zaragoza	05	América del Norte	302	Estados Unidos de América	Hombres	195
2001	50	Zaragoza	05	América del Norte	302	Estados Unidos de América	Mujeres	126
2001	50	Zaragoza	06	Resto de América	303	México	Hombres	38
2001	50	Zaragoza	06	Resto de América	303	México	Mujeres	84
2001	50	Zaragoza	06	Resto de América	313	Belice	Hombres	1
2001	50	Zaragoza	06	Resto de América	314	Costa Rica	Hombres	5
2001	50	Zaragoza	06	Resto de América	314	Costa Rica	Mujeres	4
2001	50	Zaragoza	06	Resto de América	315	Cuba	Hombres	135
2001	50	Zaragoza	06	Resto de América	315	Cuba	Mujeres	253
2001	50	Zaragoza	06	Resto de América	316	Dominica	Mujeres	1
2001	50	Zaragoza	06	Resto de América	317	El Salvador	Hombres	9
2001	50	Zaragoza	06	Resto de América	317	El Salvador	Mujeres	12
2001	50	Zaragoza	06	Resto de América	319	Guatemala	Hombres	4
2001	50	Zaragoza	06	Resto de América	319	Guatemala	Mujeres	8
2001	50	Zaragoza	06	Resto de América	321	Honduras	Hombres	18
2001	50	Zaragoza	06	Resto de América	321	Honduras	Mujeres	50
2001	50	Zaragoza	06	Resto de América	322	Jamaica	Hombres	1
2001	50	Zaragoza	06	Resto de América	323	Nicaragua	Hombres	15
2001	50	Zaragoza	06	Resto de América	323	Nicaragua	Mujeres	14
2001	50	Zaragoza	06	Resto de América	324	Panamá	Hombres	8
2001	50	Zaragoza	06	Resto de América	324	Panamá	Mujeres	10
2001	50	Zaragoza	06	Resto de América	326	República Dominicana	Hombres	121
2001	50	Zaragoza	06	Resto de América	326	República Dominicana	Mujeres	314
2001	50	Zaragoza	06	Resto de América	340	Argentina	Hombres	168
2001	50	Zaragoza	06	Resto de América	340	Argentina	Mujeres	167
2001	50	Zaragoza	06	Resto de América	341	Bolivia	Hombres	11
2001	50	Zaragoza	06	Resto de América	341	Bolivia	Mujeres	20
2001	50	Zaragoza	06	Resto de América	342	Brasil	Hombres	82
2001	50	Zaragoza	06	Resto de América	342	Brasil	Mujeres	224
2001	50	Zaragoza	06	Resto de América	343	Colombia	Hombres	524
2001	50	Zaragoza	06	Resto de América	343	Colombia	Mujeres	884
2001	50	Zaragoza	06	Resto de América	344	Chile	Hombres	47
2001	50	Zaragoza	06	Resto de América	344	Chile	Mujeres	85
2001	50	Zaragoza	06	Resto de América	345	Ecuador	Hombres	1411
2001	50	Zaragoza	06	Resto de América	345	Ecuador	Mujeres	1535
2001	50	Zaragoza	06	Resto de América	347	Paraguay	Hombres	6
2001	50	Zaragoza	06	Resto de América	347	Paraguay	Mujeres	11
2001	50	Zaragoza	06	Resto de América	348	Perú	Hombres	125
2001	50	Zaragoza	06	Resto de América	348	Perú	Mujeres	170
2001	50	Zaragoza	06	Resto de América	350	Uruguay	Hombres	27
2001	50	Zaragoza	06	Resto de América	350	Uruguay	Mujeres	29
2001	50	Zaragoza	06	Resto de América	351	Venezuela	Hombres	90
2001	50	Zaragoza	06	Resto de América	351	Venezuela	Mujeres	140
2001	50	Zaragoza	07	Asia	402	Arabia Saudí	Hombres	1
2001	50	Zaragoza	07	Asia	404	Bangladesh	Hombres	6
2001	50	Zaragoza	07	Asia	404	Bangladesh	Mujeres	4
2001	50	Zaragoza	07	Asia	407	China	Hombres	183
2001	50	Zaragoza	07	Asia	407	China	Mujeres	171
2001	50	Zaragoza	07	Asia	409	Filipinas	Hombres	4
2001	50	Zaragoza	07	Asia	409	Filipinas	Mujeres	10
2001	50	Zaragoza	07	Asia	410	India	Hombres	15
2001	50	Zaragoza	07	Asia	410	India	Mujeres	19
2001	50	Zaragoza	07	Asia	412	Irak	Hombres	3
2001	50	Zaragoza	07	Asia	413	Irán	Hombres	4
2001	50	Zaragoza	07	Asia	413	Irán	Mujeres	2
2001	50	Zaragoza	07	Asia	414	Israel	Hombres	3
2001	50	Zaragoza	07	Asia	414	Israel	Mujeres	2
2001	50	Zaragoza	07	Asia	415	Japón	Hombres	2
2001	50	Zaragoza	07	Asia	415	Japón	Mujeres	7
2001	50	Zaragoza	07	Asia	416	Jordania	Hombres	20
2001	50	Zaragoza	07	Asia	416	Jordania	Mujeres	10
2001	50	Zaragoza	07	Asia	419	Laos	Hombres	1
2001	50	Zaragoza	07	Asia	419	Laos	Mujeres	2
2001	50	Zaragoza	07	Asia	420	Líbano	Hombres	16
2001	50	Zaragoza	07	Asia	420	Líbano	Mujeres	9
2001	50	Zaragoza	07	Asia	421	Malasia	Hombres	1
2001	50	Zaragoza	07	Asia	421	Malasia	Mujeres	1
2001	50	Zaragoza	07	Asia	426	Pakistán	Hombres	107
2001	50	Zaragoza	07	Asia	426	Pakistán	Mujeres	1
2001	50	Zaragoza	07	Asia	430	República de Corea	Hombres	9
2001	50	Zaragoza	07	Asia	430	República de Corea	Mujeres	12
2001	50	Zaragoza	07	Asia	433	Siria	Hombres	17
2001	50	Zaragoza	07	Asia	433	Siria	Mujeres	8
2001	50	Zaragoza	07	Asia	434	Sri-Lanka	Mujeres	1
2001	50	Zaragoza	07	Asia	435	Tailandia	Mujeres	1
2001	50	Zaragoza	07	Asia	437	Vietnam	Hombres	1
2001	50	Zaragoza	07	Asia	437	Vietnam	Mujeres	1
2001	50	Zaragoza	07	Asia	442	Azerbaiyan	Hombres	4
2001	50	Zaragoza	07	Asia	442	Azerbaiyan	Mujeres	2
2001	50	Zaragoza	07	Asia	443	Kazajstan	Hombres	1
2001	50	Zaragoza	07	Asia	443	Kazajstan	Mujeres	1
2001	50	Zaragoza	07	Asia	447	Uzbekistán	Hombres	1
2001	50	Zaragoza	07	Asia	447	Uzbekistán	Mujeres	1
2001	50	Zaragoza	07	Asia	499	Países sin relaciones diplomáticas	Hombres	2
2001	50	Zaragoza	07	Asia	499	Países sin relaciones diplomáticas	Mujeres	1
2001	50	Zaragoza	08	Oceanía	501	Australia	Hombres	5
2001	50	Zaragoza	08	Oceanía	501	Australia	Mujeres	3
2001	50	Zaragoza	08	Oceanía	504	Nueva Zelanda	Mujeres	2
2001	50	Zaragoza	08	Oceanía	511	Micronesia	Mujeres	1
2001	50	Zaragoza	09	Apátridas y no consta	555	Apátridas	Hombres	7
2001	50	Zaragoza	09	Apátridas y no consta	555	Apátridas	Mujeres	8
2002	22	Huesca	01	UE-15	102	Austria	Hombres	8
2002	22	Huesca	01	UE-15	102	Austria	Mujeres	2
2002	22	Huesca	01	UE-15	103	Bélgica	Hombres	14
2002	22	Huesca	01	UE-15	103	Bélgica	Mujeres	19
2002	22	Huesca	01	UE-15	107	Dinamarca	Hombres	1
2002	22	Huesca	01	UE-15	107	Dinamarca	Mujeres	2
2002	22	Huesca	01	UE-15	110	Francia	Hombres	140
2002	22	Huesca	01	UE-15	110	Francia	Mujeres	188
2002	22	Huesca	01	UE-15	111	Grecia	Hombres	1
2002	22	Huesca	01	UE-15	113	Irlanda	Hombres	6
2002	22	Huesca	01	UE-15	113	Irlanda	Mujeres	2
2002	22	Huesca	01	UE-15	115	Italia	Hombres	31
2002	22	Huesca	01	UE-15	115	Italia	Mujeres	18
2002	22	Huesca	01	UE-15	121	Países Bajos	Hombres	15
2002	22	Huesca	01	UE-15	121	Países Bajos	Mujeres	19
2002	22	Huesca	01	UE-15	123	Portugal	Hombres	64
2002	22	Huesca	01	UE-15	123	Portugal	Mujeres	52
2002	22	Huesca	01	UE-15	125	Reino Unido	Hombres	33
2002	22	Huesca	01	UE-15	125	Reino Unido	Mujeres	36
2002	22	Huesca	01	UE-15	126	Alemania	Hombres	38
2002	22	Huesca	01	UE-15	126	Alemania	Mujeres	34
2002	22	Huesca	01	UE-15	131	Suecia	Mujeres	1
2002	22	Huesca	02	Resto de Europa	104	Bulgaria	Hombres	128
2002	22	Huesca	02	Resto de Europa	104	Bulgaria	Mujeres	94
2002	22	Huesca	02	Resto de Europa	112	Hungría	Hombres	4
2002	22	Huesca	02	Resto de Europa	112	Hungría	Mujeres	3
2002	22	Huesca	02	Resto de Europa	122	Polonia	Hombres	59
2002	22	Huesca	02	Resto de Europa	122	Polonia	Mujeres	32
2002	22	Huesca	02	Resto de Europa	124	Andorra	Mujeres	2
2002	22	Huesca	02	Resto de Europa	128	Rumanía	Hombres	276
2002	22	Huesca	02	Resto de Europa	128	Rumanía	Mujeres	125
2002	22	Huesca	02	Resto de Europa	132	Suiza	Hombres	17
2002	22	Huesca	02	Resto de Europa	132	Suiza	Mujeres	13
2002	22	Huesca	02	Resto de Europa	135	Ucrania	Hombres	110
2002	22	Huesca	02	Resto de Europa	135	Ucrania	Mujeres	65
2002	22	Huesca	02	Resto de Europa	136	Letonia	Mujeres	1
2002	22	Huesca	02	Resto de Europa	137	Moldova	Hombres	1
2002	22	Huesca	02	Resto de Europa	138	Bielorrusia	Hombres	6
2002	22	Huesca	02	Resto de Europa	138	Bielorrusia	Mujeres	3
2002	22	Huesca	02	Resto de Europa	141	Estonia	Hombres	1
2002	22	Huesca	02	Resto de Europa	141	Estonia	Mujeres	1
2002	22	Huesca	02	Resto de Europa	142	Lituania	Hombres	68
2002	22	Huesca	02	Resto de Europa	142	Lituania	Mujeres	47
2002	22	Huesca	02	Resto de Europa	143	República Checa	Hombres	1
2002	22	Huesca	02	Resto de Europa	143	República Checa	Mujeres	3
2002	22	Huesca	02	Resto de Europa	144	Eslovaquia	Hombres	5
2002	22	Huesca	02	Resto de Europa	144	Eslovaquia	Mujeres	3
2002	22	Huesca	02	Resto de Europa	147	Eslovenia	Hombres	1
2002	22	Huesca	02	Resto de Europa	148	Armenia	Hombres	9
2002	22	Huesca	02	Resto de Europa	148	Armenia	Mujeres	4
2002	22	Huesca	02	Resto de Europa	154	Rusia	Hombres	11
2002	22	Huesca	02	Resto de Europa	154	Rusia	Mujeres	14
2002	22	Huesca	02	Resto de Europa	155	Yugoslavia	Hombres	1
2002	22	Huesca	02	Resto de Europa	199	Países sin relaciones diplomáticas	Hombres	2
2002	22	Huesca	02	Resto de Europa	199	Países sin relaciones diplomáticas	Mujeres	2
2002	22	Huesca	03	Magreb	203	Argelia	Hombres	584
2002	22	Huesca	03	Magreb	203	Argelia	Mujeres	49
2002	22	Huesca	03	Magreb	228	Marruecos	Hombres	658
2002	22	Huesca	03	Magreb	228	Marruecos	Mujeres	269
2002	22	Huesca	03	Magreb	230	Mauritania	Hombres	56
2002	22	Huesca	03	Magreb	230	Mauritania	Mujeres	15
2002	22	Huesca	03	Magreb	248	Túnez	Hombres	4
2002	22	Huesca	04	Resto de África	201	Burkina Fasso	Hombres	17
2002	22	Huesca	04	Resto de África	201	Burkina Fasso	Mujeres	2
2002	22	Huesca	04	Resto de África	202	Angola	Hombres	4
2002	22	Huesca	04	Resto de África	202	Angola	Mujeres	2
2002	22	Huesca	04	Resto de África	204	Benin	Hombres	1
2002	22	Huesca	04	Resto de África	206	Burundi	Mujeres	1
2002	22	Huesca	04	Resto de África	207	Cabo Verde	Hombres	2
2002	22	Huesca	04	Resto de África	207	Cabo Verde	Mujeres	2
2002	22	Huesca	04	Resto de África	208	Camerún	Hombres	6
2002	22	Huesca	04	Resto de África	208	Camerún	Mujeres	2
2002	22	Huesca	04	Resto de África	209	Comores	Mujeres	1
2002	22	Huesca	04	Resto de África	210	Congo	Hombres	1
2002	22	Huesca	04	Resto de África	211	Costa de Marfil	Hombres	10
2002	22	Huesca	04	Resto de África	211	Costa de Marfil	Mujeres	2
2002	22	Huesca	04	Resto de África	213	Egipto	Hombres	2
2002	22	Huesca	04	Resto de África	215	Gabón	Hombres	1
2002	22	Huesca	04	Resto de África	216	Gambia	Hombres	293
2002	22	Huesca	04	Resto de África	216	Gambia	Mujeres	81
2002	22	Huesca	04	Resto de África	217	Ghana	Hombres	28
2002	22	Huesca	04	Resto de África	217	Ghana	Mujeres	8
2002	22	Huesca	04	Resto de África	218	Guinea	Hombres	140
2002	22	Huesca	04	Resto de África	218	Guinea	Mujeres	18
2002	22	Huesca	04	Resto de África	219	Guinea Bissau	Hombres	9
2002	22	Huesca	04	Resto de África	220	Guinea Ecuatorial	Hombres	5
2002	22	Huesca	04	Resto de África	220	Guinea Ecuatorial	Mujeres	9
2002	22	Huesca	04	Resto de África	221	Kenia	Hombres	2
2002	22	Huesca	04	Resto de África	221	Kenia	Mujeres	8
2002	22	Huesca	04	Resto de África	223	Liberia	Hombres	5
2002	22	Huesca	04	Resto de África	223	Liberia	Mujeres	2
2002	22	Huesca	04	Resto de África	227	Mali	Hombres	276
2002	22	Huesca	04	Resto de África	227	Mali	Mujeres	15
2002	22	Huesca	04	Resto de África	233	Níger	Hombres	4
2002	22	Huesca	04	Resto de África	234	Nigeria	Hombres	17
2002	22	Huesca	04	Resto de África	234	Nigeria	Mujeres	14
2002	22	Huesca	04	Resto de África	236	Sudáfrica	Hombres	2
2002	22	Huesca	04	Resto de África	239	Senegal	Hombres	112
2002	22	Huesca	04	Resto de África	239	Senegal	Mujeres	8
2002	22	Huesca	04	Resto de África	241	Sierra Leona	Hombres	3
2002	22	Huesca	04	Resto de África	241	Sierra Leona	Mujeres	2
2002	22	Huesca	04	Resto de África	242	Somalia	Hombres	5
2002	22	Huesca	04	Resto de África	250	Rep. Democrática del Congo	Hombres	1
2002	22	Huesca	05	América del Norte	301	Canadá	Hombres	6
2002	22	Huesca	05	América del Norte	301	Canadá	Mujeres	2
2002	22	Huesca	05	América del Norte	302	Estados Unidos de América	Hombres	26
2002	22	Huesca	05	América del Norte	302	Estados Unidos de América	Mujeres	25
2002	22	Huesca	06	Resto de América	303	México	Hombres	4
2002	22	Huesca	06	Resto de América	303	México	Mujeres	14
2002	22	Huesca	06	Resto de América	314	Costa Rica	Hombres	1
2002	22	Huesca	06	Resto de América	314	Costa Rica	Mujeres	2
2002	22	Huesca	06	Resto de América	315	Cuba	Hombres	40
2002	22	Huesca	06	Resto de América	315	Cuba	Mujeres	76
2002	22	Huesca	06	Resto de América	316	Dominica	Hombres	1
2002	22	Huesca	06	Resto de América	316	Dominica	Mujeres	7
2002	22	Huesca	06	Resto de América	317	El Salvador	Mujeres	2
2002	22	Huesca	06	Resto de América	318	Granada	Hombres	1
2002	22	Huesca	06	Resto de América	319	Guatemala	Hombres	5
2002	22	Huesca	06	Resto de América	319	Guatemala	Mujeres	7
2002	22	Huesca	06	Resto de América	320	Haití	Mujeres	1
2002	22	Huesca	06	Resto de América	321	Honduras	Hombres	5
2002	22	Huesca	06	Resto de América	321	Honduras	Mujeres	9
2002	22	Huesca	06	Resto de América	323	Nicaragua	Hombres	1
2002	22	Huesca	06	Resto de América	323	Nicaragua	Mujeres	2
2002	22	Huesca	06	Resto de América	324	Panamá	Hombres	3
2002	22	Huesca	06	Resto de América	324	Panamá	Mujeres	6
2002	22	Huesca	06	Resto de América	326	República Dominicana	Hombres	29
2002	22	Huesca	06	Resto de América	326	República Dominicana	Mujeres	131
2002	22	Huesca	06	Resto de América	340	Argentina	Hombres	79
2002	22	Huesca	06	Resto de América	340	Argentina	Mujeres	74
2002	22	Huesca	06	Resto de América	341	Bolivia	Hombres	16
2002	22	Huesca	06	Resto de América	341	Bolivia	Mujeres	9
2002	22	Huesca	06	Resto de América	342	Brasil	Hombres	9
2002	22	Huesca	06	Resto de América	342	Brasil	Mujeres	46
2002	22	Huesca	06	Resto de América	343	Colombia	Hombres	225
2002	22	Huesca	06	Resto de América	343	Colombia	Mujeres	388
2002	22	Huesca	06	Resto de América	344	Chile	Hombres	7
2002	22	Huesca	06	Resto de América	344	Chile	Mujeres	16
2002	22	Huesca	06	Resto de América	345	Ecuador	Hombres	246
2002	22	Huesca	06	Resto de América	345	Ecuador	Mujeres	251
2002	22	Huesca	06	Resto de América	347	Paraguay	Hombres	1
2002	22	Huesca	06	Resto de América	347	Paraguay	Mujeres	2
2002	22	Huesca	06	Resto de América	348	Perú	Hombres	30
2002	22	Huesca	06	Resto de América	348	Perú	Mujeres	39
2002	22	Huesca	06	Resto de América	350	Uruguay	Hombres	9
2002	22	Huesca	06	Resto de América	350	Uruguay	Mujeres	4
2002	22	Huesca	06	Resto de América	351	Venezuela	Hombres	3
2002	22	Huesca	06	Resto de América	351	Venezuela	Mujeres	22
2002	22	Huesca	07	Asia	401	Afganistán	Hombres	1
2002	22	Huesca	07	Asia	405	Myanmar (Birmania)	Hombres	1
2002	22	Huesca	07	Asia	407	China	Hombres	37
2002	22	Huesca	07	Asia	407	China	Mujeres	37
2002	22	Huesca	07	Asia	409	Filipinas	Hombres	2
2002	22	Huesca	07	Asia	409	Filipinas	Mujeres	6
2002	22	Huesca	07	Asia	410	India	Mujeres	1
2002	22	Huesca	07	Asia	411	Indonesia	Mujeres	1
2002	22	Huesca	07	Asia	415	Japón	Hombres	2
2002	22	Huesca	07	Asia	416	Jordania	Hombres	1
2002	22	Huesca	07	Asia	419	Laos	Hombres	2
2002	22	Huesca	07	Asia	419	Laos	Mujeres	1
2002	22	Huesca	07	Asia	420	Líbano	Hombres	1
2002	22	Huesca	07	Asia	423	Mongolia	Mujeres	1
2002	22	Huesca	07	Asia	426	Pakistán	Hombres	8
2002	22	Huesca	07	Asia	430	República de Corea	Hombres	7
2002	22	Huesca	07	Asia	430	República de Corea	Mujeres	6
2002	22	Huesca	07	Asia	433	Siria	Hombres	1
2002	22	Huesca	07	Asia	433	Siria	Mujeres	1
2002	22	Huesca	07	Asia	435	Tailandia	Hombres	1
2002	22	Huesca	07	Asia	435	Tailandia	Mujeres	3
2002	22	Huesca	07	Asia	443	Kazajstan	Hombres	3
2002	22	Huesca	07	Asia	443	Kazajstan	Mujeres	1
2002	22	Huesca	07	Asia	499	Países sin relaciones diplomáticas	Mujeres	1
2002	22	Huesca	08	Oceanía	501	Australia	Hombres	4
2002	22	Huesca	08	Oceanía	501	Australia	Mujeres	3
2002	22	Huesca	08	Oceanía	511	Micronesia	Hombres	4
2002	22	Huesca	08	Oceanía	512	Tuvalu	Hombres	30
2002	22	Huesca	08	Oceanía	512	Tuvalu	Mujeres	14
2002	22	Huesca	08	Oceanía	599	Países sin relaciones diplomáticas	Hombres	1
2002	44	Teruel	01	UE-15	102	Austria	Hombres	1
2002	44	Teruel	01	UE-15	103	Bélgica	Hombres	5
2002	44	Teruel	01	UE-15	103	Bélgica	Mujeres	8
2002	44	Teruel	01	UE-15	107	Dinamarca	Mujeres	1
2002	44	Teruel	01	UE-15	110	Francia	Hombres	37
2002	44	Teruel	01	UE-15	110	Francia	Mujeres	40
2002	44	Teruel	01	UE-15	111	Grecia	Hombres	2
2002	44	Teruel	01	UE-15	113	Irlanda	Hombres	1
2002	44	Teruel	01	UE-15	113	Irlanda	Mujeres	1
2002	44	Teruel	01	UE-15	115	Italia	Hombres	21
2002	44	Teruel	01	UE-15	115	Italia	Mujeres	12
2002	44	Teruel	01	UE-15	121	Países Bajos	Hombres	4
2002	44	Teruel	01	UE-15	121	Países Bajos	Mujeres	3
2002	44	Teruel	01	UE-15	123	Portugal	Hombres	48
2002	44	Teruel	01	UE-15	123	Portugal	Mujeres	23
2002	44	Teruel	01	UE-15	125	Reino Unido	Hombres	16
2002	44	Teruel	01	UE-15	125	Reino Unido	Mujeres	15
2002	44	Teruel	01	UE-15	126	Alemania	Hombres	15
2002	44	Teruel	01	UE-15	126	Alemania	Mujeres	16
2002	44	Teruel	02	Resto de Europa	101	Albania	Hombres	1
2002	44	Teruel	02	Resto de Europa	104	Bulgaria	Hombres	49
2002	44	Teruel	02	Resto de Europa	104	Bulgaria	Mujeres	36
2002	44	Teruel	02	Resto de Europa	112	Hungría	Hombres	1
2002	44	Teruel	02	Resto de Europa	122	Polonia	Hombres	82
2002	44	Teruel	02	Resto de Europa	122	Polonia	Mujeres	48
2002	44	Teruel	02	Resto de Europa	128	Rumanía	Hombres	382
2002	44	Teruel	02	Resto de Europa	128	Rumanía	Mujeres	192
2002	44	Teruel	02	Resto de Europa	132	Suiza	Hombres	1
2002	44	Teruel	02	Resto de Europa	132	Suiza	Mujeres	2
2002	44	Teruel	02	Resto de Europa	135	Ucrania	Hombres	42
2002	44	Teruel	02	Resto de Europa	135	Ucrania	Mujeres	29
2002	44	Teruel	02	Resto de Europa	136	Letonia	Hombres	5
2002	44	Teruel	02	Resto de Europa	137	Moldova	Hombres	6
2002	44	Teruel	02	Resto de Europa	138	Bielorrusia	Hombres	2
2002	44	Teruel	02	Resto de Europa	138	Bielorrusia	Mujeres	4
2002	44	Teruel	02	Resto de Europa	143	República Checa	Hombres	10
2002	44	Teruel	02	Resto de Europa	143	República Checa	Mujeres	7
2002	44	Teruel	02	Resto de Europa	144	Eslovaquia	Hombres	1
2002	44	Teruel	02	Resto de Europa	154	Rusia	Hombres	1
2002	44	Teruel	02	Resto de Europa	154	Rusia	Mujeres	9
2002	44	Teruel	02	Resto de Europa	155	Yugoslavia	Hombres	10
2002	44	Teruel	02	Resto de Europa	155	Yugoslavia	Mujeres	10
2002	44	Teruel	03	Magreb	203	Argelia	Hombres	102
2002	44	Teruel	03	Magreb	203	Argelia	Mujeres	17
2002	44	Teruel	03	Magreb	228	Marruecos	Hombres	580
2002	44	Teruel	03	Magreb	228	Marruecos	Mujeres	182
2002	44	Teruel	03	Magreb	230	Mauritania	Hombres	2
2002	44	Teruel	03	Magreb	230	Mauritania	Mujeres	1
2002	44	Teruel	03	Magreb	248	Túnez	Mujeres	1
2002	44	Teruel	04	Resto de África	202	Angola	Hombres	1
2002	44	Teruel	04	Resto de África	207	Cabo Verde	Hombres	34
2002	44	Teruel	04	Resto de África	207	Cabo Verde	Mujeres	22
2002	44	Teruel	04	Resto de África	216	Gambia	Hombres	11
2002	44	Teruel	04	Resto de África	216	Gambia	Mujeres	8
2002	44	Teruel	04	Resto de África	218	Guinea	Hombres	2
2002	44	Teruel	04	Resto de África	219	Guinea Bissau	Hombres	1
2002	44	Teruel	04	Resto de África	220	Guinea Ecuatorial	Hombres	1
2002	44	Teruel	04	Resto de África	220	Guinea Ecuatorial	Mujeres	2
2002	44	Teruel	04	Resto de África	227	Mali	Hombres	3
2002	44	Teruel	04	Resto de África	234	Nigeria	Hombres	6
2002	44	Teruel	04	Resto de África	234	Nigeria	Mujeres	5
2002	44	Teruel	04	Resto de África	235	República Centroafricana	Mujeres	1
2002	44	Teruel	04	Resto de África	236	Sudáfrica	Hombres	1
2002	44	Teruel	04	Resto de África	237	Ruanda	Hombres	1
2002	44	Teruel	04	Resto de África	239	Senegal	Hombres	14
2002	44	Teruel	04	Resto de África	239	Senegal	Mujeres	4
2002	44	Teruel	04	Resto de África	250	Rep. Democrática del Congo	Hombres	1
2002	44	Teruel	05	América del Norte	301	Canadá	Hombres	1
2002	44	Teruel	05	América del Norte	302	Estados Unidos de América	Hombres	3
2002	44	Teruel	05	América del Norte	302	Estados Unidos de América	Mujeres	2
2002	44	Teruel	06	Resto de América	303	México	Hombres	2
2002	44	Teruel	06	Resto de América	303	México	Mujeres	5
2002	44	Teruel	06	Resto de América	314	Costa Rica	Mujeres	1
2002	44	Teruel	06	Resto de América	315	Cuba	Hombres	22
2002	44	Teruel	06	Resto de América	315	Cuba	Mujeres	29
2002	44	Teruel	06	Resto de América	316	Dominica	Hombres	3
2002	44	Teruel	06	Resto de América	316	Dominica	Mujeres	2
2002	44	Teruel	06	Resto de América	321	Honduras	Hombres	3
2002	44	Teruel	06	Resto de América	321	Honduras	Mujeres	4
2002	44	Teruel	06	Resto de América	323	Nicaragua	Hombres	1
2002	44	Teruel	06	Resto de América	323	Nicaragua	Mujeres	2
2002	44	Teruel	06	Resto de América	326	República Dominicana	Hombres	14
2002	44	Teruel	06	Resto de América	326	República Dominicana	Mujeres	54
2002	44	Teruel	06	Resto de América	340	Argentina	Hombres	91
2002	44	Teruel	06	Resto de América	340	Argentina	Mujeres	113
2002	44	Teruel	06	Resto de América	341	Bolivia	Hombres	4
2002	44	Teruel	06	Resto de América	341	Bolivia	Mujeres	5
2002	44	Teruel	06	Resto de América	342	Brasil	Hombres	20
2002	44	Teruel	06	Resto de América	342	Brasil	Mujeres	54
2002	44	Teruel	06	Resto de América	343	Colombia	Hombres	151
2002	44	Teruel	06	Resto de América	343	Colombia	Mujeres	237
2002	44	Teruel	06	Resto de América	344	Chile	Hombres	12
2002	44	Teruel	06	Resto de América	344	Chile	Mujeres	16
2002	44	Teruel	06	Resto de América	345	Ecuador	Hombres	93
2002	44	Teruel	06	Resto de América	345	Ecuador	Mujeres	94
2002	44	Teruel	06	Resto de América	347	Paraguay	Mujeres	3
2002	44	Teruel	06	Resto de América	348	Perú	Hombres	1
2002	44	Teruel	06	Resto de América	348	Perú	Mujeres	12
2002	44	Teruel	06	Resto de América	350	Uruguay	Hombres	20
2002	44	Teruel	06	Resto de América	350	Uruguay	Mujeres	18
2002	44	Teruel	06	Resto de América	351	Venezuela	Hombres	4
2002	44	Teruel	06	Resto de América	351	Venezuela	Mujeres	5
2002	44	Teruel	07	Asia	407	China	Hombres	8
2002	44	Teruel	07	Asia	407	China	Mujeres	5
2002	44	Teruel	07	Asia	409	Filipinas	Mujeres	1
2002	44	Teruel	07	Asia	410	India	Hombres	1
2002	44	Teruel	07	Asia	413	Irán	Hombres	3
2002	44	Teruel	07	Asia	413	Irán	Mujeres	1
2002	44	Teruel	07	Asia	420	Líbano	Hombres	1
2002	44	Teruel	07	Asia	426	Pakistán	Hombres	171
2002	44	Teruel	07	Asia	426	Pakistán	Mujeres	30
2002	44	Teruel	07	Asia	434	Sri-Lanka	Mujeres	1
2002	44	Teruel	08	Oceanía	504	Nueva Zelanda	Hombres	1
2002	50	Zaragoza	01	UE-15	102	Austria	Hombres	8
2002	50	Zaragoza	01	UE-15	102	Austria	Mujeres	8
2002	50	Zaragoza	01	UE-15	103	Bélgica	Hombres	33
2002	50	Zaragoza	01	UE-15	103	Bélgica	Mujeres	24
2002	50	Zaragoza	01	UE-15	107	Dinamarca	Hombres	14
2002	50	Zaragoza	01	UE-15	107	Dinamarca	Mujeres	3
2002	50	Zaragoza	01	UE-15	109	Finlandia	Mujeres	3
2002	50	Zaragoza	01	UE-15	110	Francia	Hombres	291
2002	50	Zaragoza	01	UE-15	110	Francia	Mujeres	377
2002	50	Zaragoza	01	UE-15	111	Grecia	Hombres	4
2002	50	Zaragoza	01	UE-15	113	Irlanda	Hombres	13
2002	50	Zaragoza	01	UE-15	113	Irlanda	Mujeres	20
2002	50	Zaragoza	01	UE-15	115	Italia	Hombres	235
2002	50	Zaragoza	01	UE-15	115	Italia	Mujeres	124
2002	50	Zaragoza	01	UE-15	121	Países Bajos	Hombres	58
2002	50	Zaragoza	01	UE-15	121	Países Bajos	Mujeres	41
2002	50	Zaragoza	01	UE-15	123	Portugal	Hombres	385
2002	50	Zaragoza	01	UE-15	123	Portugal	Mujeres	339
2002	50	Zaragoza	01	UE-15	125	Reino Unido	Hombres	123
2002	50	Zaragoza	01	UE-15	125	Reino Unido	Mujeres	110
2002	50	Zaragoza	01	UE-15	126	Alemania	Hombres	138
2002	50	Zaragoza	01	UE-15	126	Alemania	Mujeres	124
2002	50	Zaragoza	01	UE-15	131	Suecia	Hombres	11
2002	50	Zaragoza	01	UE-15	131	Suecia	Mujeres	12
2002	50	Zaragoza	02	Resto de Europa	101	Albania	Hombres	15
2002	50	Zaragoza	02	Resto de Europa	101	Albania	Mujeres	16
2002	50	Zaragoza	02	Resto de Europa	104	Bulgaria	Hombres	317
2002	50	Zaragoza	02	Resto de Europa	104	Bulgaria	Mujeres	237
2002	50	Zaragoza	02	Resto de Europa	112	Hungría	Hombres	12
2002	50	Zaragoza	02	Resto de Europa	112	Hungría	Mujeres	13
2002	50	Zaragoza	02	Resto de Europa	118	Malta	Hombres	1
2002	50	Zaragoza	02	Resto de Europa	120	Noruega	Hombres	7
2002	50	Zaragoza	02	Resto de Europa	120	Noruega	Mujeres	7
2002	50	Zaragoza	02	Resto de Europa	122	Polonia	Hombres	139
2002	50	Zaragoza	02	Resto de Europa	122	Polonia	Mujeres	104
2002	50	Zaragoza	02	Resto de Europa	124	Andorra	Hombres	2
2002	50	Zaragoza	02	Resto de Europa	124	Andorra	Mujeres	4
2002	50	Zaragoza	02	Resto de Europa	128	Rumanía	Hombres	3176
2002	50	Zaragoza	02	Resto de Europa	128	Rumanía	Mujeres	1642
2002	50	Zaragoza	02	Resto de Europa	129	San Marino	Hombres	1
2002	50	Zaragoza	02	Resto de Europa	132	Suiza	Hombres	30
2002	50	Zaragoza	02	Resto de Europa	132	Suiza	Mujeres	19
2002	50	Zaragoza	02	Resto de Europa	135	Ucrania	Hombres	301
2002	50	Zaragoza	02	Resto de Europa	135	Ucrania	Mujeres	311
2002	50	Zaragoza	02	Resto de Europa	136	Letonia	Hombres	3
2002	50	Zaragoza	02	Resto de Europa	136	Letonia	Mujeres	3
2002	50	Zaragoza	02	Resto de Europa	137	Moldova	Hombres	46
2002	50	Zaragoza	02	Resto de Europa	137	Moldova	Mujeres	27
2002	50	Zaragoza	02	Resto de Europa	138	Bielorrusia	Hombres	17
2002	50	Zaragoza	02	Resto de Europa	138	Bielorrusia	Mujeres	20
2002	50	Zaragoza	02	Resto de Europa	139	Georgia	Hombres	12
2002	50	Zaragoza	02	Resto de Europa	139	Georgia	Mujeres	4
2002	50	Zaragoza	02	Resto de Europa	141	Estonia	Hombres	1
2002	50	Zaragoza	02	Resto de Europa	142	Lituania	Hombres	17
2002	50	Zaragoza	02	Resto de Europa	142	Lituania	Mujeres	13
2002	50	Zaragoza	02	Resto de Europa	143	República Checa	Hombres	9
2002	50	Zaragoza	02	Resto de Europa	143	República Checa	Mujeres	26
2002	50	Zaragoza	02	Resto de Europa	144	Eslovaquia	Hombres	1
2002	50	Zaragoza	02	Resto de Europa	144	Eslovaquia	Mujeres	5
2002	50	Zaragoza	02	Resto de Europa	145	Bosnia-Herzegovina	Hombres	16
2002	50	Zaragoza	02	Resto de Europa	145	Bosnia-Herzegovina	Mujeres	21
2002	50	Zaragoza	02	Resto de Europa	146	Croacia	Hombres	7
2002	50	Zaragoza	02	Resto de Europa	146	Croacia	Mujeres	1
2002	50	Zaragoza	02	Resto de Europa	147	Eslovenia	Mujeres	5
2002	50	Zaragoza	02	Resto de Europa	148	Armenia	Hombres	17
2002	50	Zaragoza	02	Resto de Europa	148	Armenia	Mujeres	11
2002	50	Zaragoza	02	Resto de Europa	154	Rusia	Hombres	84
2002	50	Zaragoza	02	Resto de Europa	154	Rusia	Mujeres	167
2002	50	Zaragoza	02	Resto de Europa	155	Yugoslavia	Hombres	18
2002	50	Zaragoza	02	Resto de Europa	155	Yugoslavia	Mujeres	7
2002	50	Zaragoza	02	Resto de Europa	156	Macedonia	Mujeres	2
2002	50	Zaragoza	02	Resto de Europa	199	Países sin relaciones diplomáticas	Mujeres	1
2002	50	Zaragoza	02	Resto de Europa	436	Turquía	Hombres	10
2002	50	Zaragoza	02	Resto de Europa	436	Turquía	Mujeres	1
2002	50	Zaragoza	03	Magreb	203	Argelia	Hombres	2061
2002	50	Zaragoza	03	Magreb	203	Argelia	Mujeres	367
2002	50	Zaragoza	03	Magreb	224	Libia	Hombres	4
2002	50	Zaragoza	03	Magreb	224	Libia	Mujeres	4
2002	50	Zaragoza	03	Magreb	228	Marruecos	Hombres	2521
2002	50	Zaragoza	03	Magreb	228	Marruecos	Mujeres	1005
2002	50	Zaragoza	03	Magreb	230	Mauritania	Hombres	84
2002	50	Zaragoza	03	Magreb	230	Mauritania	Mujeres	20
2002	50	Zaragoza	03	Magreb	248	Túnez	Hombres	19
2002	50	Zaragoza	03	Magreb	248	Túnez	Mujeres	10
2002	50	Zaragoza	04	Resto de África	201	Burkina Fasso	Hombres	2
2002	50	Zaragoza	04	Resto de África	202	Angola	Hombres	38
2002	50	Zaragoza	04	Resto de África	202	Angola	Mujeres	25
2002	50	Zaragoza	04	Resto de África	204	Benin	Hombres	5
2002	50	Zaragoza	04	Resto de África	204	Benin	Mujeres	1
2002	50	Zaragoza	04	Resto de África	206	Burundi	Hombres	1
2002	50	Zaragoza	04	Resto de África	207	Cabo Verde	Hombres	132
2002	50	Zaragoza	04	Resto de África	207	Cabo Verde	Mujeres	116
2002	50	Zaragoza	04	Resto de África	208	Camerún	Hombres	53
2002	50	Zaragoza	04	Resto de África	208	Camerún	Mujeres	41
2002	50	Zaragoza	04	Resto de África	210	Congo	Hombres	35
2002	50	Zaragoza	04	Resto de África	210	Congo	Mujeres	8
2002	50	Zaragoza	04	Resto de África	211	Costa de Marfil	Hombres	28
2002	50	Zaragoza	04	Resto de África	211	Costa de Marfil	Mujeres	8
2002	50	Zaragoza	04	Resto de África	213	Egipto	Hombres	76
2002	50	Zaragoza	04	Resto de África	213	Egipto	Mujeres	6
2002	50	Zaragoza	04	Resto de África	214	Etiopía	Hombres	2
2002	50	Zaragoza	04	Resto de África	215	Gabón	Hombres	2
2002	50	Zaragoza	04	Resto de África	216	Gambia	Hombres	379
2002	50	Zaragoza	04	Resto de África	216	Gambia	Mujeres	220
2002	50	Zaragoza	04	Resto de África	217	Ghana	Hombres	471
2002	50	Zaragoza	04	Resto de África	217	Ghana	Mujeres	121
2002	50	Zaragoza	04	Resto de África	218	Guinea	Hombres	114
2002	50	Zaragoza	04	Resto de África	218	Guinea	Mujeres	167
2002	50	Zaragoza	04	Resto de África	219	Guinea Bissau	Hombres	34
2002	50	Zaragoza	04	Resto de África	219	Guinea Bissau	Mujeres	3
2002	50	Zaragoza	04	Resto de África	220	Guinea Ecuatorial	Hombres	183
2002	50	Zaragoza	04	Resto de África	220	Guinea Ecuatorial	Mujeres	327
2002	50	Zaragoza	04	Resto de África	221	Kenia	Mujeres	3
2002	50	Zaragoza	04	Resto de África	222	Lesotho	Hombres	1
2002	50	Zaragoza	04	Resto de África	223	Liberia	Hombres	64
2002	50	Zaragoza	04	Resto de África	223	Liberia	Mujeres	19
2002	50	Zaragoza	04	Resto de África	227	Mali	Hombres	123
2002	50	Zaragoza	04	Resto de África	227	Mali	Mujeres	19
2002	50	Zaragoza	04	Resto de África	231	Mozambique	Hombres	1
2002	50	Zaragoza	04	Resto de África	231	Mozambique	Mujeres	2
2002	50	Zaragoza	04	Resto de África	232	Namibia	Hombres	1
2002	50	Zaragoza	04	Resto de África	232	Namibia	Mujeres	1
2002	50	Zaragoza	04	Resto de África	233	Níger	Hombres	6
2002	50	Zaragoza	04	Resto de África	234	Nigeria	Hombres	107
2002	50	Zaragoza	04	Resto de África	234	Nigeria	Mujeres	126
2002	50	Zaragoza	04	Resto de África	235	República Centroafricana	Hombres	1
2002	50	Zaragoza	04	Resto de África	235	República Centroafricana	Mujeres	2
2002	50	Zaragoza	04	Resto de África	236	Sudáfrica	Hombres	5
2002	50	Zaragoza	04	Resto de África	236	Sudáfrica	Mujeres	2
2002	50	Zaragoza	04	Resto de África	237	Ruanda	Hombres	7
2002	50	Zaragoza	04	Resto de África	237	Ruanda	Mujeres	1
2002	50	Zaragoza	04	Resto de África	239	Senegal	Hombres	636
2002	50	Zaragoza	04	Resto de África	239	Senegal	Mujeres	90
2002	50	Zaragoza	04	Resto de África	241	Sierra Leona	Hombres	16
2002	50	Zaragoza	04	Resto de África	241	Sierra Leona	Mujeres	11
2002	50	Zaragoza	04	Resto de África	242	Somalia	Hombres	1
2002	50	Zaragoza	04	Resto de África	243	Sudán	Hombres	2
2002	50	Zaragoza	04	Resto de África	243	Sudán	Mujeres	2
2002	50	Zaragoza	04	Resto de África	245	Tanzania	Hombres	2
2002	50	Zaragoza	04	Resto de África	246	Chad	Hombres	7
2002	50	Zaragoza	04	Resto de África	247	Togo	Hombres	8
2002	50	Zaragoza	04	Resto de África	247	Togo	Mujeres	1
2002	50	Zaragoza	04	Resto de África	250	Rep. Democrática del Congo	Hombres	49
2002	50	Zaragoza	04	Resto de África	250	Rep. Democrática del Congo	Mujeres	18
2002	50	Zaragoza	04	Resto de África	251	Zambia	Mujeres	1
2002	50	Zaragoza	04	Resto de África	299	Países sin relaciones diplomáticas	Mujeres	1
2002	50	Zaragoza	05	América del Norte	301	Canadá	Hombres	9
2002	50	Zaragoza	05	América del Norte	301	Canadá	Mujeres	7
2002	50	Zaragoza	05	América del Norte	302	Estados Unidos de América	Hombres	210
2002	50	Zaragoza	05	América del Norte	302	Estados Unidos de América	Mujeres	132
2002	50	Zaragoza	06	Resto de América	303	México	Hombres	62
2002	50	Zaragoza	06	Resto de América	303	México	Mujeres	128
2002	50	Zaragoza	06	Resto de América	313	Belice	Hombres	1
2002	50	Zaragoza	06	Resto de América	314	Costa Rica	Hombres	7
2002	50	Zaragoza	06	Resto de América	314	Costa Rica	Mujeres	5
2002	50	Zaragoza	06	Resto de América	315	Cuba	Hombres	194
2002	50	Zaragoza	06	Resto de América	315	Cuba	Mujeres	350
2002	50	Zaragoza	06	Resto de América	316	Dominica	Mujeres	3
2002	50	Zaragoza	06	Resto de América	317	El Salvador	Hombres	15
2002	50	Zaragoza	06	Resto de América	317	El Salvador	Mujeres	28
2002	50	Zaragoza	06	Resto de América	319	Guatemala	Hombres	5
2002	50	Zaragoza	06	Resto de América	319	Guatemala	Mujeres	11
2002	50	Zaragoza	06	Resto de América	321	Honduras	Hombres	30
2002	50	Zaragoza	06	Resto de América	321	Honduras	Mujeres	61
2002	50	Zaragoza	06	Resto de América	322	Jamaica	Hombres	1
2002	50	Zaragoza	06	Resto de América	323	Nicaragua	Hombres	18
2002	50	Zaragoza	06	Resto de América	323	Nicaragua	Mujeres	25
2002	50	Zaragoza	06	Resto de América	324	Panamá	Hombres	9
2002	50	Zaragoza	06	Resto de América	324	Panamá	Mujeres	10
2002	50	Zaragoza	06	Resto de América	326	República Dominicana	Hombres	156
2002	50	Zaragoza	06	Resto de América	326	República Dominicana	Mujeres	429
2002	50	Zaragoza	06	Resto de América	340	Argentina	Hombres	254
2002	50	Zaragoza	06	Resto de América	340	Argentina	Mujeres	276
2002	50	Zaragoza	06	Resto de América	341	Bolivia	Hombres	24
2002	50	Zaragoza	06	Resto de América	341	Bolivia	Mujeres	33
2002	50	Zaragoza	06	Resto de América	342	Brasil	Hombres	128
2002	50	Zaragoza	06	Resto de América	342	Brasil	Mujeres	349
2002	50	Zaragoza	06	Resto de América	343	Colombia	Hombres	1284
2002	50	Zaragoza	06	Resto de América	343	Colombia	Mujeres	2055
2002	50	Zaragoza	06	Resto de América	344	Chile	Hombres	86
2002	50	Zaragoza	06	Resto de América	344	Chile	Mujeres	121
2002	50	Zaragoza	06	Resto de América	345	Ecuador	Hombres	2817
2002	50	Zaragoza	06	Resto de América	345	Ecuador	Mujeres	3138
2002	50	Zaragoza	06	Resto de América	347	Paraguay	Hombres	6
2002	50	Zaragoza	06	Resto de América	347	Paraguay	Mujeres	12
2002	50	Zaragoza	06	Resto de América	348	Perú	Hombres	171
2002	50	Zaragoza	06	Resto de América	348	Perú	Mujeres	214
2002	50	Zaragoza	06	Resto de América	350	Uruguay	Hombres	59
2002	50	Zaragoza	06	Resto de América	350	Uruguay	Mujeres	57
2002	50	Zaragoza	06	Resto de América	351	Venezuela	Hombres	121
2002	50	Zaragoza	06	Resto de América	351	Venezuela	Mujeres	181
2002	50	Zaragoza	07	Asia	404	Bangladesh	Hombres	6
2002	50	Zaragoza	07	Asia	404	Bangladesh	Mujeres	5
2002	50	Zaragoza	07	Asia	407	China	Hombres	325
2002	50	Zaragoza	07	Asia	407	China	Mujeres	285
2002	50	Zaragoza	07	Asia	409	Filipinas	Hombres	4
2002	50	Zaragoza	07	Asia	409	Filipinas	Mujeres	11
2002	50	Zaragoza	07	Asia	410	India	Hombres	16
2002	50	Zaragoza	07	Asia	410	India	Mujeres	28
2002	50	Zaragoza	07	Asia	412	Irak	Hombres	2
2002	50	Zaragoza	07	Asia	413	Irán	Hombres	5
2002	50	Zaragoza	07	Asia	413	Irán	Mujeres	3
2002	50	Zaragoza	07	Asia	414	Israel	Hombres	5
2002	50	Zaragoza	07	Asia	414	Israel	Mujeres	2
2002	50	Zaragoza	07	Asia	415	Japón	Hombres	3
2002	50	Zaragoza	07	Asia	415	Japón	Mujeres	10
2002	50	Zaragoza	07	Asia	416	Jordania	Hombres	29
2002	50	Zaragoza	07	Asia	416	Jordania	Mujeres	12
2002	50	Zaragoza	07	Asia	419	Laos	Hombres	1
2002	50	Zaragoza	07	Asia	419	Laos	Mujeres	2
2002	50	Zaragoza	07	Asia	420	Líbano	Hombres	18
2002	50	Zaragoza	07	Asia	420	Líbano	Mujeres	9
2002	50	Zaragoza	07	Asia	421	Malasia	Hombres	1
2002	50	Zaragoza	07	Asia	421	Malasia	Mujeres	1
2002	50	Zaragoza	07	Asia	426	Pakistán	Hombres	156
2002	50	Zaragoza	07	Asia	430	República de Corea	Hombres	8
2002	50	Zaragoza	07	Asia	430	República de Corea	Mujeres	11
2002	50	Zaragoza	07	Asia	432	Singapur	Hombres	1
2002	50	Zaragoza	07	Asia	433	Siria	Hombres	22
2002	50	Zaragoza	07	Asia	433	Siria	Mujeres	13
2002	50	Zaragoza	07	Asia	434	Sri-Lanka	Hombres	1
2002	50	Zaragoza	07	Asia	435	Tailandia	Mujeres	3
2002	50	Zaragoza	07	Asia	437	Vietnam	Hombres	1
2002	50	Zaragoza	07	Asia	437	Vietnam	Mujeres	1
2002	50	Zaragoza	07	Asia	442	Azerbaiyan	Hombres	4
2002	50	Zaragoza	07	Asia	442	Azerbaiyan	Mujeres	2
2002	50	Zaragoza	07	Asia	443	Kazajstan	Hombres	1
2002	50	Zaragoza	07	Asia	443	Kazajstan	Mujeres	1
2002	50	Zaragoza	07	Asia	447	Uzbekistán	Hombres	1
2002	50	Zaragoza	07	Asia	447	Uzbekistán	Mujeres	2
2002	50	Zaragoza	07	Asia	499	Países sin relaciones diplomáticas	Hombres	2
2002	50	Zaragoza	07	Asia	499	Países sin relaciones diplomáticas	Mujeres	1
2002	50	Zaragoza	08	Oceanía	501	Australia	Hombres	4
2002	50	Zaragoza	08	Oceanía	501	Australia	Mujeres	4
2002	50	Zaragoza	08	Oceanía	504	Nueva Zelanda	Hombres	1
2002	50	Zaragoza	08	Oceanía	504	Nueva Zelanda	Mujeres	2
2002	50	Zaragoza	08	Oceanía	511	Micronesia	Mujeres	2
2002	50	Zaragoza	09	Apátridas y no consta	555	Apátridas	Hombres	10
2002	50	Zaragoza	09	Apátridas y no consta	555	Apátridas	Mujeres	7
2003	22	Huesca	01	UE-15	102	Austria	Hombres	8
2003	22	Huesca	01	UE-15	102	Austria	Mujeres	2
2003	22	Huesca	01	UE-15	103	Bélgica	Hombres	21
2003	22	Huesca	01	UE-15	103	Bélgica	Mujeres	18
2003	22	Huesca	01	UE-15	107	Dinamarca	Hombres	2
2003	22	Huesca	01	UE-15	107	Dinamarca	Mujeres	2
2003	22	Huesca	01	UE-15	110	Francia	Hombres	164
2003	22	Huesca	01	UE-15	110	Francia	Mujeres	199
2003	22	Huesca	01	UE-15	113	Irlanda	Hombres	5
2003	22	Huesca	01	UE-15	113	Irlanda	Mujeres	3
2003	22	Huesca	01	UE-15	115	Italia	Hombres	59
2003	22	Huesca	01	UE-15	115	Italia	Mujeres	29
2003	22	Huesca	01	UE-15	121	Países Bajos	Hombres	32
2003	22	Huesca	01	UE-15	121	Países Bajos	Mujeres	33
2003	22	Huesca	01	UE-15	123	Portugal	Hombres	68
2003	22	Huesca	01	UE-15	123	Portugal	Mujeres	53
2003	22	Huesca	01	UE-15	125	Reino Unido	Hombres	43
2003	22	Huesca	01	UE-15	125	Reino Unido	Mujeres	39
2003	22	Huesca	01	UE-15	126	Alemania	Hombres	53
2003	22	Huesca	01	UE-15	126	Alemania	Mujeres	43
2003	22	Huesca	01	UE-15	131	Suecia	Mujeres	1
2003	22	Huesca	02	Resto de Europa	104	Bulgaria	Hombres	275
2003	22	Huesca	02	Resto de Europa	104	Bulgaria	Mujeres	192
2003	22	Huesca	02	Resto de Europa	112	Hungría	Hombres	4
2003	22	Huesca	02	Resto de Europa	112	Hungría	Mujeres	4
2003	22	Huesca	02	Resto de Europa	122	Polonia	Hombres	91
2003	22	Huesca	02	Resto de Europa	122	Polonia	Mujeres	50
2003	22	Huesca	02	Resto de Europa	124	Andorra	Mujeres	2
2003	22	Huesca	02	Resto de Europa	128	Rumanía	Hombres	591
2003	22	Huesca	02	Resto de Europa	128	Rumanía	Mujeres	394
2003	22	Huesca	02	Resto de Europa	132	Suiza	Hombres	13
2003	22	Huesca	02	Resto de Europa	132	Suiza	Mujeres	11
2003	22	Huesca	02	Resto de Europa	135	Ucrania	Hombres	178
2003	22	Huesca	02	Resto de Europa	135	Ucrania	Mujeres	124
2003	22	Huesca	02	Resto de Europa	136	Letonia	Mujeres	2
2003	22	Huesca	02	Resto de Europa	137	Moldova	Mujeres	2
2003	22	Huesca	02	Resto de Europa	138	Bielorrusia	Hombres	5
2003	22	Huesca	02	Resto de Europa	138	Bielorrusia	Mujeres	3
2003	22	Huesca	02	Resto de Europa	141	Estonia	Mujeres	2
2003	22	Huesca	02	Resto de Europa	142	Lituania	Hombres	79
2003	22	Huesca	02	Resto de Europa	142	Lituania	Mujeres	58
2003	22	Huesca	02	Resto de Europa	143	República Checa	Hombres	3
2003	22	Huesca	02	Resto de Europa	143	República Checa	Mujeres	4
2003	22	Huesca	02	Resto de Europa	144	Eslovaquia	Hombres	9
2003	22	Huesca	02	Resto de Europa	144	Eslovaquia	Mujeres	3
2003	22	Huesca	02	Resto de Europa	147	Eslovenia	Hombres	1
2003	22	Huesca	02	Resto de Europa	148	Armenia	Hombres	18
2003	22	Huesca	02	Resto de Europa	148	Armenia	Mujeres	14
2003	22	Huesca	02	Resto de Europa	154	Rusia	Hombres	16
2003	22	Huesca	02	Resto de Europa	154	Rusia	Mujeres	23
2003	22	Huesca	02	Resto de Europa	155	Yugoslavia	Hombres	2
2003	22	Huesca	02	Resto de Europa	199	Países sin relaciones diplomáticas	Hombres	3
2003	22	Huesca	02	Resto de Europa	199	Países sin relaciones diplomáticas	Mujeres	2
2003	22	Huesca	03	Magreb	203	Argelia	Hombres	678
2003	22	Huesca	03	Magreb	203	Argelia	Mujeres	85
2003	22	Huesca	03	Magreb	228	Marruecos	Hombres	916
2003	22	Huesca	03	Magreb	228	Marruecos	Mujeres	383
2003	22	Huesca	03	Magreb	230	Mauritania	Hombres	75
2003	22	Huesca	03	Magreb	230	Mauritania	Mujeres	17
2003	22	Huesca	03	Magreb	248	Túnez	Hombres	4
2003	22	Huesca	04	Resto de África	201	Burkina Fasso	Hombres	23
2003	22	Huesca	04	Resto de África	201	Burkina Fasso	Mujeres	2
2003	22	Huesca	04	Resto de África	202	Angola	Hombres	4
2003	22	Huesca	04	Resto de África	202	Angola	Mujeres	2
2003	22	Huesca	04	Resto de África	204	Benin	Hombres	2
2003	22	Huesca	04	Resto de África	207	Cabo Verde	Hombres	2
2003	22	Huesca	04	Resto de África	207	Cabo Verde	Mujeres	2
2003	22	Huesca	04	Resto de África	208	Camerún	Hombres	6
2003	22	Huesca	04	Resto de África	208	Camerún	Mujeres	2
2003	22	Huesca	04	Resto de África	209	Comores	Mujeres	1
2003	22	Huesca	04	Resto de África	210	Congo	Hombres	1
2003	22	Huesca	04	Resto de África	211	Costa de Marfil	Hombres	17
2003	22	Huesca	04	Resto de África	211	Costa de Marfil	Mujeres	3
2003	22	Huesca	04	Resto de África	213	Egipto	Hombres	2
2003	22	Huesca	04	Resto de África	215	Gabón	Hombres	1
2003	22	Huesca	04	Resto de África	216	Gambia	Hombres	354
2003	22	Huesca	04	Resto de África	216	Gambia	Mujeres	100
2003	22	Huesca	04	Resto de África	217	Ghana	Hombres	32
2003	22	Huesca	04	Resto de África	217	Ghana	Mujeres	8
2003	22	Huesca	04	Resto de África	218	Guinea	Hombres	156
2003	22	Huesca	04	Resto de África	218	Guinea	Mujeres	24
2003	22	Huesca	04	Resto de África	219	Guinea Bissau	Hombres	5
2003	22	Huesca	04	Resto de África	220	Guinea Ecuatorial	Hombres	4
2003	22	Huesca	04	Resto de África	220	Guinea Ecuatorial	Mujeres	10
2003	22	Huesca	04	Resto de África	221	Kenia	Hombres	2
2003	22	Huesca	04	Resto de África	221	Kenia	Mujeres	8
2003	22	Huesca	04	Resto de África	223	Liberia	Hombres	4
2003	22	Huesca	04	Resto de África	223	Liberia	Mujeres	1
2003	22	Huesca	04	Resto de África	226	Malawi	Hombres	1
2003	22	Huesca	04	Resto de África	227	Mali	Hombres	389
2003	22	Huesca	04	Resto de África	227	Mali	Mujeres	33
2003	22	Huesca	04	Resto de África	233	Níger	Hombres	5
2003	22	Huesca	04	Resto de África	234	Nigeria	Hombres	36
2003	22	Huesca	04	Resto de África	234	Nigeria	Mujeres	16
2003	22	Huesca	04	Resto de África	236	Sudáfrica	Hombres	2
2003	22	Huesca	04	Resto de África	237	Ruanda	Mujeres	1
2003	22	Huesca	04	Resto de África	239	Senegal	Hombres	155
2003	22	Huesca	04	Resto de África	239	Senegal	Mujeres	15
2003	22	Huesca	04	Resto de África	241	Sierra Leona	Hombres	2
2003	22	Huesca	04	Resto de África	241	Sierra Leona	Mujeres	2
2003	22	Huesca	04	Resto de África	242	Somalia	Hombres	5
2003	22	Huesca	04	Resto de África	250	Rep. Democrática del Congo	Hombres	1
2003	22	Huesca	05	América del Norte	301	Canadá	Hombres	6
2003	22	Huesca	05	América del Norte	301	Canadá	Mujeres	4
2003	22	Huesca	05	América del Norte	302	Estados Unidos de América	Hombres	26
2003	22	Huesca	05	América del Norte	302	Estados Unidos de América	Mujeres	23
2003	22	Huesca	06	Resto de América	303	México	Hombres	5
2003	22	Huesca	06	Resto de América	303	México	Mujeres	14
2003	22	Huesca	06	Resto de América	314	Costa Rica	Hombres	1
2003	22	Huesca	06	Resto de América	314	Costa Rica	Mujeres	2
2003	22	Huesca	06	Resto de América	315	Cuba	Hombres	49
2003	22	Huesca	06	Resto de América	315	Cuba	Mujeres	99
2003	22	Huesca	06	Resto de América	316	Dominica	Hombres	1
2003	22	Huesca	06	Resto de América	316	Dominica	Mujeres	4
2003	22	Huesca	06	Resto de América	317	El Salvador	Mujeres	2
2003	22	Huesca	06	Resto de América	319	Guatemala	Hombres	10
2003	22	Huesca	06	Resto de América	319	Guatemala	Mujeres	10
2003	22	Huesca	06	Resto de América	320	Haití	Mujeres	1
2003	22	Huesca	06	Resto de América	321	Honduras	Hombres	8
2003	22	Huesca	06	Resto de América	321	Honduras	Mujeres	12
2003	22	Huesca	06	Resto de América	323	Nicaragua	Hombres	1
2003	22	Huesca	06	Resto de América	323	Nicaragua	Mujeres	2
2003	22	Huesca	06	Resto de América	324	Panamá	Hombres	3
2003	22	Huesca	06	Resto de América	324	Panamá	Mujeres	7
2003	22	Huesca	06	Resto de América	326	República Dominicana	Hombres	47
2003	22	Huesca	06	Resto de América	326	República Dominicana	Mujeres	158
2003	22	Huesca	06	Resto de América	340	Argentina	Hombres	147
2003	22	Huesca	06	Resto de América	340	Argentina	Mujeres	143
2003	22	Huesca	06	Resto de América	341	Bolivia	Hombres	38
2003	22	Huesca	06	Resto de América	341	Bolivia	Mujeres	44
2003	22	Huesca	06	Resto de América	342	Brasil	Hombres	8
2003	22	Huesca	06	Resto de América	342	Brasil	Mujeres	65
2003	22	Huesca	06	Resto de América	343	Colombia	Hombres	299
2003	22	Huesca	06	Resto de América	343	Colombia	Mujeres	467
2003	22	Huesca	06	Resto de América	344	Chile	Hombres	14
2003	22	Huesca	06	Resto de América	344	Chile	Mujeres	16
2003	22	Huesca	06	Resto de América	345	Ecuador	Hombres	408
2003	22	Huesca	06	Resto de América	345	Ecuador	Mujeres	486
2003	22	Huesca	06	Resto de América	347	Paraguay	Hombres	1
2003	22	Huesca	06	Resto de América	347	Paraguay	Mujeres	4
2003	22	Huesca	06	Resto de América	348	Perú	Hombres	43
2003	22	Huesca	06	Resto de América	348	Perú	Mujeres	49
2003	22	Huesca	06	Resto de América	350	Uruguay	Hombres	28
2003	22	Huesca	06	Resto de América	350	Uruguay	Mujeres	26
2003	22	Huesca	06	Resto de América	351	Venezuela	Hombres	8
2003	22	Huesca	06	Resto de América	351	Venezuela	Mujeres	26
2003	22	Huesca	07	Asia	401	Afganistán	Hombres	1
2003	22	Huesca	07	Asia	405	Myanmar (Birmania)	Hombres	1
2003	22	Huesca	07	Asia	407	China	Hombres	44
2003	22	Huesca	07	Asia	407	China	Mujeres	43
2003	22	Huesca	07	Asia	409	Filipinas	Hombres	2
2003	22	Huesca	07	Asia	409	Filipinas	Mujeres	5
2003	22	Huesca	07	Asia	410	India	Hombres	1
2003	22	Huesca	07	Asia	410	India	Mujeres	3
2003	22	Huesca	07	Asia	411	Indonesia	Mujeres	1
2003	22	Huesca	07	Asia	415	Japón	Hombres	2
2003	22	Huesca	07	Asia	415	Japón	Mujeres	1
2003	22	Huesca	07	Asia	416	Jordania	Hombres	1
2003	22	Huesca	07	Asia	419	Laos	Hombres	1
2003	22	Huesca	07	Asia	419	Laos	Mujeres	1
2003	22	Huesca	07	Asia	420	Líbano	Hombres	1
2003	22	Huesca	07	Asia	423	Mongolia	Mujeres	1
2003	22	Huesca	07	Asia	426	Pakistán	Hombres	6
2003	22	Huesca	07	Asia	426	Pakistán	Mujeres	1
2003	22	Huesca	07	Asia	430	República de Corea	Hombres	9
2003	22	Huesca	07	Asia	430	República de Corea	Mujeres	7
2003	22	Huesca	07	Asia	433	Siria	Hombres	1
2003	22	Huesca	07	Asia	433	Siria	Mujeres	1
2003	22	Huesca	07	Asia	435	Tailandia	Hombres	2
2003	22	Huesca	07	Asia	435	Tailandia	Mujeres	3
2003	22	Huesca	07	Asia	443	Kazajstan	Hombres	3
2003	22	Huesca	07	Asia	443	Kazajstan	Mujeres	1
2003	22	Huesca	07	Asia	447	Uzbekistán	Hombres	2
2003	22	Huesca	07	Asia	447	Uzbekistán	Mujeres	1
2003	22	Huesca	07	Asia	499	Países sin relaciones diplomáticas	Mujeres	1
2003	22	Huesca	08	Oceanía	501	Australia	Hombres	4
2003	22	Huesca	08	Oceanía	501	Australia	Mujeres	2
2003	22	Huesca	08	Oceanía	511	Micronesia	Hombres	2
2003	22	Huesca	08	Oceanía	512	Tuvalu	Hombres	24
2003	22	Huesca	08	Oceanía	512	Tuvalu	Mujeres	12
2003	22	Huesca	08	Oceanía	513	Islas Cook	Mujeres	1
2003	22	Huesca	08	Oceanía	515	Nauru	Hombres	1
2003	22	Huesca	08	Oceanía	515	Nauru	Mujeres	1
2003	22	Huesca	08	Oceanía	516	Palaos	Hombres	7
2003	22	Huesca	08	Oceanía	516	Palaos	Mujeres	5
2003	22	Huesca	08	Oceanía	599	Países sin relaciones diplomáticas	Mujeres	3
2003	44	Teruel	01	UE-15	103	Bélgica	Hombres	5
2003	44	Teruel	01	UE-15	103	Bélgica	Mujeres	6
2003	44	Teruel	01	UE-15	107	Dinamarca	Mujeres	1
2003	44	Teruel	01	UE-15	110	Francia	Hombres	34
2003	44	Teruel	01	UE-15	110	Francia	Mujeres	46
2003	44	Teruel	01	UE-15	111	Grecia	Hombres	1
2003	44	Teruel	01	UE-15	113	Irlanda	Hombres	1
2003	44	Teruel	01	UE-15	113	Irlanda	Mujeres	1
2003	44	Teruel	01	UE-15	115	Italia	Hombres	25
2003	44	Teruel	01	UE-15	115	Italia	Mujeres	17
2003	44	Teruel	01	UE-15	121	Países Bajos	Hombres	7
2003	44	Teruel	01	UE-15	121	Países Bajos	Mujeres	7
2003	44	Teruel	01	UE-15	123	Portugal	Hombres	51
2003	44	Teruel	01	UE-15	123	Portugal	Mujeres	27
2003	44	Teruel	01	UE-15	125	Reino Unido	Hombres	27
2003	44	Teruel	01	UE-15	125	Reino Unido	Mujeres	22
2003	44	Teruel	01	UE-15	126	Alemania	Hombres	20
2003	44	Teruel	01	UE-15	126	Alemania	Mujeres	15
2003	44	Teruel	02	Resto de Europa	101	Albania	Hombres	1
2003	44	Teruel	02	Resto de Europa	104	Bulgaria	Hombres	73
2003	44	Teruel	02	Resto de Europa	104	Bulgaria	Mujeres	56
2003	44	Teruel	02	Resto de Europa	112	Hungría	Hombres	2
2003	44	Teruel	02	Resto de Europa	112	Hungría	Mujeres	1
2003	44	Teruel	02	Resto de Europa	122	Polonia	Hombres	131
2003	44	Teruel	02	Resto de Europa	122	Polonia	Mujeres	76
2003	44	Teruel	02	Resto de Europa	124	Andorra	Mujeres	1
2003	44	Teruel	02	Resto de Europa	128	Rumanía	Hombres	908
2003	44	Teruel	02	Resto de Europa	128	Rumanía	Mujeres	617
2003	44	Teruel	02	Resto de Europa	132	Suiza	Hombres	1
2003	44	Teruel	02	Resto de Europa	132	Suiza	Mujeres	2
2003	44	Teruel	02	Resto de Europa	135	Ucrania	Hombres	78
2003	44	Teruel	02	Resto de Europa	135	Ucrania	Mujeres	49
2003	44	Teruel	02	Resto de Europa	136	Letonia	Hombres	7
2003	44	Teruel	02	Resto de Europa	136	Letonia	Mujeres	4
2003	44	Teruel	02	Resto de Europa	137	Moldova	Hombres	4
2003	44	Teruel	02	Resto de Europa	137	Moldova	Mujeres	6
2003	44	Teruel	02	Resto de Europa	138	Bielorrusia	Hombres	3
2003	44	Teruel	02	Resto de Europa	138	Bielorrusia	Mujeres	4
2003	44	Teruel	02	Resto de Europa	142	Lituania	Mujeres	1
2003	44	Teruel	02	Resto de Europa	143	República Checa	Hombres	20
2003	44	Teruel	02	Resto de Europa	143	República Checa	Mujeres	7
2003	44	Teruel	02	Resto de Europa	144	Eslovaquia	Hombres	2
2003	44	Teruel	02	Resto de Europa	154	Rusia	Hombres	7
2003	44	Teruel	02	Resto de Europa	154	Rusia	Mujeres	11
2003	44	Teruel	02	Resto de Europa	155	Yugoslavia	Hombres	9
2003	44	Teruel	02	Resto de Europa	155	Yugoslavia	Mujeres	10
2003	44	Teruel	03	Magreb	203	Argelia	Hombres	149
2003	44	Teruel	03	Magreb	203	Argelia	Mujeres	29
2003	44	Teruel	03	Magreb	228	Marruecos	Hombres	1001
2003	44	Teruel	03	Magreb	228	Marruecos	Mujeres	343
2003	44	Teruel	03	Magreb	230	Mauritania	Hombres	7
2003	44	Teruel	03	Magreb	230	Mauritania	Mujeres	2
2003	44	Teruel	03	Magreb	248	Túnez	Hombres	1
2003	44	Teruel	03	Magreb	248	Túnez	Mujeres	4
2003	44	Teruel	04	Resto de África	207	Cabo Verde	Hombres	33
2003	44	Teruel	04	Resto de África	207	Cabo Verde	Mujeres	23
2003	44	Teruel	04	Resto de África	216	Gambia	Hombres	31
2003	44	Teruel	04	Resto de África	216	Gambia	Mujeres	17
2003	44	Teruel	04	Resto de África	217	Ghana	Hombres	2
2003	44	Teruel	04	Resto de África	217	Ghana	Mujeres	3
2003	44	Teruel	04	Resto de África	218	Guinea	Hombres	1
2003	44	Teruel	04	Resto de África	219	Guinea Bissau	Hombres	1
2003	44	Teruel	04	Resto de África	220	Guinea Ecuatorial	Mujeres	1
2003	44	Teruel	04	Resto de África	227	Mali	Hombres	1
2003	44	Teruel	04	Resto de África	234	Nigeria	Hombres	6
2003	44	Teruel	04	Resto de África	234	Nigeria	Mujeres	5
2003	44	Teruel	04	Resto de África	235	República Centroafricana	Mujeres	1
2003	44	Teruel	04	Resto de África	237	Ruanda	Hombres	1
2003	44	Teruel	04	Resto de África	239	Senegal	Hombres	18
2003	44	Teruel	04	Resto de África	239	Senegal	Mujeres	4
2003	44	Teruel	04	Resto de África	241	Sierra Leona	Hombres	2
2003	44	Teruel	04	Resto de África	250	Rep. Democrática del Congo	Hombres	1
2003	44	Teruel	05	América del Norte	301	Canadá	Hombres	1
2003	44	Teruel	05	América del Norte	302	Estados Unidos de América	Hombres	2
2003	44	Teruel	05	América del Norte	302	Estados Unidos de América	Mujeres	4
2003	44	Teruel	06	Resto de América	303	México	Hombres	4
2003	44	Teruel	06	Resto de América	303	México	Mujeres	13
2003	44	Teruel	06	Resto de América	314	Costa Rica	Mujeres	1
2003	44	Teruel	06	Resto de América	315	Cuba	Hombres	35
2003	44	Teruel	06	Resto de América	315	Cuba	Mujeres	48
2003	44	Teruel	06	Resto de América	316	Dominica	Hombres	3
2003	44	Teruel	06	Resto de América	316	Dominica	Mujeres	2
2003	44	Teruel	06	Resto de América	317	El Salvador	Hombres	1
2003	44	Teruel	06	Resto de América	321	Honduras	Hombres	3
2003	44	Teruel	06	Resto de América	321	Honduras	Mujeres	1
2003	44	Teruel	06	Resto de América	326	República Dominicana	Hombres	29
2003	44	Teruel	06	Resto de América	326	República Dominicana	Mujeres	82
2003	44	Teruel	06	Resto de América	340	Argentina	Hombres	165
2003	44	Teruel	06	Resto de América	340	Argentina	Mujeres	192
2003	44	Teruel	06	Resto de América	341	Bolivia	Hombres	10
2003	44	Teruel	06	Resto de América	341	Bolivia	Mujeres	14
2003	44	Teruel	06	Resto de América	342	Brasil	Hombres	18
2003	44	Teruel	06	Resto de América	342	Brasil	Mujeres	66
2003	44	Teruel	06	Resto de América	343	Colombia	Hombres	192
2003	44	Teruel	06	Resto de América	343	Colombia	Mujeres	252
2003	44	Teruel	06	Resto de América	344	Chile	Hombres	31
2003	44	Teruel	06	Resto de América	344	Chile	Mujeres	24
2003	44	Teruel	06	Resto de América	345	Ecuador	Hombres	168
2003	44	Teruel	06	Resto de América	345	Ecuador	Mujeres	152
2003	44	Teruel	06	Resto de América	347	Paraguay	Hombres	2
2003	44	Teruel	06	Resto de América	347	Paraguay	Mujeres	5
2003	44	Teruel	06	Resto de América	348	Perú	Hombres	4
2003	44	Teruel	06	Resto de América	348	Perú	Mujeres	21
2003	44	Teruel	06	Resto de América	350	Uruguay	Hombres	28
2003	44	Teruel	06	Resto de América	350	Uruguay	Mujeres	25
2003	44	Teruel	06	Resto de América	351	Venezuela	Hombres	6
2003	44	Teruel	06	Resto de América	351	Venezuela	Mujeres	5
2003	44	Teruel	07	Asia	404	Bangladesh	Hombres	11
2003	44	Teruel	07	Asia	407	China	Hombres	15
2003	44	Teruel	07	Asia	407	China	Mujeres	5
2003	44	Teruel	07	Asia	410	India	Hombres	3
2003	44	Teruel	07	Asia	413	Irán	Hombres	2
2003	44	Teruel	07	Asia	413	Irán	Mujeres	1
2003	44	Teruel	07	Asia	414	Israel	Mujeres	1
2003	44	Teruel	07	Asia	420	Líbano	Hombres	1
2003	44	Teruel	07	Asia	426	Pakistán	Hombres	229
2003	44	Teruel	07	Asia	426	Pakistán	Mujeres	34
2003	44	Teruel	07	Asia	433	Siria	Hombres	2
2003	44	Teruel	07	Asia	433	Siria	Mujeres	2
2003	44	Teruel	07	Asia	434	Sri-Lanka	Mujeres	1
2003	44	Teruel	07	Asia	443	Kazajstan	Hombres	4
2003	44	Teruel	07	Asia	443	Kazajstan	Mujeres	3
2003	44	Teruel	08	Oceanía	501	Australia	Mujeres	1
2003	44	Teruel	08	Oceanía	504	Nueva Zelanda	Hombres	1
2003	50	Zaragoza	01	UE-15	102	Austria	Hombres	8
2003	50	Zaragoza	01	UE-15	102	Austria	Mujeres	10
2003	50	Zaragoza	01	UE-15	103	Bélgica	Hombres	34
2003	50	Zaragoza	01	UE-15	103	Bélgica	Mujeres	23
2003	50	Zaragoza	01	UE-15	107	Dinamarca	Hombres	10
2003	50	Zaragoza	01	UE-15	107	Dinamarca	Mujeres	3
2003	50	Zaragoza	01	UE-15	109	Finlandia	Hombres	1
2003	50	Zaragoza	01	UE-15	109	Finlandia	Mujeres	5
2003	50	Zaragoza	01	UE-15	110	Francia	Hombres	314
2003	50	Zaragoza	01	UE-15	110	Francia	Mujeres	384
2003	50	Zaragoza	01	UE-15	111	Grecia	Hombres	8
2003	50	Zaragoza	01	UE-15	111	Grecia	Mujeres	7
2003	50	Zaragoza	01	UE-15	113	Irlanda	Hombres	16
2003	50	Zaragoza	01	UE-15	113	Irlanda	Mujeres	16
2003	50	Zaragoza	01	UE-15	115	Italia	Hombres	322
2003	50	Zaragoza	01	UE-15	115	Italia	Mujeres	173
2003	50	Zaragoza	01	UE-15	121	Países Bajos	Hombres	61
2003	50	Zaragoza	01	UE-15	121	Países Bajos	Mujeres	36
2003	50	Zaragoza	01	UE-15	123	Portugal	Hombres	419
2003	50	Zaragoza	01	UE-15	123	Portugal	Mujeres	344
2003	50	Zaragoza	01	UE-15	125	Reino Unido	Hombres	125
2003	50	Zaragoza	01	UE-15	125	Reino Unido	Mujeres	118
2003	50	Zaragoza	01	UE-15	126	Alemania	Hombres	150
2003	50	Zaragoza	01	UE-15	126	Alemania	Mujeres	131
2003	50	Zaragoza	01	UE-15	131	Suecia	Hombres	9
2003	50	Zaragoza	01	UE-15	131	Suecia	Mujeres	14
2003	50	Zaragoza	02	Resto de Europa	101	Albania	Hombres	14
2003	50	Zaragoza	02	Resto de Europa	101	Albania	Mujeres	14
2003	50	Zaragoza	02	Resto de Europa	104	Bulgaria	Hombres	510
2003	50	Zaragoza	02	Resto de Europa	104	Bulgaria	Mujeres	412
2003	50	Zaragoza	02	Resto de Europa	112	Hungría	Hombres	14
2003	50	Zaragoza	02	Resto de Europa	112	Hungría	Mujeres	19
2003	50	Zaragoza	02	Resto de Europa	118	Malta	Hombres	1
2003	50	Zaragoza	02	Resto de Europa	120	Noruega	Hombres	5
2003	50	Zaragoza	02	Resto de Europa	120	Noruega	Mujeres	5
2003	50	Zaragoza	02	Resto de Europa	122	Polonia	Hombres	170
2003	50	Zaragoza	02	Resto de Europa	122	Polonia	Mujeres	138
2003	50	Zaragoza	02	Resto de Europa	124	Andorra	Hombres	3
2003	50	Zaragoza	02	Resto de Europa	124	Andorra	Mujeres	3
2003	50	Zaragoza	02	Resto de Europa	128	Rumanía	Hombres	5506
2003	50	Zaragoza	02	Resto de Europa	128	Rumanía	Mujeres	3589
2003	50	Zaragoza	02	Resto de Europa	132	Suiza	Hombres	31
2003	50	Zaragoza	02	Resto de Europa	132	Suiza	Mujeres	17
2003	50	Zaragoza	02	Resto de Europa	135	Ucrania	Hombres	412
2003	50	Zaragoza	02	Resto de Europa	135	Ucrania	Mujeres	481
2003	50	Zaragoza	02	Resto de Europa	136	Letonia	Hombres	2
2003	50	Zaragoza	02	Resto de Europa	136	Letonia	Mujeres	6
2003	50	Zaragoza	02	Resto de Europa	137	Moldova	Hombres	62
2003	50	Zaragoza	02	Resto de Europa	137	Moldova	Mujeres	39
2003	50	Zaragoza	02	Resto de Europa	138	Bielorrusia	Hombres	26
2003	50	Zaragoza	02	Resto de Europa	138	Bielorrusia	Mujeres	34
2003	50	Zaragoza	02	Resto de Europa	139	Georgia	Hombres	20
2003	50	Zaragoza	02	Resto de Europa	139	Georgia	Mujeres	6
2003	50	Zaragoza	02	Resto de Europa	142	Lituania	Hombres	28
2003	50	Zaragoza	02	Resto de Europa	142	Lituania	Mujeres	21
2003	50	Zaragoza	02	Resto de Europa	143	República Checa	Hombres	11
2003	50	Zaragoza	02	Resto de Europa	143	República Checa	Mujeres	27
2003	50	Zaragoza	02	Resto de Europa	144	Eslovaquia	Hombres	9
2003	50	Zaragoza	02	Resto de Europa	144	Eslovaquia	Mujeres	12
2003	50	Zaragoza	02	Resto de Europa	145	Bosnia-Herzegovina	Hombres	15
2003	50	Zaragoza	02	Resto de Europa	145	Bosnia-Herzegovina	Mujeres	17
2003	50	Zaragoza	02	Resto de Europa	146	Croacia	Hombres	6
2003	50	Zaragoza	02	Resto de Europa	146	Croacia	Mujeres	6
2003	50	Zaragoza	02	Resto de Europa	147	Eslovenia	Hombres	1
2003	50	Zaragoza	02	Resto de Europa	147	Eslovenia	Mujeres	7
2003	50	Zaragoza	02	Resto de Europa	148	Armenia	Hombres	19
2003	50	Zaragoza	02	Resto de Europa	148	Armenia	Mujeres	17
2003	50	Zaragoza	02	Resto de Europa	154	Rusia	Hombres	102
2003	50	Zaragoza	02	Resto de Europa	154	Rusia	Mujeres	233
2003	50	Zaragoza	02	Resto de Europa	155	Yugoslavia	Hombres	20
2003	50	Zaragoza	02	Resto de Europa	155	Yugoslavia	Mujeres	9
2003	50	Zaragoza	02	Resto de Europa	199	Países sin relaciones diplomáticas	Mujeres	1
2003	50	Zaragoza	02	Resto de Europa	436	Turquía	Hombres	10
2003	50	Zaragoza	02	Resto de Europa	436	Turquía	Mujeres	2
2003	50	Zaragoza	03	Magreb	203	Argelia	Hombres	2409
2003	50	Zaragoza	03	Magreb	203	Argelia	Mujeres	491
2003	50	Zaragoza	03	Magreb	224	Libia	Hombres	4
2003	50	Zaragoza	03	Magreb	224	Libia	Mujeres	5
2003	50	Zaragoza	03	Magreb	228	Marruecos	Hombres	3063
2003	50	Zaragoza	03	Magreb	228	Marruecos	Mujeres	1319
2003	50	Zaragoza	03	Magreb	230	Mauritania	Hombres	95
2003	50	Zaragoza	03	Magreb	230	Mauritania	Mujeres	22
2003	50	Zaragoza	03	Magreb	248	Túnez	Hombres	35
2003	50	Zaragoza	03	Magreb	248	Túnez	Mujeres	11
2003	50	Zaragoza	04	Resto de África	201	Burkina Fasso	Hombres	3
2003	50	Zaragoza	04	Resto de África	202	Angola	Hombres	42
2003	50	Zaragoza	04	Resto de África	202	Angola	Mujeres	26
2003	50	Zaragoza	04	Resto de África	204	Benin	Hombres	3
2003	50	Zaragoza	04	Resto de África	204	Benin	Mujeres	2
2003	50	Zaragoza	04	Resto de África	206	Burundi	Hombres	1
2003	50	Zaragoza	04	Resto de África	207	Cabo Verde	Hombres	148
2003	50	Zaragoza	04	Resto de África	207	Cabo Verde	Mujeres	126
2003	50	Zaragoza	04	Resto de África	208	Camerún	Hombres	56
2003	50	Zaragoza	04	Resto de África	208	Camerún	Mujeres	47
2003	50	Zaragoza	04	Resto de África	210	Congo	Hombres	28
2003	50	Zaragoza	04	Resto de África	210	Congo	Mujeres	9
2003	50	Zaragoza	04	Resto de África	211	Costa de Marfil	Hombres	24
2003	50	Zaragoza	04	Resto de África	211	Costa de Marfil	Mujeres	15
2003	50	Zaragoza	04	Resto de África	213	Egipto	Hombres	97
2003	50	Zaragoza	04	Resto de África	213	Egipto	Mujeres	15
2003	50	Zaragoza	04	Resto de África	214	Etiopía	Hombres	3
2003	50	Zaragoza	04	Resto de África	215	Gabón	Hombres	2
2003	50	Zaragoza	04	Resto de África	215	Gabón	Mujeres	2
2003	50	Zaragoza	04	Resto de África	216	Gambia	Hombres	465
2003	50	Zaragoza	04	Resto de África	216	Gambia	Mujeres	256
2003	50	Zaragoza	04	Resto de África	217	Ghana	Hombres	617
2003	50	Zaragoza	04	Resto de África	217	Ghana	Mujeres	166
2003	50	Zaragoza	04	Resto de África	218	Guinea	Hombres	163
2003	50	Zaragoza	04	Resto de África	218	Guinea	Mujeres	202
2003	50	Zaragoza	04	Resto de África	219	Guinea Bissau	Hombres	40
2003	50	Zaragoza	04	Resto de África	219	Guinea Bissau	Mujeres	5
2003	50	Zaragoza	04	Resto de África	220	Guinea Ecuatorial	Hombres	210
2003	50	Zaragoza	04	Resto de África	220	Guinea Ecuatorial	Mujeres	351
2003	50	Zaragoza	04	Resto de África	221	Kenia	Mujeres	4
2003	50	Zaragoza	04	Resto de África	222	Lesotho	Hombres	1
2003	50	Zaragoza	04	Resto de África	223	Liberia	Hombres	53
2003	50	Zaragoza	04	Resto de África	223	Liberia	Mujeres	15
2003	50	Zaragoza	04	Resto de África	227	Mali	Hombres	170
2003	50	Zaragoza	04	Resto de África	227	Mali	Mujeres	29
2003	50	Zaragoza	04	Resto de África	231	Mozambique	Hombres	3
2003	50	Zaragoza	04	Resto de África	231	Mozambique	Mujeres	5
2003	50	Zaragoza	04	Resto de África	232	Namibia	Hombres	1
2003	50	Zaragoza	04	Resto de África	232	Namibia	Mujeres	1
2003	50	Zaragoza	04	Resto de África	233	Níger	Hombres	5
2003	50	Zaragoza	04	Resto de África	234	Nigeria	Hombres	157
2003	50	Zaragoza	04	Resto de África	234	Nigeria	Mujeres	189
2003	50	Zaragoza	04	Resto de África	235	República Centroafricana	Hombres	1
2003	50	Zaragoza	04	Resto de África	235	República Centroafricana	Mujeres	2
2003	50	Zaragoza	04	Resto de África	236	Sudáfrica	Hombres	4
2003	50	Zaragoza	04	Resto de África	236	Sudáfrica	Mujeres	3
2003	50	Zaragoza	04	Resto de África	237	Ruanda	Hombres	3
2003	50	Zaragoza	04	Resto de África	239	Senegal	Hombres	856
2003	50	Zaragoza	04	Resto de África	239	Senegal	Mujeres	132
2003	50	Zaragoza	04	Resto de África	241	Sierra Leona	Hombres	17
2003	50	Zaragoza	04	Resto de África	241	Sierra Leona	Mujeres	15
2003	50	Zaragoza	04	Resto de África	243	Sudán	Hombres	4
2003	50	Zaragoza	04	Resto de África	243	Sudán	Mujeres	4
2003	50	Zaragoza	04	Resto de África	245	Tanzania	Hombres	1
2003	50	Zaragoza	04	Resto de África	246	Chad	Hombres	6
2003	50	Zaragoza	04	Resto de África	247	Togo	Hombres	11
2003	50	Zaragoza	04	Resto de África	247	Togo	Mujeres	2
2003	50	Zaragoza	04	Resto de África	250	Rep. Democrática del Congo	Hombres	37
2003	50	Zaragoza	04	Resto de África	250	Rep. Democrática del Congo	Mujeres	21
2003	50	Zaragoza	04	Resto de África	251	Zambia	Mujeres	1
2003	50	Zaragoza	04	Resto de África	253	Eritrea	Mujeres	1
2003	50	Zaragoza	04	Resto de África	299	Países sin relaciones diplomáticas	Mujeres	1
2003	50	Zaragoza	05	América del Norte	301	Canadá	Hombres	10
2003	50	Zaragoza	05	América del Norte	301	Canadá	Mujeres	7
2003	50	Zaragoza	05	América del Norte	302	Estados Unidos de América	Hombres	219
2003	50	Zaragoza	05	América del Norte	302	Estados Unidos de América	Mujeres	141
2003	50	Zaragoza	06	Resto de América	303	México	Hombres	78
2003	50	Zaragoza	06	Resto de América	303	México	Mujeres	184
2003	50	Zaragoza	06	Resto de América	314	Costa Rica	Hombres	7
2003	50	Zaragoza	06	Resto de América	314	Costa Rica	Mujeres	5
2003	50	Zaragoza	06	Resto de América	315	Cuba	Hombres	220
2003	50	Zaragoza	06	Resto de América	315	Cuba	Mujeres	399
2003	50	Zaragoza	06	Resto de América	316	Dominica	Mujeres	3
2003	50	Zaragoza	06	Resto de América	317	El Salvador	Hombres	18
2003	50	Zaragoza	06	Resto de América	317	El Salvador	Mujeres	35
2003	50	Zaragoza	06	Resto de América	318	Granada	Mujeres	1
2003	50	Zaragoza	06	Resto de América	319	Guatemala	Hombres	6
2003	50	Zaragoza	06	Resto de América	319	Guatemala	Mujeres	18
2003	50	Zaragoza	06	Resto de América	321	Honduras	Hombres	39
2003	50	Zaragoza	06	Resto de América	321	Honduras	Mujeres	73
2003	50	Zaragoza	06	Resto de América	322	Jamaica	Hombres	1
2003	50	Zaragoza	06	Resto de América	323	Nicaragua	Hombres	22
2003	50	Zaragoza	06	Resto de América	323	Nicaragua	Mujeres	38
2003	50	Zaragoza	06	Resto de América	324	Panamá	Hombres	9
2003	50	Zaragoza	06	Resto de América	324	Panamá	Mujeres	15
2003	50	Zaragoza	06	Resto de América	326	República Dominicana	Hombres	185
2003	50	Zaragoza	06	Resto de América	326	República Dominicana	Mujeres	484
2003	50	Zaragoza	06	Resto de América	340	Argentina	Hombres	445
2003	50	Zaragoza	06	Resto de América	340	Argentina	Mujeres	449
2003	50	Zaragoza	06	Resto de América	341	Bolivia	Hombres	45
2003	50	Zaragoza	06	Resto de América	341	Bolivia	Mujeres	54
2003	50	Zaragoza	06	Resto de América	342	Brasil	Hombres	158
2003	50	Zaragoza	06	Resto de América	342	Brasil	Mujeres	432
2003	50	Zaragoza	06	Resto de América	343	Colombia	Hombres	1478
2003	50	Zaragoza	06	Resto de América	343	Colombia	Mujeres	2328
2003	50	Zaragoza	06	Resto de América	344	Chile	Hombres	119
2003	50	Zaragoza	06	Resto de América	344	Chile	Mujeres	145
2003	50	Zaragoza	06	Resto de América	345	Ecuador	Hombres	4108
2003	50	Zaragoza	06	Resto de América	345	Ecuador	Mujeres	4639
2003	50	Zaragoza	06	Resto de América	347	Paraguay	Hombres	5
2003	50	Zaragoza	06	Resto de América	347	Paraguay	Mujeres	18
2003	50	Zaragoza	06	Resto de América	348	Perú	Hombres	224
2003	50	Zaragoza	06	Resto de América	348	Perú	Mujeres	269
2003	50	Zaragoza	06	Resto de América	350	Uruguay	Hombres	98
2003	50	Zaragoza	06	Resto de América	350	Uruguay	Mujeres	99
2003	50	Zaragoza	06	Resto de América	351	Venezuela	Hombres	159
2003	50	Zaragoza	06	Resto de América	351	Venezuela	Mujeres	233
2003	50	Zaragoza	07	Asia	404	Bangladesh	Hombres	7
2003	50	Zaragoza	07	Asia	404	Bangladesh	Mujeres	6
2003	50	Zaragoza	07	Asia	407	China	Hombres	469
2003	50	Zaragoza	07	Asia	407	China	Mujeres	408
2003	50	Zaragoza	07	Asia	409	Filipinas	Hombres	1
2003	50	Zaragoza	07	Asia	409	Filipinas	Mujeres	13
2003	50	Zaragoza	07	Asia	410	India	Hombres	12
2003	50	Zaragoza	07	Asia	410	India	Mujeres	30
2003	50	Zaragoza	07	Asia	412	Irak	Hombres	2
2003	50	Zaragoza	07	Asia	413	Irán	Hombres	6
2003	50	Zaragoza	07	Asia	413	Irán	Mujeres	6
2003	50	Zaragoza	07	Asia	414	Israel	Hombres	5
2003	50	Zaragoza	07	Asia	414	Israel	Mujeres	3
2003	50	Zaragoza	07	Asia	415	Japón	Hombres	2
2003	50	Zaragoza	07	Asia	415	Japón	Mujeres	10
2003	50	Zaragoza	07	Asia	416	Jordania	Hombres	28
2003	50	Zaragoza	07	Asia	416	Jordania	Mujeres	14
2003	50	Zaragoza	07	Asia	419	Laos	Hombres	1
2003	50	Zaragoza	07	Asia	419	Laos	Mujeres	2
2003	50	Zaragoza	07	Asia	420	Líbano	Hombres	15
2003	50	Zaragoza	07	Asia	420	Líbano	Mujeres	10
2003	50	Zaragoza	07	Asia	421	Malasia	Hombres	1
2003	50	Zaragoza	07	Asia	421	Malasia	Mujeres	2
2003	50	Zaragoza	07	Asia	426	Pakistán	Hombres	132
2003	50	Zaragoza	07	Asia	426	Pakistán	Mujeres	1
2003	50	Zaragoza	07	Asia	430	República de Corea	Hombres	8
2003	50	Zaragoza	07	Asia	430	República de Corea	Mujeres	8
2003	50	Zaragoza	07	Asia	433	Siria	Hombres	23
2003	50	Zaragoza	07	Asia	433	Siria	Mujeres	13
2003	50	Zaragoza	07	Asia	435	Tailandia	Mujeres	3
2003	50	Zaragoza	07	Asia	437	Vietnam	Hombres	1
2003	50	Zaragoza	07	Asia	437	Vietnam	Mujeres	1
2003	50	Zaragoza	07	Asia	442	Azerbaiyan	Hombres	4
2003	50	Zaragoza	07	Asia	442	Azerbaiyan	Mujeres	2
2003	50	Zaragoza	07	Asia	443	Kazajstan	Hombres	1
2003	50	Zaragoza	07	Asia	447	Uzbekistán	Hombres	1
2003	50	Zaragoza	07	Asia	447	Uzbekistán	Mujeres	2
2003	50	Zaragoza	07	Asia	499	Países sin relaciones diplomáticas	Hombres	2
2003	50	Zaragoza	07	Asia	499	Países sin relaciones diplomáticas	Mujeres	1
2003	50	Zaragoza	08	Oceanía	501	Australia	Hombres	3
2003	50	Zaragoza	08	Oceanía	501	Australia	Mujeres	5
2003	50	Zaragoza	08	Oceanía	504	Nueva Zelanda	Hombres	1
2003	50	Zaragoza	08	Oceanía	504	Nueva Zelanda	Mujeres	2
2003	50	Zaragoza	08	Oceanía	511	Micronesia	Mujeres	1
2003	50	Zaragoza	09	Apátridas y no consta	555	Apátridas	Hombres	16
2003	50	Zaragoza	09	Apátridas y no consta	555	Apátridas	Mujeres	10
2004	22	Huesca	01	UE-15	102	Austria	Hombres	9
2004	22	Huesca	01	UE-15	102	Austria	Mujeres	2
2004	22	Huesca	01	UE-15	103	Bélgica	Hombres	31
2004	22	Huesca	01	UE-15	103	Bélgica	Mujeres	23
2004	22	Huesca	01	UE-15	107	Dinamarca	Hombres	2
2004	22	Huesca	01	UE-15	107	Dinamarca	Mujeres	2
2004	22	Huesca	01	UE-15	109	Finlandia	Hombres	1
2004	22	Huesca	01	UE-15	110	Francia	Hombres	154
2004	22	Huesca	01	UE-15	110	Francia	Mujeres	170
2004	22	Huesca	01	UE-15	113	Irlanda	Hombres	4
2004	22	Huesca	01	UE-15	113	Irlanda	Mujeres	2
2004	22	Huesca	01	UE-15	115	Italia	Hombres	67
2004	22	Huesca	01	UE-15	115	Italia	Mujeres	39
2004	22	Huesca	01	UE-15	121	Países Bajos	Hombres	32
2004	22	Huesca	01	UE-15	121	Países Bajos	Mujeres	38
2004	22	Huesca	01	UE-15	123	Portugal	Hombres	86
2004	22	Huesca	01	UE-15	123	Portugal	Mujeres	72
2004	22	Huesca	01	UE-15	125	Reino Unido	Hombres	49
2004	22	Huesca	01	UE-15	125	Reino Unido	Mujeres	49
2004	22	Huesca	01	UE-15	126	Alemania	Hombres	63
2004	22	Huesca	01	UE-15	126	Alemania	Mujeres	50
2004	22	Huesca	01	UE-15	131	Suecia	Mujeres	1
2004	22	Huesca	02	Resto de Europa	101	Albania	Mujeres	1
2004	22	Huesca	02	Resto de Europa	104	Bulgaria	Hombres	380
2004	22	Huesca	02	Resto de Europa	104	Bulgaria	Mujeres	274
2004	22	Huesca	02	Resto de Europa	112	Hungría	Hombres	4
2004	22	Huesca	02	Resto de Europa	112	Hungría	Mujeres	3
2004	22	Huesca	02	Resto de Europa	118	Malta	Hombres	1
2004	22	Huesca	02	Resto de Europa	122	Polonia	Hombres	102
2004	22	Huesca	02	Resto de Europa	122	Polonia	Mujeres	61
2004	22	Huesca	02	Resto de Europa	124	Andorra	Mujeres	2
2004	22	Huesca	02	Resto de Europa	128	Rumanía	Hombres	878
2004	22	Huesca	02	Resto de Europa	128	Rumanía	Mujeres	695
2004	22	Huesca	02	Resto de Europa	132	Suiza	Hombres	10
2004	22	Huesca	02	Resto de Europa	132	Suiza	Mujeres	11
2004	22	Huesca	02	Resto de Europa	135	Ucrania	Hombres	203
2004	22	Huesca	02	Resto de Europa	135	Ucrania	Mujeres	151
2004	22	Huesca	02	Resto de Europa	136	Letonia	Mujeres	3
2004	22	Huesca	02	Resto de Europa	137	Moldova	Hombres	1
2004	22	Huesca	02	Resto de Europa	137	Moldova	Mujeres	5
2004	22	Huesca	02	Resto de Europa	138	Bielorrusia	Hombres	5
2004	22	Huesca	02	Resto de Europa	138	Bielorrusia	Mujeres	2
2004	22	Huesca	02	Resto de Europa	141	Estonia	Mujeres	2
2004	22	Huesca	02	Resto de Europa	142	Lituania	Hombres	87
2004	22	Huesca	02	Resto de Europa	142	Lituania	Mujeres	68
2004	22	Huesca	02	Resto de Europa	143	República Checa	Hombres	4
2004	22	Huesca	02	Resto de Europa	143	República Checa	Mujeres	4
2004	22	Huesca	02	Resto de Europa	144	Eslovaquia	Hombres	9
2004	22	Huesca	02	Resto de Europa	144	Eslovaquia	Mujeres	6
2004	22	Huesca	02	Resto de Europa	146	Croacia	Hombres	2
2004	22	Huesca	02	Resto de Europa	146	Croacia	Mujeres	1
2004	22	Huesca	02	Resto de Europa	147	Eslovenia	Hombres	1
2004	22	Huesca	02	Resto de Europa	148	Armenia	Hombres	19
2004	22	Huesca	02	Resto de Europa	148	Armenia	Mujeres	19
2004	22	Huesca	02	Resto de Europa	154	Rusia	Hombres	19
2004	22	Huesca	02	Resto de Europa	154	Rusia	Mujeres	28
2004	22	Huesca	02	Resto de Europa	155	Yugoslavia	Hombres	5
2004	22	Huesca	02	Resto de Europa	199	Países sin relaciones diplomáticas	Hombres	11
2004	22	Huesca	02	Resto de Europa	199	Países sin relaciones diplomáticas	Mujeres	5
2004	22	Huesca	03	Magreb	203	Argelia	Hombres	657
2004	22	Huesca	03	Magreb	203	Argelia	Mujeres	119
2004	22	Huesca	03	Magreb	228	Marruecos	Hombres	1121
2004	22	Huesca	03	Magreb	228	Marruecos	Mujeres	495
2004	22	Huesca	03	Magreb	230	Mauritania	Hombres	90
2004	22	Huesca	03	Magreb	230	Mauritania	Mujeres	24
2004	22	Huesca	03	Magreb	248	Túnez	Hombres	3
2004	22	Huesca	04	Resto de África	201	Burkina Fasso	Hombres	26
2004	22	Huesca	04	Resto de África	201	Burkina Fasso	Mujeres	5
2004	22	Huesca	04	Resto de África	202	Angola	Hombres	6
2004	22	Huesca	04	Resto de África	202	Angola	Mujeres	4
2004	22	Huesca	04	Resto de África	204	Benin	Hombres	2
2004	22	Huesca	04	Resto de África	207	Cabo Verde	Hombres	5
2004	22	Huesca	04	Resto de África	207	Cabo Verde	Mujeres	3
2004	22	Huesca	04	Resto de África	208	Camerún	Hombres	5
2004	22	Huesca	04	Resto de África	208	Camerún	Mujeres	2
2004	22	Huesca	04	Resto de África	209	Comores	Mujeres	1
2004	22	Huesca	04	Resto de África	210	Congo	Hombres	2
2004	22	Huesca	04	Resto de África	211	Costa de Marfil	Hombres	27
2004	22	Huesca	04	Resto de África	211	Costa de Marfil	Mujeres	8
2004	22	Huesca	04	Resto de África	213	Egipto	Hombres	2
2004	22	Huesca	04	Resto de África	215	Gabón	Hombres	1
2004	22	Huesca	04	Resto de África	216	Gambia	Hombres	352
2004	22	Huesca	04	Resto de África	216	Gambia	Mujeres	116
2004	22	Huesca	04	Resto de África	217	Ghana	Hombres	33
2004	22	Huesca	04	Resto de África	217	Ghana	Mujeres	10
2004	22	Huesca	04	Resto de África	218	Guinea	Hombres	153
2004	22	Huesca	04	Resto de África	218	Guinea	Mujeres	32
2004	22	Huesca	04	Resto de África	219	Guinea Bissau	Hombres	5
2004	22	Huesca	04	Resto de África	220	Guinea Ecuatorial	Hombres	3
2004	22	Huesca	04	Resto de África	220	Guinea Ecuatorial	Mujeres	11
2004	22	Huesca	04	Resto de África	221	Kenia	Hombres	1
2004	22	Huesca	04	Resto de África	221	Kenia	Mujeres	7
2004	22	Huesca	04	Resto de África	223	Liberia	Hombres	3
2004	22	Huesca	04	Resto de África	223	Liberia	Mujeres	1
2004	22	Huesca	04	Resto de África	227	Mali	Hombres	526
2004	22	Huesca	04	Resto de África	227	Mali	Mujeres	48
2004	22	Huesca	04	Resto de África	233	Níger	Hombres	5
2004	22	Huesca	04	Resto de África	233	Níger	Mujeres	3
2004	22	Huesca	04	Resto de África	234	Nigeria	Hombres	44
2004	22	Huesca	04	Resto de África	234	Nigeria	Mujeres	24
2004	22	Huesca	04	Resto de África	236	Sudáfrica	Hombres	3
2004	22	Huesca	04	Resto de África	239	Senegal	Hombres	189
2004	22	Huesca	04	Resto de África	239	Senegal	Mujeres	24
2004	22	Huesca	04	Resto de África	241	Sierra Leona	Hombres	3
2004	22	Huesca	04	Resto de África	241	Sierra Leona	Mujeres	3
2004	22	Huesca	04	Resto de África	242	Somalia	Hombres	1
2004	22	Huesca	04	Resto de África	250	Rep. Democrática del Congo	Hombres	1
2004	22	Huesca	04	Resto de África	299	Países sin relaciones diplomáticas	Hombres	4
2004	22	Huesca	05	América del Norte	301	Canadá	Hombres	4
2004	22	Huesca	05	América del Norte	301	Canadá	Mujeres	3
2004	22	Huesca	05	América del Norte	302	Estados Unidos de América	Hombres	26
2004	22	Huesca	05	América del Norte	302	Estados Unidos de América	Mujeres	26
2004	22	Huesca	06	Resto de América	303	México	Hombres	7
2004	22	Huesca	06	Resto de América	303	México	Mujeres	24
2004	22	Huesca	06	Resto de América	314	Costa Rica	Hombres	1
2004	22	Huesca	06	Resto de América	314	Costa Rica	Mujeres	3
2004	22	Huesca	06	Resto de América	315	Cuba	Hombres	49
2004	22	Huesca	06	Resto de América	315	Cuba	Mujeres	102
2004	22	Huesca	06	Resto de América	316	Dominica	Hombres	1
2004	22	Huesca	06	Resto de América	316	Dominica	Mujeres	4
2004	22	Huesca	06	Resto de América	317	El Salvador	Mujeres	2
2004	22	Huesca	06	Resto de América	319	Guatemala	Hombres	11
2004	22	Huesca	06	Resto de América	319	Guatemala	Mujeres	11
2004	22	Huesca	06	Resto de América	320	Haití	Hombres	1
2004	22	Huesca	06	Resto de América	320	Haití	Mujeres	1
2004	22	Huesca	06	Resto de América	321	Honduras	Hombres	11
2004	22	Huesca	06	Resto de América	321	Honduras	Mujeres	16
2004	22	Huesca	06	Resto de América	323	Nicaragua	Hombres	3
2004	22	Huesca	06	Resto de América	323	Nicaragua	Mujeres	2
2004	22	Huesca	06	Resto de América	324	Panamá	Hombres	2
2004	22	Huesca	06	Resto de América	324	Panamá	Mujeres	5
2004	22	Huesca	06	Resto de América	326	República Dominicana	Hombres	62
2004	22	Huesca	06	Resto de América	326	República Dominicana	Mujeres	189
2004	22	Huesca	06	Resto de América	340	Argentina	Hombres	196
2004	22	Huesca	06	Resto de América	340	Argentina	Mujeres	199
2004	22	Huesca	06	Resto de América	341	Bolivia	Hombres	49
2004	22	Huesca	06	Resto de América	341	Bolivia	Mujeres	68
2004	22	Huesca	06	Resto de América	342	Brasil	Hombres	14
2004	22	Huesca	06	Resto de América	342	Brasil	Mujeres	82
2004	22	Huesca	06	Resto de América	343	Colombia	Hombres	322
2004	22	Huesca	06	Resto de América	343	Colombia	Mujeres	476
2004	22	Huesca	06	Resto de América	344	Chile	Hombres	16
2004	22	Huesca	06	Resto de América	344	Chile	Mujeres	12
2004	22	Huesca	06	Resto de América	345	Ecuador	Hombres	567
2004	22	Huesca	06	Resto de América	345	Ecuador	Mujeres	642
2004	22	Huesca	06	Resto de América	347	Paraguay	Hombres	2
2004	22	Huesca	06	Resto de América	347	Paraguay	Mujeres	12
2004	22	Huesca	06	Resto de América	348	Perú	Hombres	52
2004	22	Huesca	06	Resto de América	348	Perú	Mujeres	48
2004	22	Huesca	06	Resto de América	350	Uruguay	Hombres	41
2004	22	Huesca	06	Resto de América	350	Uruguay	Mujeres	48
2004	22	Huesca	06	Resto de América	351	Venezuela	Hombres	16
2004	22	Huesca	06	Resto de América	351	Venezuela	Mujeres	36
2004	22	Huesca	07	Asia	401	Afganistán	Hombres	1
2004	22	Huesca	07	Asia	401	Afganistán	Mujeres	1
2004	22	Huesca	07	Asia	405	Myanmar (Birmania)	Hombres	1
2004	22	Huesca	07	Asia	407	China	Hombres	44
2004	22	Huesca	07	Asia	407	China	Mujeres	47
2004	22	Huesca	07	Asia	409	Filipinas	Hombres	1
2004	22	Huesca	07	Asia	409	Filipinas	Mujeres	6
2004	22	Huesca	07	Asia	410	India	Hombres	1
2004	22	Huesca	07	Asia	410	India	Mujeres	3
2004	22	Huesca	07	Asia	411	Indonesia	Mujeres	1
2004	22	Huesca	07	Asia	414	Israel	Hombres	2
2004	22	Huesca	07	Asia	415	Japón	Hombres	2
2004	22	Huesca	07	Asia	415	Japón	Mujeres	1
2004	22	Huesca	07	Asia	416	Jordania	Hombres	1
2004	22	Huesca	07	Asia	419	Laos	Hombres	1
2004	22	Huesca	07	Asia	420	Líbano	Hombres	2
2004	22	Huesca	07	Asia	423	Mongolia	Mujeres	1
2004	22	Huesca	07	Asia	426	Pakistán	Hombres	18
2004	22	Huesca	07	Asia	426	Pakistán	Mujeres	1
2004	22	Huesca	07	Asia	430	República de Corea	Hombres	4
2004	22	Huesca	07	Asia	430	República de Corea	Mujeres	3
2004	22	Huesca	07	Asia	433	Siria	Mujeres	1
2004	22	Huesca	07	Asia	435	Tailandia	Mujeres	3
2004	22	Huesca	07	Asia	443	Kazajstan	Hombres	2
2004	22	Huesca	07	Asia	443	Kazajstan	Mujeres	1
2004	22	Huesca	07	Asia	447	Uzbekistán	Hombres	2
2004	22	Huesca	07	Asia	447	Uzbekistán	Mujeres	1
2004	22	Huesca	07	Asia	499	Países sin relaciones diplomáticas	Mujeres	1
2004	22	Huesca	08	Oceanía	501	Australia	Hombres	3
2004	22	Huesca	08	Oceanía	501	Australia	Mujeres	2
2004	22	Huesca	08	Oceanía	511	Micronesia	Hombres	1
2004	22	Huesca	08	Oceanía	512	Tuvalu	Hombres	15
2004	22	Huesca	08	Oceanía	512	Tuvalu	Mujeres	6
2004	22	Huesca	08	Oceanía	515	Nauru	Hombres	1
2004	22	Huesca	08	Oceanía	515	Nauru	Mujeres	1
2004	22	Huesca	08	Oceanía	516	Palaos	Hombres	14
2004	22	Huesca	08	Oceanía	516	Palaos	Mujeres	1
2004	22	Huesca	08	Oceanía	599	Países sin relaciones diplomáticas	Mujeres	3
2004	44	Teruel	01	UE-15	103	Bélgica	Hombres	4
2004	44	Teruel	01	UE-15	103	Bélgica	Mujeres	5
2004	44	Teruel	01	UE-15	107	Dinamarca	Mujeres	1
2004	44	Teruel	01	UE-15	109	Finlandia	Hombres	1
2004	44	Teruel	01	UE-15	109	Finlandia	Mujeres	1
2004	44	Teruel	01	UE-15	110	Francia	Hombres	39
2004	44	Teruel	01	UE-15	110	Francia	Mujeres	54
2004	44	Teruel	01	UE-15	111	Grecia	Hombres	1
2004	44	Teruel	01	UE-15	113	Irlanda	Hombres	1
2004	44	Teruel	01	UE-15	113	Irlanda	Mujeres	2
2004	44	Teruel	01	UE-15	115	Italia	Hombres	43
2004	44	Teruel	01	UE-15	115	Italia	Mujeres	17
2004	44	Teruel	01	UE-15	121	Países Bajos	Hombres	6
2004	44	Teruel	01	UE-15	121	Países Bajos	Mujeres	8
2004	44	Teruel	01	UE-15	123	Portugal	Hombres	85
2004	44	Teruel	01	UE-15	123	Portugal	Mujeres	37
2004	44	Teruel	01	UE-15	125	Reino Unido	Hombres	32
2004	44	Teruel	01	UE-15	125	Reino Unido	Mujeres	26
2004	44	Teruel	01	UE-15	126	Alemania	Hombres	25
2004	44	Teruel	01	UE-15	126	Alemania	Mujeres	18
2004	44	Teruel	02	Resto de Europa	101	Albania	Hombres	1
2004	44	Teruel	02	Resto de Europa	104	Bulgaria	Hombres	100
2004	44	Teruel	02	Resto de Europa	104	Bulgaria	Mujeres	76
2004	44	Teruel	02	Resto de Europa	112	Hungría	Hombres	3
2004	44	Teruel	02	Resto de Europa	112	Hungría	Mujeres	3
2004	44	Teruel	02	Resto de Europa	122	Polonia	Hombres	175
2004	44	Teruel	02	Resto de Europa	122	Polonia	Mujeres	92
2004	44	Teruel	02	Resto de Europa	124	Andorra	Hombres	1
2004	44	Teruel	02	Resto de Europa	124	Andorra	Mujeres	1
2004	44	Teruel	02	Resto de Europa	128	Rumanía	Hombres	1250
2004	44	Teruel	02	Resto de Europa	128	Rumanía	Mujeres	881
2004	44	Teruel	02	Resto de Europa	132	Suiza	Hombres	1
2004	44	Teruel	02	Resto de Europa	132	Suiza	Mujeres	2
2004	44	Teruel	02	Resto de Europa	135	Ucrania	Hombres	106
2004	44	Teruel	02	Resto de Europa	135	Ucrania	Mujeres	65
2004	44	Teruel	02	Resto de Europa	136	Letonia	Hombres	7
2004	44	Teruel	02	Resto de Europa	136	Letonia	Mujeres	4
2004	44	Teruel	02	Resto de Europa	137	Moldova	Hombres	4
2004	44	Teruel	02	Resto de Europa	137	Moldova	Mujeres	13
2004	44	Teruel	02	Resto de Europa	138	Bielorrusia	Hombres	4
2004	44	Teruel	02	Resto de Europa	138	Bielorrusia	Mujeres	3
2004	44	Teruel	02	Resto de Europa	142	Lituania	Hombres	1
2004	44	Teruel	02	Resto de Europa	142	Lituania	Mujeres	4
2004	44	Teruel	02	Resto de Europa	143	República Checa	Hombres	18
2004	44	Teruel	02	Resto de Europa	143	República Checa	Mujeres	7
2004	44	Teruel	02	Resto de Europa	144	Eslovaquia	Hombres	2
2004	44	Teruel	02	Resto de Europa	145	Bosnia-Herzegovina	Hombres	2
2004	44	Teruel	02	Resto de Europa	145	Bosnia-Herzegovina	Mujeres	2
2004	44	Teruel	02	Resto de Europa	148	Armenia	Hombres	1
2004	44	Teruel	02	Resto de Europa	154	Rusia	Hombres	8
2004	44	Teruel	02	Resto de Europa	154	Rusia	Mujeres	14
2004	44	Teruel	02	Resto de Europa	155	Yugoslavia	Hombres	2
2004	44	Teruel	02	Resto de Europa	155	Yugoslavia	Mujeres	3
2004	44	Teruel	03	Magreb	203	Argelia	Hombres	152
2004	44	Teruel	03	Magreb	203	Argelia	Mujeres	36
2004	44	Teruel	03	Magreb	228	Marruecos	Hombres	1195
2004	44	Teruel	03	Magreb	228	Marruecos	Mujeres	437
2004	44	Teruel	03	Magreb	230	Mauritania	Hombres	6
2004	44	Teruel	03	Magreb	230	Mauritania	Mujeres	4
2004	44	Teruel	03	Magreb	248	Túnez	Hombres	1
2004	44	Teruel	03	Magreb	248	Túnez	Mujeres	3
2004	44	Teruel	04	Resto de África	207	Cabo Verde	Hombres	27
2004	44	Teruel	04	Resto de África	207	Cabo Verde	Mujeres	27
2004	44	Teruel	04	Resto de África	216	Gambia	Hombres	33
2004	44	Teruel	04	Resto de África	216	Gambia	Mujeres	26
2004	44	Teruel	04	Resto de África	217	Ghana	Hombres	3
2004	44	Teruel	04	Resto de África	217	Ghana	Mujeres	3
2004	44	Teruel	04	Resto de África	218	Guinea	Hombres	1
2004	44	Teruel	04	Resto de África	218	Guinea	Mujeres	1
2004	44	Teruel	04	Resto de África	219	Guinea Bissau	Hombres	1
2004	44	Teruel	04	Resto de África	220	Guinea Ecuatorial	Hombres	1
2004	44	Teruel	04	Resto de África	227	Mali	Hombres	2
2004	44	Teruel	04	Resto de África	234	Nigeria	Hombres	5
2004	44	Teruel	04	Resto de África	234	Nigeria	Mujeres	3
2004	44	Teruel	04	Resto de África	235	República Centroafricana	Mujeres	1
2004	44	Teruel	04	Resto de África	237	Ruanda	Hombres	1
2004	44	Teruel	04	Resto de África	239	Senegal	Hombres	8
2004	44	Teruel	04	Resto de África	239	Senegal	Mujeres	4
2004	44	Teruel	04	Resto de África	241	Sierra Leona	Hombres	2
2004	44	Teruel	04	Resto de África	250	Rep. Democrática del Congo	Hombres	1
2004	44	Teruel	05	América del Norte	302	Estados Unidos de América	Hombres	2
2004	44	Teruel	05	América del Norte	302	Estados Unidos de América	Mujeres	4
2004	44	Teruel	06	Resto de América	303	México	Hombres	3
2004	44	Teruel	06	Resto de América	303	México	Mujeres	16
2004	44	Teruel	06	Resto de América	314	Costa Rica	Mujeres	1
2004	44	Teruel	06	Resto de América	315	Cuba	Hombres	42
2004	44	Teruel	06	Resto de América	315	Cuba	Mujeres	66
2004	44	Teruel	06	Resto de América	316	Dominica	Hombres	2
2004	44	Teruel	06	Resto de América	316	Dominica	Mujeres	2
2004	44	Teruel	06	Resto de América	317	El Salvador	Hombres	1
2004	44	Teruel	06	Resto de América	317	El Salvador	Mujeres	1
2004	44	Teruel	06	Resto de América	321	Honduras	Hombres	3
2004	44	Teruel	06	Resto de América	326	República Dominicana	Hombres	34
2004	44	Teruel	06	Resto de América	326	República Dominicana	Mujeres	85
2004	44	Teruel	06	Resto de América	340	Argentina	Hombres	191
2004	44	Teruel	06	Resto de América	340	Argentina	Mujeres	195
2004	44	Teruel	06	Resto de América	341	Bolivia	Hombres	11
2004	44	Teruel	06	Resto de América	341	Bolivia	Mujeres	19
2004	44	Teruel	06	Resto de América	342	Brasil	Hombres	25
2004	44	Teruel	06	Resto de América	342	Brasil	Mujeres	77
2004	44	Teruel	06	Resto de América	343	Colombia	Hombres	224
2004	44	Teruel	06	Resto de América	343	Colombia	Mujeres	257
2004	44	Teruel	06	Resto de América	344	Chile	Hombres	39
2004	44	Teruel	06	Resto de América	344	Chile	Mujeres	30
2004	44	Teruel	06	Resto de América	345	Ecuador	Hombres	189
2004	44	Teruel	06	Resto de América	345	Ecuador	Mujeres	197
2004	44	Teruel	06	Resto de América	347	Paraguay	Hombres	3
2004	44	Teruel	06	Resto de América	347	Paraguay	Mujeres	10
2004	44	Teruel	06	Resto de América	348	Perú	Hombres	14
2004	44	Teruel	06	Resto de América	348	Perú	Mujeres	23
2004	44	Teruel	06	Resto de América	350	Uruguay	Hombres	29
2004	44	Teruel	06	Resto de América	350	Uruguay	Mujeres	25
2004	44	Teruel	06	Resto de América	351	Venezuela	Hombres	13
2004	44	Teruel	06	Resto de América	351	Venezuela	Mujeres	7
2004	44	Teruel	07	Asia	404	Bangladesh	Hombres	2
2004	44	Teruel	07	Asia	407	China	Hombres	17
2004	44	Teruel	07	Asia	407	China	Mujeres	11
2004	44	Teruel	07	Asia	410	India	Hombres	1
2004	44	Teruel	07	Asia	410	India	Mujeres	1
2004	44	Teruel	07	Asia	413	Irán	Hombres	2
2004	44	Teruel	07	Asia	413	Irán	Mujeres	1
2004	44	Teruel	07	Asia	414	Israel	Hombres	1
2004	44	Teruel	07	Asia	414	Israel	Mujeres	1
2004	44	Teruel	07	Asia	420	Líbano	Hombres	1
2004	44	Teruel	07	Asia	426	Pakistán	Hombres	241
2004	44	Teruel	07	Asia	426	Pakistán	Mujeres	45
2004	44	Teruel	07	Asia	433	Siria	Hombres	2
2004	44	Teruel	07	Asia	433	Siria	Mujeres	2
2004	44	Teruel	07	Asia	434	Sri-Lanka	Hombres	1
2004	44	Teruel	07	Asia	434	Sri-Lanka	Mujeres	1
2004	44	Teruel	07	Asia	443	Kazajstan	Hombres	5
2004	44	Teruel	07	Asia	443	Kazajstan	Mujeres	4
2004	44	Teruel	08	Oceanía	501	Australia	Hombres	1
2004	44	Teruel	08	Oceanía	501	Australia	Mujeres	1
2004	44	Teruel	08	Oceanía	504	Nueva Zelanda	Hombres	1
2004	50	Zaragoza	01	UE-15	102	Austria	Hombres	10
2004	50	Zaragoza	01	UE-15	102	Austria	Mujeres	13
2004	50	Zaragoza	01	UE-15	103	Bélgica	Hombres	41
2004	50	Zaragoza	01	UE-15	103	Bélgica	Mujeres	31
2004	50	Zaragoza	01	UE-15	107	Dinamarca	Hombres	13
2004	50	Zaragoza	01	UE-15	107	Dinamarca	Mujeres	5
2004	50	Zaragoza	01	UE-15	109	Finlandia	Hombres	3
2004	50	Zaragoza	01	UE-15	109	Finlandia	Mujeres	8
2004	50	Zaragoza	01	UE-15	110	Francia	Hombres	352
2004	50	Zaragoza	01	UE-15	110	Francia	Mujeres	435
2004	50	Zaragoza	01	UE-15	111	Grecia	Hombres	8
2004	50	Zaragoza	01	UE-15	111	Grecia	Mujeres	6
2004	50	Zaragoza	01	UE-15	113	Irlanda	Hombres	15
2004	50	Zaragoza	01	UE-15	113	Irlanda	Mujeres	20
2004	50	Zaragoza	01	UE-15	115	Italia	Hombres	428
2004	50	Zaragoza	01	UE-15	115	Italia	Mujeres	234
2004	50	Zaragoza	01	UE-15	121	Países Bajos	Hombres	82
2004	50	Zaragoza	01	UE-15	121	Países Bajos	Mujeres	50
2004	50	Zaragoza	01	UE-15	123	Portugal	Hombres	495
2004	50	Zaragoza	01	UE-15	123	Portugal	Mujeres	385
2004	50	Zaragoza	01	UE-15	125	Reino Unido	Hombres	153
2004	50	Zaragoza	01	UE-15	125	Reino Unido	Mujeres	141
2004	50	Zaragoza	01	UE-15	126	Alemania	Hombres	189
2004	50	Zaragoza	01	UE-15	126	Alemania	Mujeres	146
2004	50	Zaragoza	01	UE-15	131	Suecia	Hombres	11
2004	50	Zaragoza	01	UE-15	131	Suecia	Mujeres	16
2004	50	Zaragoza	02	Resto de Europa	101	Albania	Hombres	21
2004	50	Zaragoza	02	Resto de Europa	101	Albania	Mujeres	21
2004	50	Zaragoza	02	Resto de Europa	104	Bulgaria	Hombres	711
2004	50	Zaragoza	02	Resto de Europa	104	Bulgaria	Mujeres	596
2004	50	Zaragoza	02	Resto de Europa	112	Hungría	Hombres	14
2004	50	Zaragoza	02	Resto de Europa	112	Hungría	Mujeres	22
2004	50	Zaragoza	02	Resto de Europa	120	Noruega	Hombres	6
2004	50	Zaragoza	02	Resto de Europa	120	Noruega	Mujeres	8
2004	50	Zaragoza	02	Resto de Europa	122	Polonia	Hombres	236
2004	50	Zaragoza	02	Resto de Europa	122	Polonia	Mujeres	181
2004	50	Zaragoza	02	Resto de Europa	124	Andorra	Hombres	4
2004	50	Zaragoza	02	Resto de Europa	124	Andorra	Mujeres	5
2004	50	Zaragoza	02	Resto de Europa	128	Rumanía	Hombres	7509
2004	50	Zaragoza	02	Resto de Europa	128	Rumanía	Mujeres	5523
2004	50	Zaragoza	02	Resto de Europa	129	San Marino	Hombres	1
2004	50	Zaragoza	02	Resto de Europa	132	Suiza	Hombres	34
2004	50	Zaragoza	02	Resto de Europa	132	Suiza	Mujeres	14
2004	50	Zaragoza	02	Resto de Europa	135	Ucrania	Hombres	493
2004	50	Zaragoza	02	Resto de Europa	135	Ucrania	Mujeres	589
2004	50	Zaragoza	02	Resto de Europa	136	Letonia	Hombres	5
2004	50	Zaragoza	02	Resto de Europa	136	Letonia	Mujeres	8
2004	50	Zaragoza	02	Resto de Europa	137	Moldova	Hombres	81
2004	50	Zaragoza	02	Resto de Europa	137	Moldova	Mujeres	55
2004	50	Zaragoza	02	Resto de Europa	138	Bielorrusia	Hombres	29
2004	50	Zaragoza	02	Resto de Europa	138	Bielorrusia	Mujeres	46
2004	50	Zaragoza	02	Resto de Europa	139	Georgia	Hombres	24
2004	50	Zaragoza	02	Resto de Europa	139	Georgia	Mujeres	11
2004	50	Zaragoza	02	Resto de Europa	141	Estonia	Hombres	1
2004	50	Zaragoza	02	Resto de Europa	141	Estonia	Mujeres	1
2004	50	Zaragoza	02	Resto de Europa	142	Lituania	Hombres	45
2004	50	Zaragoza	02	Resto de Europa	142	Lituania	Mujeres	38
2004	50	Zaragoza	02	Resto de Europa	143	República Checa	Hombres	13
2004	50	Zaragoza	02	Resto de Europa	143	República Checa	Mujeres	28
2004	50	Zaragoza	02	Resto de Europa	144	Eslovaquia	Hombres	12
2004	50	Zaragoza	02	Resto de Europa	144	Eslovaquia	Mujeres	16
2004	50	Zaragoza	02	Resto de Europa	145	Bosnia-Herzegovina	Hombres	15
2004	50	Zaragoza	02	Resto de Europa	145	Bosnia-Herzegovina	Mujeres	21
2004	50	Zaragoza	02	Resto de Europa	146	Croacia	Hombres	10
2004	50	Zaragoza	02	Resto de Europa	146	Croacia	Mujeres	7
2004	50	Zaragoza	02	Resto de Europa	147	Eslovenia	Hombres	1
2004	50	Zaragoza	02	Resto de Europa	147	Eslovenia	Mujeres	8
2004	50	Zaragoza	02	Resto de Europa	148	Armenia	Hombres	23
2004	50	Zaragoza	02	Resto de Europa	148	Armenia	Mujeres	23
2004	50	Zaragoza	02	Resto de Europa	154	Rusia	Hombres	128
2004	50	Zaragoza	02	Resto de Europa	154	Rusia	Mujeres	285
2004	50	Zaragoza	02	Resto de Europa	155	Yugoslavia	Hombres	23
2004	50	Zaragoza	02	Resto de Europa	155	Yugoslavia	Mujeres	9
2004	50	Zaragoza	02	Resto de Europa	156	Macedonia	Mujeres	1
2004	50	Zaragoza	02	Resto de Europa	436	Turquía	Hombres	12
2004	50	Zaragoza	02	Resto de Europa	436	Turquía	Mujeres	2
2004	50	Zaragoza	03	Magreb	203	Argelia	Hombres	2504
2004	50	Zaragoza	03	Magreb	203	Argelia	Mujeres	612
2004	50	Zaragoza	03	Magreb	224	Libia	Hombres	3
2004	50	Zaragoza	03	Magreb	224	Libia	Mujeres	5
2004	50	Zaragoza	03	Magreb	228	Marruecos	Hombres	3574
2004	50	Zaragoza	03	Magreb	228	Marruecos	Mujeres	1625
2004	50	Zaragoza	03	Magreb	230	Mauritania	Hombres	116
2004	50	Zaragoza	03	Magreb	230	Mauritania	Mujeres	26
2004	50	Zaragoza	03	Magreb	248	Túnez	Hombres	37
2004	50	Zaragoza	03	Magreb	248	Túnez	Mujeres	15
2004	50	Zaragoza	04	Resto de África	201	Burkina Fasso	Hombres	9
2004	50	Zaragoza	04	Resto de África	202	Angola	Hombres	52
2004	50	Zaragoza	04	Resto de África	202	Angola	Mujeres	31
2004	50	Zaragoza	04	Resto de África	204	Benin	Hombres	3
2004	50	Zaragoza	04	Resto de África	204	Benin	Mujeres	1
2004	50	Zaragoza	04	Resto de África	206	Burundi	Hombres	1
2004	50	Zaragoza	04	Resto de África	206	Burundi	Mujeres	1
2004	50	Zaragoza	04	Resto de África	207	Cabo Verde	Hombres	175
2004	50	Zaragoza	04	Resto de África	207	Cabo Verde	Mujeres	143
2004	50	Zaragoza	04	Resto de África	208	Camerún	Hombres	67
2004	50	Zaragoza	04	Resto de África	208	Camerún	Mujeres	59
2004	50	Zaragoza	04	Resto de África	210	Congo	Hombres	39
2004	50	Zaragoza	04	Resto de África	210	Congo	Mujeres	11
2004	50	Zaragoza	04	Resto de África	211	Costa de Marfil	Hombres	34
2004	50	Zaragoza	04	Resto de África	211	Costa de Marfil	Mujeres	10
2004	50	Zaragoza	04	Resto de África	213	Egipto	Hombres	108
2004	50	Zaragoza	04	Resto de África	213	Egipto	Mujeres	32
2004	50	Zaragoza	04	Resto de África	214	Etiopía	Hombres	5
2004	50	Zaragoza	04	Resto de África	215	Gabón	Hombres	2
2004	50	Zaragoza	04	Resto de África	215	Gabón	Mujeres	2
2004	50	Zaragoza	04	Resto de África	216	Gambia	Hombres	551
2004	50	Zaragoza	04	Resto de África	216	Gambia	Mujeres	294
2004	50	Zaragoza	04	Resto de África	217	Ghana	Hombres	782
2004	50	Zaragoza	04	Resto de África	217	Ghana	Mujeres	195
2004	50	Zaragoza	04	Resto de África	218	Guinea	Hombres	208
2004	50	Zaragoza	04	Resto de África	218	Guinea	Mujeres	254
2004	50	Zaragoza	04	Resto de África	219	Guinea Bissau	Hombres	46
2004	50	Zaragoza	04	Resto de África	219	Guinea Bissau	Mujeres	13
2004	50	Zaragoza	04	Resto de África	220	Guinea Ecuatorial	Hombres	247
2004	50	Zaragoza	04	Resto de África	220	Guinea Ecuatorial	Mujeres	411
2004	50	Zaragoza	04	Resto de África	221	Kenia	Hombres	1
2004	50	Zaragoza	04	Resto de África	221	Kenia	Mujeres	4
2004	50	Zaragoza	04	Resto de África	223	Liberia	Hombres	35
2004	50	Zaragoza	04	Resto de África	223	Liberia	Mujeres	13
2004	50	Zaragoza	04	Resto de África	226	Malawi	Mujeres	1
2004	50	Zaragoza	04	Resto de África	227	Mali	Hombres	228
2004	50	Zaragoza	04	Resto de África	227	Mali	Mujeres	44
2004	50	Zaragoza	04	Resto de África	231	Mozambique	Hombres	2
2004	50	Zaragoza	04	Resto de África	231	Mozambique	Mujeres	4
2004	50	Zaragoza	04	Resto de África	232	Namibia	Mujeres	1
2004	50	Zaragoza	04	Resto de África	233	Níger	Hombres	10
2004	50	Zaragoza	04	Resto de África	234	Nigeria	Hombres	203
2004	50	Zaragoza	04	Resto de África	234	Nigeria	Mujeres	225
2004	50	Zaragoza	04	Resto de África	235	República Centroafricana	Hombres	1
2004	50	Zaragoza	04	Resto de África	235	República Centroafricana	Mujeres	2
2004	50	Zaragoza	04	Resto de África	236	Sudáfrica	Hombres	5
2004	50	Zaragoza	04	Resto de África	236	Sudáfrica	Mujeres	4
2004	50	Zaragoza	04	Resto de África	237	Ruanda	Hombres	4
2004	50	Zaragoza	04	Resto de África	239	Senegal	Hombres	1023
2004	50	Zaragoza	04	Resto de África	239	Senegal	Mujeres	165
2004	50	Zaragoza	04	Resto de África	241	Sierra Leona	Hombres	17
2004	50	Zaragoza	04	Resto de África	241	Sierra Leona	Mujeres	18
2004	50	Zaragoza	04	Resto de África	243	Sudán	Hombres	5
2004	50	Zaragoza	04	Resto de África	243	Sudán	Mujeres	6
2004	50	Zaragoza	04	Resto de África	245	Tanzania	Hombres	1
2004	50	Zaragoza	04	Resto de África	246	Chad	Hombres	6
2004	50	Zaragoza	04	Resto de África	247	Togo	Hombres	8
2004	50	Zaragoza	04	Resto de África	247	Togo	Mujeres	2
2004	50	Zaragoza	04	Resto de África	250	Rep. Democrática del Congo	Hombres	65
2004	50	Zaragoza	04	Resto de África	250	Rep. Democrática del Congo	Mujeres	23
2004	50	Zaragoza	04	Resto de África	251	Zambia	Mujeres	1
2004	50	Zaragoza	04	Resto de África	253	Eritrea	Mujeres	1
2004	50	Zaragoza	04	Resto de África	299	Países sin relaciones diplomáticas	Mujeres	1
2004	50	Zaragoza	05	América del Norte	301	Canadá	Hombres	9
2004	50	Zaragoza	05	América del Norte	301	Canadá	Mujeres	9
2004	50	Zaragoza	05	América del Norte	302	Estados Unidos de América	Hombres	265
2004	50	Zaragoza	05	América del Norte	302	Estados Unidos de América	Mujeres	167
2004	50	Zaragoza	06	Resto de América	303	México	Hombres	105
2004	50	Zaragoza	06	Resto de América	303	México	Mujeres	219
2004	50	Zaragoza	06	Resto de América	314	Costa Rica	Hombres	10
2004	50	Zaragoza	06	Resto de América	314	Costa Rica	Mujeres	3
2004	50	Zaragoza	06	Resto de América	315	Cuba	Hombres	277
2004	50	Zaragoza	06	Resto de América	315	Cuba	Mujeres	441
2004	50	Zaragoza	06	Resto de América	316	Dominica	Hombres	2
2004	50	Zaragoza	06	Resto de América	316	Dominica	Mujeres	5
2004	50	Zaragoza	06	Resto de América	317	El Salvador	Hombres	26
2004	50	Zaragoza	06	Resto de América	317	El Salvador	Mujeres	45
2004	50	Zaragoza	06	Resto de América	318	Granada	Hombres	1
2004	50	Zaragoza	06	Resto de América	318	Granada	Mujeres	1
2004	50	Zaragoza	06	Resto de América	319	Guatemala	Hombres	6
2004	50	Zaragoza	06	Resto de América	319	Guatemala	Mujeres	17
2004	50	Zaragoza	06	Resto de América	321	Honduras	Hombres	51
2004	50	Zaragoza	06	Resto de América	321	Honduras	Mujeres	97
2004	50	Zaragoza	06	Resto de América	322	Jamaica	Hombres	1
2004	50	Zaragoza	06	Resto de América	323	Nicaragua	Hombres	26
2004	50	Zaragoza	06	Resto de América	323	Nicaragua	Mujeres	58
2004	50	Zaragoza	06	Resto de América	324	Panamá	Hombres	13
2004	50	Zaragoza	06	Resto de América	324	Panamá	Mujeres	20
2004	50	Zaragoza	06	Resto de América	326	República Dominicana	Hombres	235
2004	50	Zaragoza	06	Resto de América	326	República Dominicana	Mujeres	572
2004	50	Zaragoza	06	Resto de América	340	Argentina	Hombres	527
2004	50	Zaragoza	06	Resto de América	340	Argentina	Mujeres	567
2004	50	Zaragoza	06	Resto de América	341	Bolivia	Hombres	87
2004	50	Zaragoza	06	Resto de América	341	Bolivia	Mujeres	116
2004	50	Zaragoza	06	Resto de América	342	Brasil	Hombres	223
2004	50	Zaragoza	06	Resto de América	342	Brasil	Mujeres	574
2004	50	Zaragoza	06	Resto de América	343	Colombia	Hombres	1619
2004	50	Zaragoza	06	Resto de América	343	Colombia	Mujeres	2473
2004	50	Zaragoza	06	Resto de América	344	Chile	Hombres	163
2004	50	Zaragoza	06	Resto de América	344	Chile	Mujeres	202
2004	50	Zaragoza	06	Resto de América	345	Ecuador	Hombres	5203
2004	50	Zaragoza	06	Resto de América	345	Ecuador	Mujeres	5823
2004	50	Zaragoza	06	Resto de América	347	Paraguay	Hombres	12
2004	50	Zaragoza	06	Resto de América	347	Paraguay	Mujeres	31
2004	50	Zaragoza	06	Resto de América	348	Perú	Hombres	279
2004	50	Zaragoza	06	Resto de América	348	Perú	Mujeres	340
2004	50	Zaragoza	06	Resto de América	350	Uruguay	Hombres	126
2004	50	Zaragoza	06	Resto de América	350	Uruguay	Mujeres	139
2004	50	Zaragoza	06	Resto de América	351	Venezuela	Hombres	232
2004	50	Zaragoza	06	Resto de América	351	Venezuela	Mujeres	336
2004	50	Zaragoza	07	Asia	404	Bangladesh	Hombres	11
2004	50	Zaragoza	07	Asia	404	Bangladesh	Mujeres	6
2004	50	Zaragoza	07	Asia	407	China	Hombres	683
2004	50	Zaragoza	07	Asia	407	China	Mujeres	604
2004	50	Zaragoza	07	Asia	409	Filipinas	Hombres	5
2004	50	Zaragoza	07	Asia	409	Filipinas	Mujeres	13
2004	50	Zaragoza	07	Asia	410	India	Hombres	19
2004	50	Zaragoza	07	Asia	410	India	Mujeres	43
2004	50	Zaragoza	07	Asia	412	Irak	Hombres	2
2004	50	Zaragoza	07	Asia	412	Irak	Mujeres	1
2004	50	Zaragoza	07	Asia	413	Irán	Hombres	5
2004	50	Zaragoza	07	Asia	413	Irán	Mujeres	5
2004	50	Zaragoza	07	Asia	414	Israel	Hombres	4
2004	50	Zaragoza	07	Asia	414	Israel	Mujeres	4
2004	50	Zaragoza	07	Asia	415	Japón	Hombres	4
2004	50	Zaragoza	07	Asia	415	Japón	Mujeres	13
2004	50	Zaragoza	07	Asia	416	Jordania	Hombres	32
2004	50	Zaragoza	07	Asia	416	Jordania	Mujeres	16
2004	50	Zaragoza	07	Asia	419	Laos	Hombres	1
2004	50	Zaragoza	07	Asia	419	Laos	Mujeres	2
2004	50	Zaragoza	07	Asia	420	Líbano	Hombres	18
2004	50	Zaragoza	07	Asia	420	Líbano	Mujeres	14
2004	50	Zaragoza	07	Asia	421	Malasia	Hombres	1
2004	50	Zaragoza	07	Asia	421	Malasia	Mujeres	1
2004	50	Zaragoza	07	Asia	426	Pakistán	Hombres	130
2004	50	Zaragoza	07	Asia	426	Pakistán	Mujeres	4
2004	50	Zaragoza	07	Asia	430	República de Corea	Hombres	8
2004	50	Zaragoza	07	Asia	430	República de Corea	Mujeres	13
2004	50	Zaragoza	07	Asia	433	Siria	Hombres	27
2004	50	Zaragoza	07	Asia	433	Siria	Mujeres	14
2004	50	Zaragoza	07	Asia	435	Tailandia	Mujeres	4
2004	50	Zaragoza	07	Asia	437	Vietnam	Hombres	1
2004	50	Zaragoza	07	Asia	437	Vietnam	Mujeres	2
2004	50	Zaragoza	07	Asia	442	Azerbaiyan	Hombres	5
2004	50	Zaragoza	07	Asia	442	Azerbaiyan	Mujeres	2
2004	50	Zaragoza	07	Asia	443	Kazajstan	Hombres	1
2004	50	Zaragoza	07	Asia	447	Uzbekistán	Hombres	1
2004	50	Zaragoza	07	Asia	447	Uzbekistán	Mujeres	3
2004	50	Zaragoza	07	Asia	499	Países sin relaciones diplomáticas	Hombres	2
2004	50	Zaragoza	07	Asia	499	Países sin relaciones diplomáticas	Mujeres	1
2004	50	Zaragoza	08	Oceanía	501	Australia	Hombres	4
2004	50	Zaragoza	08	Oceanía	501	Australia	Mujeres	4
2004	50	Zaragoza	08	Oceanía	504	Nueva Zelanda	Hombres	1
2004	50	Zaragoza	08	Oceanía	504	Nueva Zelanda	Mujeres	2
2004	50	Zaragoza	08	Oceanía	511	Micronesia	Mujeres	1
2004	50	Zaragoza	09	Apátridas y no consta	555	Apátridas	Hombres	20
2004	50	Zaragoza	09	Apátridas y no consta	555	Apátridas	Mujeres	11
2005	22	Huesca	01	UE-25	102	Austria	Hombres	10
2005	22	Huesca	01	UE-25	102	Austria	Mujeres	4
2005	22	Huesca	01	UE-25	103	Bélgica	Hombres	29
2005	22	Huesca	01	UE-25	103	Bélgica	Mujeres	24
2005	22	Huesca	01	UE-25	107	Dinamarca	Hombres	3
2005	22	Huesca	01	UE-25	107	Dinamarca	Mujeres	5
2005	22	Huesca	01	UE-25	109	Finlandia	Hombres	1
2005	22	Huesca	01	UE-25	109	Finlandia	Mujeres	1
2005	22	Huesca	01	UE-25	110	Francia	Hombres	172
2005	22	Huesca	01	UE-25	110	Francia	Mujeres	188
2005	22	Huesca	01	UE-25	111	Grecia	Hombres	1
2005	22	Huesca	01	UE-25	112	Hungría	Hombres	6
2005	22	Huesca	01	UE-25	112	Hungría	Mujeres	5
2005	22	Huesca	01	UE-25	113	Irlanda	Hombres	5
2005	22	Huesca	01	UE-25	113	Irlanda	Mujeres	3
2005	22	Huesca	01	UE-25	115	Italia	Hombres	80
2005	22	Huesca	01	UE-25	115	Italia	Mujeres	48
2005	22	Huesca	01	UE-25	118	Malta	Hombres	1
2005	22	Huesca	01	UE-25	121	Países Bajos	Hombres	35
2005	22	Huesca	01	UE-25	121	Países Bajos	Mujeres	42
2005	22	Huesca	01	UE-25	122	Polonia	Hombres	130
2005	22	Huesca	01	UE-25	122	Polonia	Mujeres	89
2005	22	Huesca	01	UE-25	123	Portugal	Hombres	142
2005	22	Huesca	01	UE-25	123	Portugal	Mujeres	91
2005	22	Huesca	01	UE-25	125	Reino Unido	Hombres	59
2005	22	Huesca	01	UE-25	125	Reino Unido	Mujeres	63
2005	22	Huesca	01	UE-25	126	Alemania	Hombres	78
2005	22	Huesca	01	UE-25	126	Alemania	Mujeres	59
2005	22	Huesca	01	UE-25	131	Suecia	Mujeres	1
2005	22	Huesca	01	UE-25	136	Letonia	Mujeres	2
2005	22	Huesca	01	UE-25	141	Estonia	Mujeres	2
2005	22	Huesca	01	UE-25	142	Lituania	Hombres	91
2005	22	Huesca	01	UE-25	142	Lituania	Mujeres	84
2005	22	Huesca	01	UE-25	143	República Checa	Hombres	6
2005	22	Huesca	01	UE-25	143	República Checa	Mujeres	8
2005	22	Huesca	01	UE-25	144	Eslovaquia	Hombres	11
2005	22	Huesca	01	UE-25	144	Eslovaquia	Mujeres	15
2005	22	Huesca	02	Resto de Europa	101	Albania	Mujeres	2
2005	22	Huesca	02	Resto de Europa	104	Bulgaria	Hombres	509
2005	22	Huesca	02	Resto de Europa	104	Bulgaria	Mujeres	370
2005	22	Huesca	02	Resto de Europa	124	Andorra	Mujeres	4
2005	22	Huesca	02	Resto de Europa	128	Rumanía	Hombres	1417
2005	22	Huesca	02	Resto de Europa	128	Rumanía	Mujeres	1152
2005	22	Huesca	02	Resto de Europa	132	Suiza	Hombres	11
2005	22	Huesca	02	Resto de Europa	132	Suiza	Mujeres	15
2005	22	Huesca	02	Resto de Europa	135	Ucrania	Hombres	240
2005	22	Huesca	02	Resto de Europa	135	Ucrania	Mujeres	182
2005	22	Huesca	02	Resto de Europa	137	Moldova	Hombres	5
2005	22	Huesca	02	Resto de Europa	137	Moldova	Mujeres	7
2005	22	Huesca	02	Resto de Europa	138	Bielorrusia	Hombres	7
2005	22	Huesca	02	Resto de Europa	138	Bielorrusia	Mujeres	1
2005	22	Huesca	02	Resto de Europa	139	Georgia	Hombres	3
2005	22	Huesca	02	Resto de Europa	139	Georgia	Mujeres	1
2005	22	Huesca	02	Resto de Europa	146	Croacia	Hombres	2
2005	22	Huesca	02	Resto de Europa	146	Croacia	Mujeres	1
2005	22	Huesca	02	Resto de Europa	148	Armenia	Hombres	24
2005	22	Huesca	02	Resto de Europa	148	Armenia	Mujeres	19
2005	22	Huesca	02	Resto de Europa	154	Rusia	Hombres	20
2005	22	Huesca	02	Resto de Europa	154	Rusia	Mujeres	35
2005	22	Huesca	02	Resto de Europa	155	Yugoslavia	Hombres	6
2005	22	Huesca	02	Resto de Europa	155	Yugoslavia	Mujeres	4
2005	22	Huesca	02	Resto de Europa	199	Países sin relaciones diplomáticas	Hombres	9
2005	22	Huesca	02	Resto de Europa	199	Países sin relaciones diplomáticas	Mujeres	3
2005	22	Huesca	03	Magreb	203	Argelia	Hombres	702
2005	22	Huesca	03	Magreb	203	Argelia	Mujeres	135
2005	22	Huesca	03	Magreb	228	Marruecos	Hombres	1424
2005	22	Huesca	03	Magreb	228	Marruecos	Mujeres	667
2005	22	Huesca	03	Magreb	230	Mauritania	Hombres	106
2005	22	Huesca	03	Magreb	230	Mauritania	Mujeres	25
2005	22	Huesca	03	Magreb	248	Túnez	Hombres	5
2005	22	Huesca	03	Magreb	248	Túnez	Mujeres	1
2005	22	Huesca	04	Resto de África	201	Burkina Fasso	Hombres	33
2005	22	Huesca	04	Resto de África	201	Burkina Fasso	Mujeres	6
2005	22	Huesca	04	Resto de África	202	Angola	Hombres	5
2005	22	Huesca	04	Resto de África	202	Angola	Mujeres	4
2005	22	Huesca	04	Resto de África	204	Benin	Hombres	3
2005	22	Huesca	04	Resto de África	207	Cabo Verde	Hombres	7
2005	22	Huesca	04	Resto de África	207	Cabo Verde	Mujeres	5
2005	22	Huesca	04	Resto de África	208	Camerún	Hombres	4
2005	22	Huesca	04	Resto de África	208	Camerún	Mujeres	1
2005	22	Huesca	04	Resto de África	210	Congo	Hombres	1
2005	22	Huesca	04	Resto de África	211	Costa de Marfil	Hombres	31
2005	22	Huesca	04	Resto de África	211	Costa de Marfil	Mujeres	10
2005	22	Huesca	04	Resto de África	213	Egipto	Hombres	1
2005	22	Huesca	04	Resto de África	216	Gambia	Hombres	405
2005	22	Huesca	04	Resto de África	216	Gambia	Mujeres	131
2005	22	Huesca	04	Resto de África	217	Ghana	Hombres	34
2005	22	Huesca	04	Resto de África	217	Ghana	Mujeres	11
2005	22	Huesca	04	Resto de África	218	Guinea	Hombres	171
2005	22	Huesca	04	Resto de África	218	Guinea	Mujeres	38
2005	22	Huesca	04	Resto de África	219	Guinea Bissau	Hombres	9
2005	22	Huesca	04	Resto de África	220	Guinea Ecuatorial	Hombres	6
2005	22	Huesca	04	Resto de África	220	Guinea Ecuatorial	Mujeres	16
2005	22	Huesca	04	Resto de África	221	Kenia	Hombres	1
2005	22	Huesca	04	Resto de África	221	Kenia	Mujeres	7
2005	22	Huesca	04	Resto de África	223	Liberia	Hombres	4
2005	22	Huesca	04	Resto de África	223	Liberia	Mujeres	1
2005	22	Huesca	04	Resto de África	227	Mali	Hombres	670
2005	22	Huesca	04	Resto de África	227	Mali	Mujeres	57
2005	22	Huesca	04	Resto de África	233	Níger	Hombres	6
2005	22	Huesca	04	Resto de África	233	Níger	Mujeres	3
2005	22	Huesca	04	Resto de África	234	Nigeria	Hombres	59
2005	22	Huesca	04	Resto de África	234	Nigeria	Mujeres	34
2005	22	Huesca	04	Resto de África	236	Sudáfrica	Hombres	3
2005	22	Huesca	04	Resto de África	237	Ruanda	Mujeres	1
2005	22	Huesca	04	Resto de África	239	Senegal	Hombres	256
2005	22	Huesca	04	Resto de África	239	Senegal	Mujeres	29
2005	22	Huesca	04	Resto de África	241	Sierra Leona	Hombres	4
2005	22	Huesca	04	Resto de África	241	Sierra Leona	Mujeres	4
2005	22	Huesca	04	Resto de África	250	Rep. Democrática del Congo	Hombres	1
2005	22	Huesca	04	Resto de África	299	Países sin relaciones diplomáticas	Hombres	6
2005	22	Huesca	05	América del Norte	301	Canadá	Hombres	4
2005	22	Huesca	05	América del Norte	301	Canadá	Mujeres	4
2005	22	Huesca	05	América del Norte	302	Estados Unidos de América	Hombres	24
2005	22	Huesca	05	América del Norte	302	Estados Unidos de América	Mujeres	25
2005	22	Huesca	06	Resto de América	303	México	Hombres	13
2005	22	Huesca	06	Resto de América	303	México	Mujeres	32
2005	22	Huesca	06	Resto de América	314	Costa Rica	Hombres	2
2005	22	Huesca	06	Resto de América	314	Costa Rica	Mujeres	5
2005	22	Huesca	06	Resto de América	315	Cuba	Hombres	56
2005	22	Huesca	06	Resto de América	315	Cuba	Mujeres	109
2005	22	Huesca	06	Resto de América	316	Dominica	Hombres	1
2005	22	Huesca	06	Resto de América	316	Dominica	Mujeres	5
2005	22	Huesca	06	Resto de América	317	El Salvador	Hombres	1
2005	22	Huesca	06	Resto de América	317	El Salvador	Mujeres	3
2005	22	Huesca	06	Resto de América	319	Guatemala	Hombres	11
2005	22	Huesca	06	Resto de América	319	Guatemala	Mujeres	12
2005	22	Huesca	06	Resto de América	321	Honduras	Hombres	13
2005	22	Huesca	06	Resto de América	321	Honduras	Mujeres	19
2005	22	Huesca	06	Resto de América	323	Nicaragua	Hombres	4
2005	22	Huesca	06	Resto de América	323	Nicaragua	Mujeres	5
2005	22	Huesca	06	Resto de América	324	Panamá	Hombres	2
2005	22	Huesca	06	Resto de América	324	Panamá	Mujeres	7
2005	22	Huesca	06	Resto de América	326	República Dominicana	Hombres	91
2005	22	Huesca	06	Resto de América	326	República Dominicana	Mujeres	213
2005	22	Huesca	06	Resto de América	340	Argentina	Hombres	250
2005	22	Huesca	06	Resto de América	340	Argentina	Mujeres	249
2005	22	Huesca	06	Resto de América	341	Bolivia	Hombres	91
2005	22	Huesca	06	Resto de América	341	Bolivia	Mujeres	118
2005	22	Huesca	06	Resto de América	342	Brasil	Hombres	26
2005	22	Huesca	06	Resto de América	342	Brasil	Mujeres	115
2005	22	Huesca	06	Resto de América	343	Colombia	Hombres	386
2005	22	Huesca	06	Resto de América	343	Colombia	Mujeres	509
2005	22	Huesca	06	Resto de América	344	Chile	Hombres	28
2005	22	Huesca	06	Resto de América	344	Chile	Mujeres	21
2005	22	Huesca	06	Resto de América	345	Ecuador	Hombres	593
2005	22	Huesca	06	Resto de América	345	Ecuador	Mujeres	650
2005	22	Huesca	06	Resto de América	347	Paraguay	Hombres	7
2005	22	Huesca	06	Resto de América	347	Paraguay	Mujeres	18
2005	22	Huesca	06	Resto de América	348	Perú	Hombres	57
2005	22	Huesca	06	Resto de América	348	Perú	Mujeres	66
2005	22	Huesca	06	Resto de América	350	Uruguay	Hombres	68
2005	22	Huesca	06	Resto de América	350	Uruguay	Mujeres	70
2005	22	Huesca	06	Resto de América	351	Venezuela	Hombres	40
2005	22	Huesca	06	Resto de América	351	Venezuela	Mujeres	69
2005	22	Huesca	07	Asia	401	Afganistán	Hombres	1
2005	22	Huesca	07	Asia	401	Afganistán	Mujeres	1
2005	22	Huesca	07	Asia	404	Bangladesh	Hombres	2
2005	22	Huesca	07	Asia	404	Bangladesh	Mujeres	1
2005	22	Huesca	07	Asia	407	China	Hombres	62
2005	22	Huesca	07	Asia	407	China	Mujeres	53
2005	22	Huesca	07	Asia	409	Filipinas	Hombres	3
2005	22	Huesca	07	Asia	409	Filipinas	Mujeres	6
2005	22	Huesca	07	Asia	410	India	Hombres	1
2005	22	Huesca	07	Asia	410	India	Mujeres	3
2005	22	Huesca	07	Asia	411	Indonesia	Mujeres	1
2005	22	Huesca	07	Asia	413	Irán	Hombres	1
2005	22	Huesca	07	Asia	414	Israel	Hombres	2
2005	22	Huesca	07	Asia	415	Japón	Hombres	2
2005	22	Huesca	07	Asia	415	Japón	Mujeres	1
2005	22	Huesca	07	Asia	416	Jordania	Hombres	1
2005	22	Huesca	07	Asia	419	Laos	Hombres	1
2005	22	Huesca	07	Asia	420	Líbano	Hombres	2
2005	22	Huesca	07	Asia	420	Líbano	Mujeres	1
2005	22	Huesca	07	Asia	423	Mongolia	Mujeres	2
2005	22	Huesca	07	Asia	426	Pakistán	Hombres	22
2005	22	Huesca	07	Asia	426	Pakistán	Mujeres	2
2005	22	Huesca	07	Asia	430	República de Corea	Hombres	5
2005	22	Huesca	07	Asia	430	República de Corea	Mujeres	4
2005	22	Huesca	07	Asia	433	Siria	Mujeres	1
2005	22	Huesca	07	Asia	435	Tailandia	Mujeres	4
2005	22	Huesca	07	Asia	443	Kazajstan	Hombres	2
2005	22	Huesca	07	Asia	443	Kazajstan	Mujeres	1
2005	22	Huesca	07	Asia	447	Uzbekistán	Hombres	2
2005	22	Huesca	07	Asia	447	Uzbekistán	Mujeres	1
2005	22	Huesca	07	Asia	499	Países sin relaciones diplomáticas	Mujeres	1
2005	22	Huesca	08	Oceanía	501	Australia	Hombres	5
2005	22	Huesca	08	Oceanía	501	Australia	Mujeres	3
2005	22	Huesca	08	Oceanía	511	Micronesia	Hombres	1
2005	22	Huesca	08	Oceanía	511	Micronesia	Mujeres	2
2005	22	Huesca	08	Oceanía	512	Tuvalu	Hombres	14
2005	22	Huesca	08	Oceanía	512	Tuvalu	Mujeres	7
2005	22	Huesca	08	Oceanía	515	Nauru	Hombres	1
2005	22	Huesca	08	Oceanía	515	Nauru	Mujeres	1
2005	22	Huesca	08	Oceanía	516	Palaos	Hombres	20
2005	22	Huesca	08	Oceanía	516	Palaos	Mujeres	6
2005	22	Huesca	08	Oceanía	599	Países sin relaciones diplomáticas	Mujeres	2
2005	44	Teruel	01	UE-25	102	Austria	Hombres	2
2005	44	Teruel	01	UE-25	103	Bélgica	Hombres	6
2005	44	Teruel	01	UE-25	103	Bélgica	Mujeres	5
2005	44	Teruel	01	UE-25	109	Finlandia	Hombres	1
2005	44	Teruel	01	UE-25	109	Finlandia	Mujeres	1
2005	44	Teruel	01	UE-25	110	Francia	Hombres	50
2005	44	Teruel	01	UE-25	110	Francia	Mujeres	55
2005	44	Teruel	01	UE-25	111	Grecia	Hombres	2
2005	44	Teruel	01	UE-25	112	Hungría	Hombres	3
2005	44	Teruel	01	UE-25	112	Hungría	Mujeres	4
2005	44	Teruel	01	UE-25	113	Irlanda	Hombres	1
2005	44	Teruel	01	UE-25	113	Irlanda	Mujeres	2
2005	44	Teruel	01	UE-25	115	Italia	Hombres	49
2005	44	Teruel	01	UE-25	115	Italia	Mujeres	20
2005	44	Teruel	01	UE-25	121	Países Bajos	Hombres	8
2005	44	Teruel	01	UE-25	121	Países Bajos	Mujeres	8
2005	44	Teruel	01	UE-25	122	Polonia	Hombres	247
2005	44	Teruel	01	UE-25	122	Polonia	Mujeres	123
2005	44	Teruel	01	UE-25	123	Portugal	Hombres	297
2005	44	Teruel	01	UE-25	123	Portugal	Mujeres	57
2005	44	Teruel	01	UE-25	125	Reino Unido	Hombres	40
2005	44	Teruel	01	UE-25	125	Reino Unido	Mujeres	28
2005	44	Teruel	01	UE-25	126	Alemania	Hombres	35
2005	44	Teruel	01	UE-25	126	Alemania	Mujeres	26
2005	44	Teruel	01	UE-25	131	Suecia	Hombres	1
2005	44	Teruel	01	UE-25	131	Suecia	Mujeres	2
2005	44	Teruel	01	UE-25	136	Letonia	Hombres	7
2005	44	Teruel	01	UE-25	136	Letonia	Mujeres	4
2005	44	Teruel	01	UE-25	142	Lituania	Hombres	2
2005	44	Teruel	01	UE-25	142	Lituania	Mujeres	5
2005	44	Teruel	01	UE-25	143	República Checa	Hombres	16
2005	44	Teruel	01	UE-25	143	República Checa	Mujeres	10
2005	44	Teruel	01	UE-25	144	Eslovaquia	Hombres	2
2005	44	Teruel	01	UE-25	144	Eslovaquia	Mujeres	1
2005	44	Teruel	02	Resto de Europa	101	Albania	Hombres	2
2005	44	Teruel	02	Resto de Europa	101	Albania	Mujeres	3
2005	44	Teruel	02	Resto de Europa	104	Bulgaria	Hombres	135
2005	44	Teruel	02	Resto de Europa	104	Bulgaria	Mujeres	96
2005	44	Teruel	02	Resto de Europa	124	Andorra	Mujeres	1
2005	44	Teruel	02	Resto de Europa	128	Rumanía	Hombres	1712
2005	44	Teruel	02	Resto de Europa	128	Rumanía	Mujeres	1255
2005	44	Teruel	02	Resto de Europa	132	Suiza	Hombres	1
2005	44	Teruel	02	Resto de Europa	132	Suiza	Mujeres	4
2005	44	Teruel	02	Resto de Europa	135	Ucrania	Hombres	105
2005	44	Teruel	02	Resto de Europa	135	Ucrania	Mujeres	69
2005	44	Teruel	02	Resto de Europa	137	Moldova	Hombres	8
2005	44	Teruel	02	Resto de Europa	137	Moldova	Mujeres	17
2005	44	Teruel	02	Resto de Europa	138	Bielorrusia	Hombres	3
2005	44	Teruel	02	Resto de Europa	138	Bielorrusia	Mujeres	4
2005	44	Teruel	02	Resto de Europa	145	Bosnia-Herzegovina	Hombres	2
2005	44	Teruel	02	Resto de Europa	145	Bosnia-Herzegovina	Mujeres	2
2005	44	Teruel	02	Resto de Europa	148	Armenia	Hombres	1
2005	44	Teruel	02	Resto de Europa	154	Rusia	Hombres	15
2005	44	Teruel	02	Resto de Europa	154	Rusia	Mujeres	20
2005	44	Teruel	02	Resto de Europa	155	Yugoslavia	Hombres	3
2005	44	Teruel	02	Resto de Europa	155	Yugoslavia	Mujeres	3
2005	44	Teruel	03	Magreb	203	Argelia	Hombres	142
2005	44	Teruel	03	Magreb	203	Argelia	Mujeres	48
2005	44	Teruel	03	Magreb	228	Marruecos	Hombres	1523
2005	44	Teruel	03	Magreb	228	Marruecos	Mujeres	572
2005	44	Teruel	03	Magreb	230	Mauritania	Hombres	5
2005	44	Teruel	03	Magreb	230	Mauritania	Mujeres	3
2005	44	Teruel	03	Magreb	248	Túnez	Hombres	1
2005	44	Teruel	03	Magreb	248	Túnez	Mujeres	3
2005	44	Teruel	04	Resto de África	202	Angola	Hombres	1
2005	44	Teruel	04	Resto de África	207	Cabo Verde	Hombres	33
2005	44	Teruel	04	Resto de África	207	Cabo Verde	Mujeres	30
2005	44	Teruel	04	Resto de África	213	Egipto	Hombres	1
2005	44	Teruel	04	Resto de África	216	Gambia	Hombres	36
2005	44	Teruel	04	Resto de África	216	Gambia	Mujeres	35
2005	44	Teruel	04	Resto de África	217	Ghana	Hombres	14
2005	44	Teruel	04	Resto de África	217	Ghana	Mujeres	2
2005	44	Teruel	04	Resto de África	218	Guinea	Hombres	1
2005	44	Teruel	04	Resto de África	218	Guinea	Mujeres	1
2005	44	Teruel	04	Resto de África	220	Guinea Ecuatorial	Hombres	1
2005	44	Teruel	04	Resto de África	225	Madagascar	Hombres	1
2005	44	Teruel	04	Resto de África	227	Mali	Hombres	6
2005	44	Teruel	04	Resto de África	229	Mauricio	Hombres	1
2005	44	Teruel	04	Resto de África	234	Nigeria	Hombres	6
2005	44	Teruel	04	Resto de África	234	Nigeria	Mujeres	3
2005	44	Teruel	04	Resto de África	235	República Centroafricana	Mujeres	1
2005	44	Teruel	04	Resto de África	237	Ruanda	Hombres	1
2005	44	Teruel	04	Resto de África	239	Senegal	Hombres	18
2005	44	Teruel	04	Resto de África	239	Senegal	Mujeres	4
2005	44	Teruel	04	Resto de África	241	Sierra Leona	Hombres	1
2005	44	Teruel	04	Resto de África	250	Rep. Democrática del Congo	Hombres	1
2005	44	Teruel	05	América del Norte	301	Canadá	Mujeres	1
2005	44	Teruel	05	América del Norte	302	Estados Unidos de América	Hombres	5
2005	44	Teruel	05	América del Norte	302	Estados Unidos de América	Mujeres	6
2005	44	Teruel	06	Resto de América	303	México	Hombres	4
2005	44	Teruel	06	Resto de América	303	México	Mujeres	16
2005	44	Teruel	06	Resto de América	314	Costa Rica	Mujeres	1
2005	44	Teruel	06	Resto de América	315	Cuba	Hombres	54
2005	44	Teruel	06	Resto de América	315	Cuba	Mujeres	76
2005	44	Teruel	06	Resto de América	316	Dominica	Hombres	2
2005	44	Teruel	06	Resto de América	316	Dominica	Mujeres	2
2005	44	Teruel	06	Resto de América	317	El Salvador	Hombres	1
2005	44	Teruel	06	Resto de América	321	Honduras	Hombres	3
2005	44	Teruel	06	Resto de América	323	Nicaragua	Mujeres	1
2005	44	Teruel	06	Resto de América	326	República Dominicana	Hombres	56
2005	44	Teruel	06	Resto de América	326	República Dominicana	Mujeres	123
2005	44	Teruel	06	Resto de América	340	Argentina	Hombres	216
2005	44	Teruel	06	Resto de América	340	Argentina	Mujeres	225
2005	44	Teruel	06	Resto de América	341	Bolivia	Hombres	25
2005	44	Teruel	06	Resto de América	341	Bolivia	Mujeres	35
2005	44	Teruel	06	Resto de América	342	Brasil	Hombres	43
2005	44	Teruel	06	Resto de América	342	Brasil	Mujeres	136
2005	44	Teruel	06	Resto de América	343	Colombia	Hombres	318
2005	44	Teruel	06	Resto de América	343	Colombia	Mujeres	344
2005	44	Teruel	06	Resto de América	344	Chile	Hombres	45
2005	44	Teruel	06	Resto de América	344	Chile	Mujeres	34
2005	44	Teruel	06	Resto de América	345	Ecuador	Hombres	183
2005	44	Teruel	06	Resto de América	345	Ecuador	Mujeres	175
2005	44	Teruel	06	Resto de América	347	Paraguay	Hombres	8
2005	44	Teruel	06	Resto de América	347	Paraguay	Mujeres	12
2005	44	Teruel	06	Resto de América	348	Perú	Hombres	22
2005	44	Teruel	06	Resto de América	348	Perú	Mujeres	33
2005	44	Teruel	06	Resto de América	350	Uruguay	Hombres	29
2005	44	Teruel	06	Resto de América	350	Uruguay	Mujeres	32
2005	44	Teruel	06	Resto de América	351	Venezuela	Hombres	19
2005	44	Teruel	06	Resto de América	351	Venezuela	Mujeres	8
2005	44	Teruel	07	Asia	407	China	Hombres	19
2005	44	Teruel	07	Asia	407	China	Mujeres	10
2005	44	Teruel	07	Asia	410	India	Mujeres	1
2005	44	Teruel	07	Asia	413	Irán	Hombres	2
2005	44	Teruel	07	Asia	413	Irán	Mujeres	1
2005	44	Teruel	07	Asia	414	Israel	Mujeres	2
2005	44	Teruel	07	Asia	420	Líbano	Hombres	1
2005	44	Teruel	07	Asia	426	Pakistán	Hombres	278
2005	44	Teruel	07	Asia	426	Pakistán	Mujeres	54
2005	44	Teruel	07	Asia	433	Siria	Hombres	2
2005	44	Teruel	07	Asia	433	Siria	Mujeres	2
2005	44	Teruel	07	Asia	434	Sri-Lanka	Hombres	1
2005	44	Teruel	07	Asia	434	Sri-Lanka	Mujeres	1
2005	44	Teruel	07	Asia	443	Kazajstan	Hombres	4
2005	44	Teruel	07	Asia	443	Kazajstan	Mujeres	6
2005	44	Teruel	08	Oceanía	501	Australia	Hombres	1
2005	44	Teruel	08	Oceanía	501	Australia	Mujeres	1
2005	44	Teruel	08	Oceanía	504	Nueva Zelanda	Hombres	1
2005	50	Zaragoza	01	UE-25	102	Austria	Hombres	11
2005	50	Zaragoza	01	UE-25	102	Austria	Mujeres	12
2005	50	Zaragoza	01	UE-25	103	Bélgica	Hombres	52
2005	50	Zaragoza	01	UE-25	103	Bélgica	Mujeres	42
2005	50	Zaragoza	01	UE-25	107	Dinamarca	Hombres	14
2005	50	Zaragoza	01	UE-25	107	Dinamarca	Mujeres	5
2005	50	Zaragoza	01	UE-25	109	Finlandia	Hombres	4
2005	50	Zaragoza	01	UE-25	109	Finlandia	Mujeres	9
2005	50	Zaragoza	01	UE-25	110	Francia	Hombres	391
2005	50	Zaragoza	01	UE-25	110	Francia	Mujeres	478
2005	50	Zaragoza	01	UE-25	111	Grecia	Hombres	12
2005	50	Zaragoza	01	UE-25	111	Grecia	Mujeres	7
2005	50	Zaragoza	01	UE-25	112	Hungría	Hombres	16
2005	50	Zaragoza	01	UE-25	112	Hungría	Mujeres	24
2005	50	Zaragoza	01	UE-25	113	Irlanda	Hombres	16
2005	50	Zaragoza	01	UE-25	113	Irlanda	Mujeres	21
2005	50	Zaragoza	01	UE-25	115	Italia	Hombres	486
2005	50	Zaragoza	01	UE-25	115	Italia	Mujeres	289
2005	50	Zaragoza	01	UE-25	121	Países Bajos	Hombres	94
2005	50	Zaragoza	01	UE-25	121	Países Bajos	Mujeres	60
2005	50	Zaragoza	01	UE-25	122	Polonia	Hombres	315
2005	50	Zaragoza	01	UE-25	122	Polonia	Mujeres	255
2005	50	Zaragoza	01	UE-25	123	Portugal	Hombres	626
2005	50	Zaragoza	01	UE-25	123	Portugal	Mujeres	429
2005	50	Zaragoza	01	UE-25	125	Reino Unido	Hombres	180
2005	50	Zaragoza	01	UE-25	125	Reino Unido	Mujeres	159
2005	50	Zaragoza	01	UE-25	126	Alemania	Hombres	213
2005	50	Zaragoza	01	UE-25	126	Alemania	Mujeres	161
2005	50	Zaragoza	01	UE-25	131	Suecia	Hombres	16
2005	50	Zaragoza	01	UE-25	131	Suecia	Mujeres	16
2005	50	Zaragoza	01	UE-25	136	Letonia	Hombres	6
2005	50	Zaragoza	01	UE-25	136	Letonia	Mujeres	9
2005	50	Zaragoza	01	UE-25	141	Estonia	Hombres	1
2005	50	Zaragoza	01	UE-25	141	Estonia	Mujeres	1
2005	50	Zaragoza	01	UE-25	142	Lituania	Hombres	50
2005	50	Zaragoza	01	UE-25	142	Lituania	Mujeres	43
2005	50	Zaragoza	01	UE-25	143	República Checa	Hombres	13
2005	50	Zaragoza	01	UE-25	143	República Checa	Mujeres	32
2005	50	Zaragoza	01	UE-25	144	Eslovaquia	Hombres	17
2005	50	Zaragoza	01	UE-25	144	Eslovaquia	Mujeres	20
2005	50	Zaragoza	01	UE-25	147	Eslovenia	Hombres	6
2005	50	Zaragoza	01	UE-25	147	Eslovenia	Mujeres	8
2005	50	Zaragoza	02	Resto de Europa	101	Albania	Hombres	23
2005	50	Zaragoza	02	Resto de Europa	101	Albania	Mujeres	20
2005	50	Zaragoza	02	Resto de Europa	104	Bulgaria	Hombres	934
2005	50	Zaragoza	02	Resto de Europa	104	Bulgaria	Mujeres	802
2005	50	Zaragoza	02	Resto de Europa	120	Noruega	Hombres	7
2005	50	Zaragoza	02	Resto de Europa	120	Noruega	Mujeres	8
2005	50	Zaragoza	02	Resto de Europa	124	Andorra	Hombres	4
2005	50	Zaragoza	02	Resto de Europa	124	Andorra	Mujeres	6
2005	50	Zaragoza	02	Resto de Europa	128	Rumanía	Hombres	10845
2005	50	Zaragoza	02	Resto de Europa	128	Rumanía	Mujeres	8264
2005	50	Zaragoza	02	Resto de Europa	129	San Marino	Hombres	1
2005	50	Zaragoza	02	Resto de Europa	132	Suiza	Hombres	36
2005	50	Zaragoza	02	Resto de Europa	132	Suiza	Mujeres	17
2005	50	Zaragoza	02	Resto de Europa	135	Ucrania	Hombres	534
2005	50	Zaragoza	02	Resto de Europa	135	Ucrania	Mujeres	667
2005	50	Zaragoza	02	Resto de Europa	137	Moldova	Hombres	97
2005	50	Zaragoza	02	Resto de Europa	137	Moldova	Mujeres	72
2005	50	Zaragoza	02	Resto de Europa	138	Bielorrusia	Hombres	32
2005	50	Zaragoza	02	Resto de Europa	138	Bielorrusia	Mujeres	51
2005	50	Zaragoza	02	Resto de Europa	139	Georgia	Hombres	25
2005	50	Zaragoza	02	Resto de Europa	139	Georgia	Mujeres	13
2005	50	Zaragoza	02	Resto de Europa	145	Bosnia-Herzegovina	Hombres	30
2005	50	Zaragoza	02	Resto de Europa	145	Bosnia-Herzegovina	Mujeres	25
2005	50	Zaragoza	02	Resto de Europa	146	Croacia	Hombres	10
2005	50	Zaragoza	02	Resto de Europa	146	Croacia	Mujeres	8
2005	50	Zaragoza	02	Resto de Europa	148	Armenia	Hombres	29
2005	50	Zaragoza	02	Resto de Europa	148	Armenia	Mujeres	27
2005	50	Zaragoza	02	Resto de Europa	154	Rusia	Hombres	153
2005	50	Zaragoza	02	Resto de Europa	154	Rusia	Mujeres	349
2005	50	Zaragoza	02	Resto de Europa	155	Yugoslavia	Hombres	25
2005	50	Zaragoza	02	Resto de Europa	155	Yugoslavia	Mujeres	12
2005	50	Zaragoza	02	Resto de Europa	156	Macedonia	Mujeres	1
2005	50	Zaragoza	02	Resto de Europa	436	Turquía	Hombres	16
2005	50	Zaragoza	02	Resto de Europa	436	Turquía	Mujeres	3
2005	50	Zaragoza	03	Magreb	203	Argelia	Hombres	2668
2005	50	Zaragoza	03	Magreb	203	Argelia	Mujeres	732
2005	50	Zaragoza	03	Magreb	224	Libia	Hombres	2
2005	50	Zaragoza	03	Magreb	224	Libia	Mujeres	4
2005	50	Zaragoza	03	Magreb	228	Marruecos	Hombres	4378
2005	50	Zaragoza	03	Magreb	228	Marruecos	Mujeres	2073
2005	50	Zaragoza	03	Magreb	230	Mauritania	Hombres	144
2005	50	Zaragoza	03	Magreb	230	Mauritania	Mujeres	32
2005	50	Zaragoza	03	Magreb	248	Túnez	Hombres	43
2005	50	Zaragoza	03	Magreb	248	Túnez	Mujeres	17
2005	50	Zaragoza	04	Resto de África	201	Burkina Fasso	Hombres	17
2005	50	Zaragoza	04	Resto de África	202	Angola	Hombres	59
2005	50	Zaragoza	04	Resto de África	202	Angola	Mujeres	34
2005	50	Zaragoza	04	Resto de África	204	Benin	Hombres	4
2005	50	Zaragoza	04	Resto de África	204	Benin	Mujeres	1
2005	50	Zaragoza	04	Resto de África	206	Burundi	Hombres	1
2005	50	Zaragoza	04	Resto de África	206	Burundi	Mujeres	1
2005	50	Zaragoza	04	Resto de África	207	Cabo Verde	Hombres	188
2005	50	Zaragoza	04	Resto de África	207	Cabo Verde	Mujeres	177
2005	50	Zaragoza	04	Resto de África	208	Camerún	Hombres	78
2005	50	Zaragoza	04	Resto de África	208	Camerún	Mujeres	70
2005	50	Zaragoza	04	Resto de África	210	Congo	Hombres	49
2005	50	Zaragoza	04	Resto de África	210	Congo	Mujeres	19
2005	50	Zaragoza	04	Resto de África	211	Costa de Marfil	Hombres	35
2005	50	Zaragoza	04	Resto de África	211	Costa de Marfil	Mujeres	14
2005	50	Zaragoza	04	Resto de África	213	Egipto	Hombres	99
2005	50	Zaragoza	04	Resto de África	213	Egipto	Mujeres	38
2005	50	Zaragoza	04	Resto de África	214	Etiopía	Hombres	4
2005	50	Zaragoza	04	Resto de África	215	Gabón	Hombres	3
2005	50	Zaragoza	04	Resto de África	215	Gabón	Mujeres	2
2005	50	Zaragoza	04	Resto de África	216	Gambia	Hombres	684
2005	50	Zaragoza	04	Resto de África	216	Gambia	Mujeres	337
2005	50	Zaragoza	04	Resto de África	217	Ghana	Hombres	1062
2005	50	Zaragoza	04	Resto de África	217	Ghana	Mujeres	227
2005	50	Zaragoza	04	Resto de África	218	Guinea	Hombres	262
2005	50	Zaragoza	04	Resto de África	218	Guinea	Mujeres	326
2005	50	Zaragoza	04	Resto de África	219	Guinea Bissau	Hombres	52
2005	50	Zaragoza	04	Resto de África	219	Guinea Bissau	Mujeres	15
2005	50	Zaragoza	04	Resto de África	220	Guinea Ecuatorial	Hombres	270
2005	50	Zaragoza	04	Resto de África	220	Guinea Ecuatorial	Mujeres	461
2005	50	Zaragoza	04	Resto de África	221	Kenia	Hombres	1
2005	50	Zaragoza	04	Resto de África	221	Kenia	Mujeres	6
2005	50	Zaragoza	04	Resto de África	223	Liberia	Hombres	30
2005	50	Zaragoza	04	Resto de África	223	Liberia	Mujeres	14
2005	50	Zaragoza	04	Resto de África	226	Malawi	Mujeres	1
2005	50	Zaragoza	04	Resto de África	227	Mali	Hombres	389
2005	50	Zaragoza	04	Resto de África	227	Mali	Mujeres	48
2005	50	Zaragoza	04	Resto de África	231	Mozambique	Hombres	2
2005	50	Zaragoza	04	Resto de África	231	Mozambique	Mujeres	4
2005	50	Zaragoza	04	Resto de África	233	Níger	Hombres	12
2005	50	Zaragoza	04	Resto de África	233	Níger	Mujeres	1
2005	50	Zaragoza	04	Resto de África	234	Nigeria	Hombres	252
2005	50	Zaragoza	04	Resto de África	234	Nigeria	Mujeres	269
2005	50	Zaragoza	04	Resto de África	235	República Centroafricana	Hombres	2
2005	50	Zaragoza	04	Resto de África	235	República Centroafricana	Mujeres	2
2005	50	Zaragoza	04	Resto de África	236	Sudáfrica	Hombres	6
2005	50	Zaragoza	04	Resto de África	236	Sudáfrica	Mujeres	3
2005	50	Zaragoza	04	Resto de África	237	Ruanda	Hombres	4
2005	50	Zaragoza	04	Resto de África	239	Senegal	Hombres	1234
2005	50	Zaragoza	04	Resto de África	239	Senegal	Mujeres	218
2005	50	Zaragoza	04	Resto de África	241	Sierra Leona	Hombres	15
2005	50	Zaragoza	04	Resto de África	241	Sierra Leona	Mujeres	13
2005	50	Zaragoza	04	Resto de África	243	Sudán	Hombres	6
2005	50	Zaragoza	04	Resto de África	243	Sudán	Mujeres	7
2005	50	Zaragoza	04	Resto de África	245	Tanzania	Hombres	1
2005	50	Zaragoza	04	Resto de África	246	Chad	Hombres	5
2005	50	Zaragoza	04	Resto de África	247	Togo	Hombres	12
2005	50	Zaragoza	04	Resto de África	247	Togo	Mujeres	4
2005	50	Zaragoza	04	Resto de África	250	Rep. Democrática del Congo	Hombres	66
2005	50	Zaragoza	04	Resto de África	250	Rep. Democrática del Congo	Mujeres	26
2005	50	Zaragoza	04	Resto de África	251	Zambia	Mujeres	1
2005	50	Zaragoza	04	Resto de África	253	Eritrea	Mujeres	1
2005	50	Zaragoza	04	Resto de África	299	Países sin relaciones diplomáticas	Mujeres	1
2005	50	Zaragoza	05	América del Norte	301	Canadá	Hombres	11
2005	50	Zaragoza	05	América del Norte	301	Canadá	Mujeres	10
2005	50	Zaragoza	05	América del Norte	302	Estados Unidos de América	Hombres	286
2005	50	Zaragoza	05	América del Norte	302	Estados Unidos de América	Mujeres	177
2005	50	Zaragoza	06	Resto de América	303	México	Hombres	127
2005	50	Zaragoza	06	Resto de América	303	México	Mujeres	243
2005	50	Zaragoza	06	Resto de América	314	Costa Rica	Hombres	11
2005	50	Zaragoza	06	Resto de América	314	Costa Rica	Mujeres	5
2005	50	Zaragoza	06	Resto de América	315	Cuba	Hombres	317
2005	50	Zaragoza	06	Resto de América	315	Cuba	Mujeres	491
2005	50	Zaragoza	06	Resto de América	316	Dominica	Hombres	1
2005	50	Zaragoza	06	Resto de América	316	Dominica	Mujeres	7
2005	50	Zaragoza	06	Resto de América	317	El Salvador	Hombres	34
2005	50	Zaragoza	06	Resto de América	317	El Salvador	Mujeres	60
2005	50	Zaragoza	06	Resto de América	318	Granada	Hombres	1
2005	50	Zaragoza	06	Resto de América	318	Granada	Mujeres	1
2005	50	Zaragoza	06	Resto de América	319	Guatemala	Hombres	7
2005	50	Zaragoza	06	Resto de América	319	Guatemala	Mujeres	17
2005	50	Zaragoza	06	Resto de América	320	Haití	Hombres	1
2005	50	Zaragoza	06	Resto de América	320	Haití	Mujeres	1
2005	50	Zaragoza	06	Resto de América	321	Honduras	Hombres	75
2005	50	Zaragoza	06	Resto de América	321	Honduras	Mujeres	113
2005	50	Zaragoza	06	Resto de América	322	Jamaica	Hombres	1
2005	50	Zaragoza	06	Resto de América	323	Nicaragua	Hombres	52
2005	50	Zaragoza	06	Resto de América	323	Nicaragua	Mujeres	124
2005	50	Zaragoza	06	Resto de América	324	Panamá	Hombres	13
2005	50	Zaragoza	06	Resto de América	324	Panamá	Mujeres	26
2005	50	Zaragoza	06	Resto de América	326	República Dominicana	Hombres	315
2005	50	Zaragoza	06	Resto de América	326	República Dominicana	Mujeres	648
2005	50	Zaragoza	06	Resto de América	340	Argentina	Hombres	647
2005	50	Zaragoza	06	Resto de América	340	Argentina	Mujeres	673
2005	50	Zaragoza	06	Resto de América	341	Bolivia	Hombres	157
2005	50	Zaragoza	06	Resto de América	341	Bolivia	Mujeres	199
2005	50	Zaragoza	06	Resto de América	342	Brasil	Hombres	336
2005	50	Zaragoza	06	Resto de América	342	Brasil	Mujeres	752
2005	50	Zaragoza	06	Resto de América	343	Colombia	Hombres	1802
2005	50	Zaragoza	06	Resto de América	343	Colombia	Mujeres	2692
2005	50	Zaragoza	06	Resto de América	344	Chile	Hombres	227
2005	50	Zaragoza	06	Resto de América	344	Chile	Mujeres	268
2005	50	Zaragoza	06	Resto de América	345	Ecuador	Hombres	5419
2005	50	Zaragoza	06	Resto de América	345	Ecuador	Mujeres	6074
2005	50	Zaragoza	06	Resto de América	347	Paraguay	Hombres	16
2005	50	Zaragoza	06	Resto de América	347	Paraguay	Mujeres	60
2005	50	Zaragoza	06	Resto de América	348	Perú	Hombres	408
2005	50	Zaragoza	06	Resto de América	348	Perú	Mujeres	458
2005	50	Zaragoza	06	Resto de América	350	Uruguay	Hombres	147
2005	50	Zaragoza	06	Resto de América	350	Uruguay	Mujeres	164
2005	50	Zaragoza	06	Resto de América	351	Venezuela	Hombres	263
2005	50	Zaragoza	06	Resto de América	351	Venezuela	Mujeres	432
2005	50	Zaragoza	07	Asia	404	Bangladesh	Hombres	12
2005	50	Zaragoza	07	Asia	404	Bangladesh	Mujeres	6
2005	50	Zaragoza	07	Asia	407	China	Hombres	1047
2005	50	Zaragoza	07	Asia	407	China	Mujeres	873
2005	50	Zaragoza	07	Asia	409	Filipinas	Hombres	8
2005	50	Zaragoza	07	Asia	409	Filipinas	Mujeres	12
2005	50	Zaragoza	07	Asia	410	India	Hombres	29
2005	50	Zaragoza	07	Asia	410	India	Mujeres	46
2005	50	Zaragoza	07	Asia	412	Irak	Hombres	3
2005	50	Zaragoza	07	Asia	413	Irán	Hombres	6
2005	50	Zaragoza	07	Asia	413	Irán	Mujeres	5
2005	50	Zaragoza	07	Asia	414	Israel	Hombres	4
2005	50	Zaragoza	07	Asia	414	Israel	Mujeres	5
2005	50	Zaragoza	07	Asia	415	Japón	Hombres	4
2005	50	Zaragoza	07	Asia	415	Japón	Mujeres	15
2005	50	Zaragoza	07	Asia	416	Jordania	Hombres	35
2005	50	Zaragoza	07	Asia	416	Jordania	Mujeres	20
2005	50	Zaragoza	07	Asia	419	Laos	Hombres	1
2005	50	Zaragoza	07	Asia	419	Laos	Mujeres	2
2005	50	Zaragoza	07	Asia	420	Líbano	Hombres	20
2005	50	Zaragoza	07	Asia	420	Líbano	Mujeres	12
2005	50	Zaragoza	07	Asia	421	Malasia	Hombres	1
2005	50	Zaragoza	07	Asia	421	Malasia	Mujeres	1
2005	50	Zaragoza	07	Asia	426	Pakistán	Hombres	165
2005	50	Zaragoza	07	Asia	426	Pakistán	Mujeres	3
2005	50	Zaragoza	07	Asia	430	República de Corea	Hombres	9
2005	50	Zaragoza	07	Asia	430	República de Corea	Mujeres	14
2005	50	Zaragoza	07	Asia	433	Siria	Hombres	33
2005	50	Zaragoza	07	Asia	433	Siria	Mujeres	19
2005	50	Zaragoza	07	Asia	435	Tailandia	Mujeres	5
2005	50	Zaragoza	07	Asia	437	Vietnam	Hombres	1
2005	50	Zaragoza	07	Asia	437	Vietnam	Mujeres	3
2005	50	Zaragoza	07	Asia	442	Azerbaiyan	Hombres	5
2005	50	Zaragoza	07	Asia	442	Azerbaiyan	Mujeres	2
2005	50	Zaragoza	07	Asia	443	Kazajstan	Hombres	1
2005	50	Zaragoza	07	Asia	447	Uzbekistán	Hombres	1
2005	50	Zaragoza	07	Asia	447	Uzbekistán	Mujeres	3
2005	50	Zaragoza	07	Asia	499	Países sin relaciones diplomáticas	Hombres	4
2005	50	Zaragoza	07	Asia	499	Países sin relaciones diplomáticas	Mujeres	2
2005	50	Zaragoza	08	Oceanía	501	Australia	Hombres	5
2005	50	Zaragoza	08	Oceanía	501	Australia	Mujeres	6
2005	50	Zaragoza	08	Oceanía	504	Nueva Zelanda	Hombres	1
2005	50	Zaragoza	08	Oceanía	504	Nueva Zelanda	Mujeres	3
2005	50	Zaragoza	08	Oceanía	511	Micronesia	Mujeres	1
2005	50	Zaragoza	09	Apátridas y no consta	555	Apátridas	Hombres	24
2005	50	Zaragoza	09	Apátridas y no consta	555	Apátridas	Mujeres	11
2006	22	Huesca	01	UE-25	102	Austria	Hombres	9
2006	22	Huesca	01	UE-25	102	Austria	Mujeres	3
2006	22	Huesca	01	UE-25	103	Bélgica	Hombres	29
2006	22	Huesca	01	UE-25	103	Bélgica	Mujeres	24
2006	22	Huesca	01	UE-25	107	Dinamarca	Hombres	3
2006	22	Huesca	01	UE-25	107	Dinamarca	Mujeres	5
2006	22	Huesca	01	UE-25	109	Finlandia	Hombres	1
2006	22	Huesca	01	UE-25	109	Finlandia	Mujeres	2
2006	22	Huesca	01	UE-25	110	Francia	Hombres	203
2006	22	Huesca	01	UE-25	110	Francia	Mujeres	207
2006	22	Huesca	01	UE-25	111	Grecia	Hombres	3
2006	22	Huesca	01	UE-25	111	Grecia	Mujeres	2
2006	22	Huesca	01	UE-25	112	Hungría	Hombres	7
2006	22	Huesca	01	UE-25	112	Hungría	Mujeres	7
2006	22	Huesca	01	UE-25	113	Irlanda	Hombres	6
2006	22	Huesca	01	UE-25	113	Irlanda	Mujeres	6
2006	22	Huesca	01	UE-25	115	Italia	Hombres	85
2006	22	Huesca	01	UE-25	115	Italia	Mujeres	62
2006	22	Huesca	01	UE-25	118	Malta	Hombres	1
2006	22	Huesca	01	UE-25	121	Países Bajos	Hombres	38
2006	22	Huesca	01	UE-25	121	Países Bajos	Mujeres	49
2006	22	Huesca	01	UE-25	122	Polonia	Hombres	159
2006	22	Huesca	01	UE-25	122	Polonia	Mujeres	100
2006	22	Huesca	01	UE-25	123	Portugal	Hombres	290
2006	22	Huesca	01	UE-25	123	Portugal	Mujeres	127
2006	22	Huesca	01	UE-25	125	Reino Unido	Hombres	76
2006	22	Huesca	01	UE-25	125	Reino Unido	Mujeres	77
2006	22	Huesca	01	UE-25	126	Alemania	Hombres	85
2006	22	Huesca	01	UE-25	126	Alemania	Mujeres	65
2006	22	Huesca	01	UE-25	131	Suecia	Mujeres	2
2006	22	Huesca	01	UE-25	136	Letonia	Hombres	3
2006	22	Huesca	01	UE-25	136	Letonia	Mujeres	6
2006	22	Huesca	01	UE-25	141	Estonia	Mujeres	2
2006	22	Huesca	01	UE-25	142	Lituania	Hombres	107
2006	22	Huesca	01	UE-25	142	Lituania	Mujeres	95
2006	22	Huesca	01	UE-25	143	República Checa	Hombres	9
2006	22	Huesca	01	UE-25	143	República Checa	Mujeres	8
2006	22	Huesca	01	UE-25	144	Eslovaquia	Hombres	12
2006	22	Huesca	01	UE-25	144	Eslovaquia	Mujeres	14
2006	22	Huesca	02	Resto de Europa	101	Albania	Hombres	1
2006	22	Huesca	02	Resto de Europa	101	Albania	Mujeres	3
2006	22	Huesca	02	Resto de Europa	104	Bulgaria	Hombres	566
2006	22	Huesca	02	Resto de Europa	104	Bulgaria	Mujeres	445
2006	22	Huesca	02	Resto de Europa	124	Andorra	Hombres	1
2006	22	Huesca	02	Resto de Europa	124	Andorra	Mujeres	3
2006	22	Huesca	02	Resto de Europa	128	Rumanía	Hombres	1904
2006	22	Huesca	02	Resto de Europa	128	Rumanía	Mujeres	1525
2006	22	Huesca	02	Resto de Europa	132	Suiza	Hombres	11
2006	22	Huesca	02	Resto de Europa	132	Suiza	Mujeres	17
2006	22	Huesca	02	Resto de Europa	135	Ucrania	Hombres	236
2006	22	Huesca	02	Resto de Europa	135	Ucrania	Mujeres	208
2006	22	Huesca	02	Resto de Europa	137	Moldova	Hombres	5
2006	22	Huesca	02	Resto de Europa	137	Moldova	Mujeres	8
2006	22	Huesca	02	Resto de Europa	138	Bielorrusia	Hombres	8
2006	22	Huesca	02	Resto de Europa	138	Bielorrusia	Mujeres	5
2006	22	Huesca	02	Resto de Europa	139	Georgia	Hombres	3
2006	22	Huesca	02	Resto de Europa	139	Georgia	Mujeres	2
2006	22	Huesca	02	Resto de Europa	146	Croacia	Hombres	2
2006	22	Huesca	02	Resto de Europa	146	Croacia	Mujeres	1
2006	22	Huesca	02	Resto de Europa	148	Armenia	Hombres	26
2006	22	Huesca	02	Resto de Europa	148	Armenia	Mujeres	21
2006	22	Huesca	02	Resto de Europa	154	Rusia	Hombres	15
2006	22	Huesca	02	Resto de Europa	154	Rusia	Mujeres	48
2006	22	Huesca	02	Resto de Europa	155	Yugoslavia	Hombres	6
2006	22	Huesca	02	Resto de Europa	155	Yugoslavia	Mujeres	5
2006	22	Huesca	02	Resto de Europa	199	Países sin relaciones diplomáticas	Hombres	4
2006	22	Huesca	02	Resto de Europa	199	Países sin relaciones diplomáticas	Mujeres	4
2006	22	Huesca	03	Magreb	203	Argelia	Hombres	596
2006	22	Huesca	03	Magreb	203	Argelia	Mujeres	162
2006	22	Huesca	03	Magreb	228	Marruecos	Hombres	1644
2006	22	Huesca	03	Magreb	228	Marruecos	Mujeres	849
2006	22	Huesca	03	Magreb	230	Mauritania	Hombres	107
2006	22	Huesca	03	Magreb	230	Mauritania	Mujeres	25
2006	22	Huesca	03	Magreb	248	Túnez	Hombres	4
2006	22	Huesca	03	Magreb	248	Túnez	Mujeres	1
2006	22	Huesca	04	Resto de África	201	Burkina Fasso	Hombres	43
2006	22	Huesca	04	Resto de África	201	Burkina Fasso	Mujeres	13
2006	22	Huesca	04	Resto de África	202	Angola	Hombres	5
2006	22	Huesca	04	Resto de África	202	Angola	Mujeres	3
2006	22	Huesca	04	Resto de África	204	Benin	Hombres	3
2006	22	Huesca	04	Resto de África	207	Cabo Verde	Hombres	10
2006	22	Huesca	04	Resto de África	207	Cabo Verde	Mujeres	8
2006	22	Huesca	04	Resto de África	208	Camerún	Hombres	5
2006	22	Huesca	04	Resto de África	208	Camerún	Mujeres	1
2006	22	Huesca	04	Resto de África	211	Costa de Marfil	Hombres	34
2006	22	Huesca	04	Resto de África	211	Costa de Marfil	Mujeres	8
2006	22	Huesca	04	Resto de África	216	Gambia	Hombres	440
2006	22	Huesca	04	Resto de África	216	Gambia	Mujeres	140
2006	22	Huesca	04	Resto de África	217	Ghana	Hombres	38
2006	22	Huesca	04	Resto de África	217	Ghana	Mujeres	17
2006	22	Huesca	04	Resto de África	218	Guinea	Hombres	153
2006	22	Huesca	04	Resto de África	218	Guinea	Mujeres	47
2006	22	Huesca	04	Resto de África	219	Guinea Bissau	Hombres	10
2006	22	Huesca	04	Resto de África	220	Guinea Ecuatorial	Hombres	8
2006	22	Huesca	04	Resto de África	220	Guinea Ecuatorial	Mujeres	11
2006	22	Huesca	04	Resto de África	221	Kenia	Hombres	1
2006	22	Huesca	04	Resto de África	221	Kenia	Mujeres	10
2006	22	Huesca	04	Resto de África	223	Liberia	Hombres	3
2006	22	Huesca	04	Resto de África	223	Liberia	Mujeres	1
2006	22	Huesca	04	Resto de África	226	Malawi	Hombres	1
2006	22	Huesca	04	Resto de África	227	Mali	Hombres	610
2006	22	Huesca	04	Resto de África	227	Mali	Mujeres	70
2006	22	Huesca	04	Resto de África	233	Níger	Hombres	9
2006	22	Huesca	04	Resto de África	233	Níger	Mujeres	3
2006	22	Huesca	04	Resto de África	234	Nigeria	Hombres	66
2006	22	Huesca	04	Resto de África	234	Nigeria	Mujeres	36
2006	22	Huesca	04	Resto de África	236	Sudáfrica	Hombres	1
2006	22	Huesca	04	Resto de África	237	Ruanda	Mujeres	1
2006	22	Huesca	04	Resto de África	239	Senegal	Hombres	279
2006	22	Huesca	04	Resto de África	239	Senegal	Mujeres	36
2006	22	Huesca	04	Resto de África	241	Sierra Leona	Hombres	3
2006	22	Huesca	04	Resto de África	241	Sierra Leona	Mujeres	4
2006	22	Huesca	04	Resto de África	250	Rep. Democrática del Congo	Hombres	1
2006	22	Huesca	04	Resto de África	299	Países sin relaciones diplomáticas	Hombres	4
2006	22	Huesca	05	América del Norte	301	Canadá	Hombres	3
2006	22	Huesca	05	América del Norte	301	Canadá	Mujeres	3
2006	22	Huesca	05	América del Norte	302	Estados Unidos de América	Hombres	22
2006	22	Huesca	05	América del Norte	302	Estados Unidos de América	Mujeres	20
2006	22	Huesca	06	Resto de América	303	México	Hombres	20
2006	22	Huesca	06	Resto de América	303	México	Mujeres	35
2006	22	Huesca	06	Resto de América	314	Costa Rica	Hombres	1
2006	22	Huesca	06	Resto de América	314	Costa Rica	Mujeres	3
2006	22	Huesca	06	Resto de América	315	Cuba	Hombres	58
2006	22	Huesca	06	Resto de América	315	Cuba	Mujeres	105
2006	22	Huesca	06	Resto de América	316	Dominica	Hombres	1
2006	22	Huesca	06	Resto de América	316	Dominica	Mujeres	3
2006	22	Huesca	06	Resto de América	317	El Salvador	Mujeres	3
2006	22	Huesca	06	Resto de América	319	Guatemala	Hombres	8
2006	22	Huesca	06	Resto de América	319	Guatemala	Mujeres	11
2006	22	Huesca	06	Resto de América	321	Honduras	Hombres	13
2006	22	Huesca	06	Resto de América	321	Honduras	Mujeres	16
2006	22	Huesca	06	Resto de América	323	Nicaragua	Hombres	3
2006	22	Huesca	06	Resto de América	323	Nicaragua	Mujeres	6
2006	22	Huesca	06	Resto de América	324	Panamá	Hombres	4
2006	22	Huesca	06	Resto de América	324	Panamá	Mujeres	6
2006	22	Huesca	06	Resto de América	326	República Dominicana	Hombres	106
2006	22	Huesca	06	Resto de América	326	República Dominicana	Mujeres	216
2006	22	Huesca	06	Resto de América	340	Argentina	Hombres	250
2006	22	Huesca	06	Resto de América	340	Argentina	Mujeres	256
2006	22	Huesca	06	Resto de América	341	Bolivia	Hombres	109
2006	22	Huesca	06	Resto de América	341	Bolivia	Mujeres	138
2006	22	Huesca	06	Resto de América	342	Brasil	Hombres	35
2006	22	Huesca	06	Resto de América	342	Brasil	Mujeres	143
2006	22	Huesca	06	Resto de América	343	Colombia	Hombres	413
2006	22	Huesca	06	Resto de América	343	Colombia	Mujeres	537
2006	22	Huesca	06	Resto de América	344	Chile	Hombres	39
2006	22	Huesca	06	Resto de América	344	Chile	Mujeres	32
2006	22	Huesca	06	Resto de América	345	Ecuador	Hombres	507
2006	22	Huesca	06	Resto de América	345	Ecuador	Mujeres	583
2006	22	Huesca	06	Resto de América	347	Paraguay	Hombres	15
2006	22	Huesca	06	Resto de América	347	Paraguay	Mujeres	23
2006	22	Huesca	06	Resto de América	348	Perú	Hombres	70
2006	22	Huesca	06	Resto de América	348	Perú	Mujeres	92
2006	22	Huesca	06	Resto de América	350	Uruguay	Hombres	69
2006	22	Huesca	06	Resto de América	350	Uruguay	Mujeres	82
2006	22	Huesca	06	Resto de América	351	Venezuela	Hombres	65
2006	22	Huesca	06	Resto de América	351	Venezuela	Mujeres	99
2006	22	Huesca	07	Asia	404	Bangladesh	Hombres	2
2006	22	Huesca	07	Asia	404	Bangladesh	Mujeres	1
2006	22	Huesca	07	Asia	407	China	Hombres	87
2006	22	Huesca	07	Asia	407	China	Mujeres	75
2006	22	Huesca	07	Asia	409	Filipinas	Hombres	3
2006	22	Huesca	07	Asia	409	Filipinas	Mujeres	6
2006	22	Huesca	07	Asia	410	India	Hombres	1
2006	22	Huesca	07	Asia	410	India	Mujeres	2
2006	22	Huesca	07	Asia	411	Indonesia	Mujeres	1
2006	22	Huesca	07	Asia	414	Israel	Hombres	1
2006	22	Huesca	07	Asia	415	Japón	Hombres	2
2006	22	Huesca	07	Asia	415	Japón	Mujeres	2
2006	22	Huesca	07	Asia	416	Jordania	Hombres	1
2006	22	Huesca	07	Asia	416	Jordania	Mujeres	1
2006	22	Huesca	07	Asia	419	Laos	Hombres	1
2006	22	Huesca	07	Asia	419	Laos	Mujeres	1
2006	22	Huesca	07	Asia	420	Líbano	Hombres	2
2006	22	Huesca	07	Asia	420	Líbano	Mujeres	1
2006	22	Huesca	07	Asia	421	Malasia	Hombres	1
2006	22	Huesca	07	Asia	423	Mongolia	Mujeres	3
2006	22	Huesca	07	Asia	424	Nepal	Hombres	1
2006	22	Huesca	07	Asia	426	Pakistán	Hombres	20
2006	22	Huesca	07	Asia	426	Pakistán	Mujeres	3
2006	22	Huesca	07	Asia	430	República de Corea	Hombres	2
2006	22	Huesca	07	Asia	430	República de Corea	Mujeres	1
2006	22	Huesca	07	Asia	435	Tailandia	Mujeres	6
2006	22	Huesca	07	Asia	443	Kazajstan	Mujeres	1
2006	22	Huesca	07	Asia	447	Uzbekistán	Hombres	2
2006	22	Huesca	07	Asia	447	Uzbekistán	Mujeres	1
2006	22	Huesca	07	Asia	499	Países sin relaciones diplomáticas	Hombres	3
2006	22	Huesca	07	Asia	499	Países sin relaciones diplomáticas	Mujeres	2
2006	22	Huesca	08	Oceanía	501	Australia	Hombres	3
2006	22	Huesca	08	Oceanía	501	Australia	Mujeres	3
2006	22	Huesca	08	Oceanía	511	Micronesia	Hombres	1
2006	22	Huesca	08	Oceanía	511	Micronesia	Mujeres	2
2006	22	Huesca	08	Oceanía	512	Tuvalu	Hombres	9
2006	22	Huesca	08	Oceanía	512	Tuvalu	Mujeres	2
2006	22	Huesca	08	Oceanía	515	Nauru	Hombres	2
2006	22	Huesca	08	Oceanía	515	Nauru	Mujeres	1
2006	22	Huesca	08	Oceanía	516	Palaos	Hombres	16
2006	22	Huesca	08	Oceanía	516	Palaos	Mujeres	5
2006	22	Huesca	08	Oceanía	599	Países sin relaciones diplomáticas	Mujeres	1
2006	44	Teruel	01	UE-25	102	Austria	Hombres	2
2006	44	Teruel	01	UE-25	103	Bélgica	Hombres	6
2006	44	Teruel	01	UE-25	103	Bélgica	Mujeres	4
2006	44	Teruel	01	UE-25	109	Finlandia	Hombres	1
2006	44	Teruel	01	UE-25	109	Finlandia	Mujeres	1
2006	44	Teruel	01	UE-25	110	Francia	Hombres	48
2006	44	Teruel	01	UE-25	110	Francia	Mujeres	58
2006	44	Teruel	01	UE-25	111	Grecia	Hombres	5
2006	44	Teruel	01	UE-25	112	Hungría	Hombres	5
2006	44	Teruel	01	UE-25	112	Hungría	Mujeres	3
2006	44	Teruel	01	UE-25	113	Irlanda	Hombres	2
2006	44	Teruel	01	UE-25	113	Irlanda	Mujeres	2
2006	44	Teruel	01	UE-25	115	Italia	Hombres	58
2006	44	Teruel	01	UE-25	115	Italia	Mujeres	29
2006	44	Teruel	01	UE-25	121	Países Bajos	Hombres	8
2006	44	Teruel	01	UE-25	121	Países Bajos	Mujeres	8
2006	44	Teruel	01	UE-25	122	Polonia	Hombres	274
2006	44	Teruel	01	UE-25	122	Polonia	Mujeres	144
2006	44	Teruel	01	UE-25	123	Portugal	Hombres	404
2006	44	Teruel	01	UE-25	123	Portugal	Mujeres	69
2006	44	Teruel	01	UE-25	125	Reino Unido	Hombres	50
2006	44	Teruel	01	UE-25	125	Reino Unido	Mujeres	36
2006	44	Teruel	01	UE-25	126	Alemania	Hombres	41
2006	44	Teruel	01	UE-25	126	Alemania	Mujeres	32
2006	44	Teruel	01	UE-25	131	Suecia	Hombres	1
2006	44	Teruel	01	UE-25	131	Suecia	Mujeres	2
2006	44	Teruel	01	UE-25	136	Letonia	Hombres	7
2006	44	Teruel	01	UE-25	136	Letonia	Mujeres	5
2006	44	Teruel	01	UE-25	142	Lituania	Hombres	4
2006	44	Teruel	01	UE-25	142	Lituania	Mujeres	5
2006	44	Teruel	01	UE-25	143	República Checa	Hombres	22
2006	44	Teruel	01	UE-25	143	República Checa	Mujeres	16
2006	44	Teruel	01	UE-25	144	Eslovaquia	Hombres	1
2006	44	Teruel	01	UE-25	144	Eslovaquia	Mujeres	1
2006	44	Teruel	02	Resto de Europa	101	Albania	Hombres	3
2006	44	Teruel	02	Resto de Europa	101	Albania	Mujeres	3
2006	44	Teruel	02	Resto de Europa	104	Bulgaria	Hombres	136
2006	44	Teruel	02	Resto de Europa	104	Bulgaria	Mujeres	106
2006	44	Teruel	02	Resto de Europa	128	Rumanía	Hombres	2164
2006	44	Teruel	02	Resto de Europa	128	Rumanía	Mujeres	1615
2006	44	Teruel	02	Resto de Europa	132	Suiza	Hombres	1
2006	44	Teruel	02	Resto de Europa	132	Suiza	Mujeres	5
2006	44	Teruel	02	Resto de Europa	135	Ucrania	Hombres	104
2006	44	Teruel	02	Resto de Europa	135	Ucrania	Mujeres	63
2006	44	Teruel	02	Resto de Europa	137	Moldova	Hombres	16
2006	44	Teruel	02	Resto de Europa	137	Moldova	Mujeres	15
2006	44	Teruel	02	Resto de Europa	138	Bielorrusia	Hombres	2
2006	44	Teruel	02	Resto de Europa	138	Bielorrusia	Mujeres	4
2006	44	Teruel	02	Resto de Europa	145	Bosnia-Herzegovina	Hombres	2
2006	44	Teruel	02	Resto de Europa	145	Bosnia-Herzegovina	Mujeres	2
2006	44	Teruel	02	Resto de Europa	154	Rusia	Hombres	9
2006	44	Teruel	02	Resto de Europa	154	Rusia	Mujeres	21
2006	44	Teruel	02	Resto de Europa	155	Yugoslavia	Hombres	3
2006	44	Teruel	02	Resto de Europa	155	Yugoslavia	Mujeres	4
2006	44	Teruel	03	Magreb	203	Argelia	Hombres	146
2006	44	Teruel	03	Magreb	203	Argelia	Mujeres	53
2006	44	Teruel	03	Magreb	228	Marruecos	Hombres	1798
2006	44	Teruel	03	Magreb	228	Marruecos	Mujeres	621
2006	44	Teruel	03	Magreb	230	Mauritania	Hombres	4
2006	44	Teruel	03	Magreb	230	Mauritania	Mujeres	2
2006	44	Teruel	03	Magreb	248	Túnez	Hombres	1
2006	44	Teruel	03	Magreb	248	Túnez	Mujeres	3
2006	44	Teruel	04	Resto de África	202	Angola	Hombres	1
2006	44	Teruel	04	Resto de África	207	Cabo Verde	Hombres	23
2006	44	Teruel	04	Resto de África	207	Cabo Verde	Mujeres	27
2006	44	Teruel	04	Resto de África	208	Camerún	Hombres	2
2006	44	Teruel	04	Resto de África	208	Camerún	Mujeres	1
2006	44	Teruel	04	Resto de África	213	Egipto	Hombres	1
2006	44	Teruel	04	Resto de África	216	Gambia	Hombres	33
2006	44	Teruel	04	Resto de África	216	Gambia	Mujeres	32
2006	44	Teruel	04	Resto de África	217	Ghana	Hombres	19
2006	44	Teruel	04	Resto de África	218	Guinea	Hombres	1
2006	44	Teruel	04	Resto de África	218	Guinea	Mujeres	2
2006	44	Teruel	04	Resto de África	219	Guinea Bissau	Mujeres	1
2006	44	Teruel	04	Resto de África	227	Mali	Hombres	11
2006	44	Teruel	04	Resto de África	234	Nigeria	Hombres	8
2006	44	Teruel	04	Resto de África	234	Nigeria	Mujeres	1
2006	44	Teruel	04	Resto de África	237	Ruanda	Hombres	1
2006	44	Teruel	04	Resto de África	239	Senegal	Hombres	22
2006	44	Teruel	04	Resto de África	239	Senegal	Mujeres	4
2006	44	Teruel	05	América del Norte	301	Canadá	Hombres	1
2006	44	Teruel	05	América del Norte	301	Canadá	Mujeres	1
2006	44	Teruel	05	América del Norte	302	Estados Unidos de América	Hombres	7
2006	44	Teruel	05	América del Norte	302	Estados Unidos de América	Mujeres	6
2006	44	Teruel	06	Resto de América	303	México	Hombres	4
2006	44	Teruel	06	Resto de América	303	México	Mujeres	13
2006	44	Teruel	06	Resto de América	314	Costa Rica	Mujeres	1
2006	44	Teruel	06	Resto de América	315	Cuba	Hombres	55
2006	44	Teruel	06	Resto de América	315	Cuba	Mujeres	75
2006	44	Teruel	06	Resto de América	316	Dominica	Hombres	1
2006	44	Teruel	06	Resto de América	316	Dominica	Mujeres	2
2006	44	Teruel	06	Resto de América	321	Honduras	Hombres	5
2006	44	Teruel	06	Resto de América	326	República Dominicana	Hombres	81
2006	44	Teruel	06	Resto de América	326	República Dominicana	Mujeres	137
2006	44	Teruel	06	Resto de América	340	Argentina	Hombres	201
2006	44	Teruel	06	Resto de América	340	Argentina	Mujeres	217
2006	44	Teruel	06	Resto de América	341	Bolivia	Hombres	27
2006	44	Teruel	06	Resto de América	341	Bolivia	Mujeres	42
2006	44	Teruel	06	Resto de América	342	Brasil	Hombres	70
2006	44	Teruel	06	Resto de América	342	Brasil	Mujeres	196
2006	44	Teruel	06	Resto de América	343	Colombia	Hombres	356
2006	44	Teruel	06	Resto de América	343	Colombia	Mujeres	368
2006	44	Teruel	06	Resto de América	344	Chile	Hombres	42
2006	44	Teruel	06	Resto de América	344	Chile	Mujeres	46
2006	44	Teruel	06	Resto de América	345	Ecuador	Hombres	153
2006	44	Teruel	06	Resto de América	345	Ecuador	Mujeres	149
2006	44	Teruel	06	Resto de América	347	Paraguay	Hombres	22
2006	44	Teruel	06	Resto de América	347	Paraguay	Mujeres	20
2006	44	Teruel	06	Resto de América	348	Perú	Hombres	59
2006	44	Teruel	06	Resto de América	348	Perú	Mujeres	49
2006	44	Teruel	06	Resto de América	350	Uruguay	Hombres	26
2006	44	Teruel	06	Resto de América	350	Uruguay	Mujeres	24
2006	44	Teruel	06	Resto de América	351	Venezuela	Hombres	26
2006	44	Teruel	06	Resto de América	351	Venezuela	Mujeres	17
2006	44	Teruel	07	Asia	407	China	Hombres	33
2006	44	Teruel	07	Asia	407	China	Mujeres	21
2006	44	Teruel	07	Asia	410	India	Hombres	1
2006	44	Teruel	07	Asia	413	Irán	Hombres	2
2006	44	Teruel	07	Asia	413	Irán	Mujeres	1
2006	44	Teruel	07	Asia	414	Israel	Hombres	1
2006	44	Teruel	07	Asia	414	Israel	Mujeres	2
2006	44	Teruel	07	Asia	415	Japón	Hombres	1
2006	44	Teruel	07	Asia	415	Japón	Mujeres	1
2006	44	Teruel	07	Asia	426	Pakistán	Hombres	305
2006	44	Teruel	07	Asia	426	Pakistán	Mujeres	78
2006	44	Teruel	07	Asia	433	Siria	Hombres	2
2006	44	Teruel	07	Asia	433	Siria	Mujeres	2
2006	44	Teruel	07	Asia	434	Sri-Lanka	Hombres	1
2006	44	Teruel	07	Asia	443	Kazajstan	Hombres	2
2006	44	Teruel	07	Asia	443	Kazajstan	Mujeres	6
2006	44	Teruel	08	Oceanía	501	Australia	Hombres	2
2006	44	Teruel	08	Oceanía	501	Australia	Mujeres	3
2006	44	Teruel	08	Oceanía	504	Nueva Zelanda	Hombres	1
2006	50	Zaragoza	01	UE-25	102	Austria	Hombres	16
2006	50	Zaragoza	01	UE-25	102	Austria	Mujeres	12
2006	50	Zaragoza	01	UE-25	103	Bélgica	Hombres	64
2006	50	Zaragoza	01	UE-25	103	Bélgica	Mujeres	46
2006	50	Zaragoza	01	UE-25	107	Dinamarca	Hombres	15
2006	50	Zaragoza	01	UE-25	107	Dinamarca	Mujeres	5
2006	50	Zaragoza	01	UE-25	109	Finlandia	Hombres	5
2006	50	Zaragoza	01	UE-25	109	Finlandia	Mujeres	11
2006	50	Zaragoza	01	UE-25	110	Francia	Hombres	420
2006	50	Zaragoza	01	UE-25	110	Francia	Mujeres	515
2006	50	Zaragoza	01	UE-25	111	Grecia	Hombres	19
2006	50	Zaragoza	01	UE-25	111	Grecia	Mujeres	9
2006	50	Zaragoza	01	UE-25	112	Hungría	Hombres	23
2006	50	Zaragoza	01	UE-25	112	Hungría	Mujeres	27
2006	50	Zaragoza	01	UE-25	113	Irlanda	Hombres	17
2006	50	Zaragoza	01	UE-25	113	Irlanda	Mujeres	21
2006	50	Zaragoza	01	UE-25	115	Italia	Hombres	556
2006	50	Zaragoza	01	UE-25	115	Italia	Mujeres	342
2006	50	Zaragoza	01	UE-25	121	Países Bajos	Hombres	106
2006	50	Zaragoza	01	UE-25	121	Países Bajos	Mujeres	66
2006	50	Zaragoza	01	UE-25	122	Polonia	Hombres	413
2006	50	Zaragoza	01	UE-25	122	Polonia	Mujeres	333
2006	50	Zaragoza	01	UE-25	123	Portugal	Hombres	803
2006	50	Zaragoza	01	UE-25	123	Portugal	Mujeres	520
2006	50	Zaragoza	01	UE-25	125	Reino Unido	Hombres	200
2006	50	Zaragoza	01	UE-25	125	Reino Unido	Mujeres	167
2006	50	Zaragoza	01	UE-25	126	Alemania	Hombres	245
2006	50	Zaragoza	01	UE-25	126	Alemania	Mujeres	195
2006	50	Zaragoza	01	UE-25	131	Suecia	Hombres	21
2006	50	Zaragoza	01	UE-25	131	Suecia	Mujeres	21
2006	50	Zaragoza	01	UE-25	136	Letonia	Hombres	6
2006	50	Zaragoza	01	UE-25	136	Letonia	Mujeres	10
2006	50	Zaragoza	01	UE-25	141	Estonia	Hombres	1
2006	50	Zaragoza	01	UE-25	141	Estonia	Mujeres	2
2006	50	Zaragoza	01	UE-25	142	Lituania	Hombres	60
2006	50	Zaragoza	01	UE-25	142	Lituania	Mujeres	47
2006	50	Zaragoza	01	UE-25	143	República Checa	Hombres	16
2006	50	Zaragoza	01	UE-25	143	República Checa	Mujeres	30
2006	50	Zaragoza	01	UE-25	144	Eslovaquia	Hombres	23
2006	50	Zaragoza	01	UE-25	144	Eslovaquia	Mujeres	27
2006	50	Zaragoza	01	UE-25	147	Eslovenia	Hombres	10
2006	50	Zaragoza	01	UE-25	147	Eslovenia	Mujeres	10
2006	50	Zaragoza	02	Resto de Europa	101	Albania	Hombres	18
2006	50	Zaragoza	02	Resto de Europa	101	Albania	Mujeres	13
2006	50	Zaragoza	02	Resto de Europa	104	Bulgaria	Hombres	1130
2006	50	Zaragoza	02	Resto de Europa	104	Bulgaria	Mujeres	954
2006	50	Zaragoza	02	Resto de Europa	120	Noruega	Hombres	7
2006	50	Zaragoza	02	Resto de Europa	120	Noruega	Mujeres	8
2006	50	Zaragoza	02	Resto de Europa	124	Andorra	Hombres	3
2006	50	Zaragoza	02	Resto de Europa	124	Andorra	Mujeres	2
2006	50	Zaragoza	02	Resto de Europa	128	Rumanía	Hombres	12088
2006	50	Zaragoza	02	Resto de Europa	128	Rumanía	Mujeres	10257
2006	50	Zaragoza	02	Resto de Europa	132	Suiza	Hombres	32
2006	50	Zaragoza	02	Resto de Europa	132	Suiza	Mujeres	13
2006	50	Zaragoza	02	Resto de Europa	135	Ucrania	Hombres	471
2006	50	Zaragoza	02	Resto de Europa	135	Ucrania	Mujeres	605
2006	50	Zaragoza	02	Resto de Europa	137	Moldova	Hombres	98
2006	50	Zaragoza	02	Resto de Europa	137	Moldova	Mujeres	99
2006	50	Zaragoza	02	Resto de Europa	138	Bielorrusia	Hombres	28
2006	50	Zaragoza	02	Resto de Europa	138	Bielorrusia	Mujeres	55
2006	50	Zaragoza	02	Resto de Europa	139	Georgia	Hombres	22
2006	50	Zaragoza	02	Resto de Europa	139	Georgia	Mujeres	13
2006	50	Zaragoza	02	Resto de Europa	145	Bosnia-Herzegovina	Hombres	49
2006	50	Zaragoza	02	Resto de Europa	145	Bosnia-Herzegovina	Mujeres	21
2006	50	Zaragoza	02	Resto de Europa	146	Croacia	Hombres	10
2006	50	Zaragoza	02	Resto de Europa	146	Croacia	Mujeres	9
2006	50	Zaragoza	02	Resto de Europa	148	Armenia	Hombres	32
2006	50	Zaragoza	02	Resto de Europa	148	Armenia	Mujeres	29
2006	50	Zaragoza	02	Resto de Europa	154	Rusia	Hombres	143
2006	50	Zaragoza	02	Resto de Europa	154	Rusia	Mujeres	364
2006	50	Zaragoza	02	Resto de Europa	155	Yugoslavia	Hombres	26
2006	50	Zaragoza	02	Resto de Europa	155	Yugoslavia	Mujeres	11
2006	50	Zaragoza	02	Resto de Europa	436	Turquía	Hombres	15
2006	50	Zaragoza	02	Resto de Europa	436	Turquía	Mujeres	5
2006	50	Zaragoza	03	Magreb	203	Argelia	Hombres	2187
2006	50	Zaragoza	03	Magreb	203	Argelia	Mujeres	799
2006	50	Zaragoza	03	Magreb	224	Libia	Hombres	2
2006	50	Zaragoza	03	Magreb	224	Libia	Mujeres	1
2006	50	Zaragoza	03	Magreb	228	Marruecos	Hombres	4452
2006	50	Zaragoza	03	Magreb	228	Marruecos	Mujeres	2291
2006	50	Zaragoza	03	Magreb	230	Mauritania	Hombres	159
2006	50	Zaragoza	03	Magreb	230	Mauritania	Mujeres	30
2006	50	Zaragoza	03	Magreb	248	Túnez	Hombres	41
2006	50	Zaragoza	03	Magreb	248	Túnez	Mujeres	17
2006	50	Zaragoza	04	Resto de África	201	Burkina Fasso	Hombres	26
2006	50	Zaragoza	04	Resto de África	201	Burkina Fasso	Mujeres	2
2006	50	Zaragoza	04	Resto de África	202	Angola	Hombres	55
2006	50	Zaragoza	04	Resto de África	202	Angola	Mujeres	33
2006	50	Zaragoza	04	Resto de África	204	Benin	Hombres	2
2006	50	Zaragoza	04	Resto de África	204	Benin	Mujeres	1
2006	50	Zaragoza	04	Resto de África	206	Burundi	Mujeres	1
2006	50	Zaragoza	04	Resto de África	207	Cabo Verde	Hombres	200
2006	50	Zaragoza	04	Resto de África	207	Cabo Verde	Mujeres	182
2006	50	Zaragoza	04	Resto de África	208	Camerún	Hombres	80
2006	50	Zaragoza	04	Resto de África	208	Camerún	Mujeres	83
2006	50	Zaragoza	04	Resto de África	209	Comores	Mujeres	1
2006	50	Zaragoza	04	Resto de África	210	Congo	Hombres	46
2006	50	Zaragoza	04	Resto de África	210	Congo	Mujeres	11
2006	50	Zaragoza	04	Resto de África	211	Costa de Marfil	Hombres	33
2006	50	Zaragoza	04	Resto de África	211	Costa de Marfil	Mujeres	13
2006	50	Zaragoza	04	Resto de África	213	Egipto	Hombres	93
2006	50	Zaragoza	04	Resto de África	213	Egipto	Mujeres	32
2006	50	Zaragoza	04	Resto de África	214	Etiopía	Hombres	2
2006	50	Zaragoza	04	Resto de África	215	Gabón	Hombres	2
2006	50	Zaragoza	04	Resto de África	215	Gabón	Mujeres	5
2006	50	Zaragoza	04	Resto de África	216	Gambia	Hombres	769
2006	50	Zaragoza	04	Resto de África	216	Gambia	Mujeres	354
2006	50	Zaragoza	04	Resto de África	217	Ghana	Hombres	1219
2006	50	Zaragoza	04	Resto de África	217	Ghana	Mujeres	245
2006	50	Zaragoza	04	Resto de África	218	Guinea	Hombres	286
2006	50	Zaragoza	04	Resto de África	218	Guinea	Mujeres	366
2006	50	Zaragoza	04	Resto de África	219	Guinea Bissau	Hombres	58
2006	50	Zaragoza	04	Resto de África	219	Guinea Bissau	Mujeres	18
2006	50	Zaragoza	04	Resto de África	220	Guinea Ecuatorial	Hombres	239
2006	50	Zaragoza	04	Resto de África	220	Guinea Ecuatorial	Mujeres	446
2006	50	Zaragoza	04	Resto de África	221	Kenia	Hombres	1
2006	50	Zaragoza	04	Resto de África	221	Kenia	Mujeres	4
2006	50	Zaragoza	04	Resto de África	223	Liberia	Hombres	15
2006	50	Zaragoza	04	Resto de África	223	Liberia	Mujeres	10
2006	50	Zaragoza	04	Resto de África	227	Mali	Hombres	366
2006	50	Zaragoza	04	Resto de África	227	Mali	Mujeres	48
2006	50	Zaragoza	04	Resto de África	231	Mozambique	Mujeres	1
2006	50	Zaragoza	04	Resto de África	233	Níger	Hombres	9
2006	50	Zaragoza	04	Resto de África	233	Níger	Mujeres	2
2006	50	Zaragoza	04	Resto de África	234	Nigeria	Hombres	279
2006	50	Zaragoza	04	Resto de África	234	Nigeria	Mujeres	281
2006	50	Zaragoza	04	Resto de África	235	República Centroafricana	Hombres	1
2006	50	Zaragoza	04	Resto de África	235	República Centroafricana	Mujeres	2
2006	50	Zaragoza	04	Resto de África	236	Sudáfrica	Hombres	5
2006	50	Zaragoza	04	Resto de África	236	Sudáfrica	Mujeres	1
2006	50	Zaragoza	04	Resto de África	237	Ruanda	Hombres	1
2006	50	Zaragoza	04	Resto de África	239	Senegal	Hombres	1370
2006	50	Zaragoza	04	Resto de África	239	Senegal	Mujeres	243
2006	50	Zaragoza	04	Resto de África	241	Sierra Leona	Hombres	13
2006	50	Zaragoza	04	Resto de África	241	Sierra Leona	Mujeres	6
2006	50	Zaragoza	04	Resto de África	243	Sudán	Hombres	8
2006	50	Zaragoza	04	Resto de África	243	Sudán	Mujeres	7
2006	50	Zaragoza	04	Resto de África	245	Tanzania	Hombres	1
2006	50	Zaragoza	04	Resto de África	246	Chad	Hombres	3
2006	50	Zaragoza	04	Resto de África	247	Togo	Hombres	13
2006	50	Zaragoza	04	Resto de África	247	Togo	Mujeres	9
2006	50	Zaragoza	04	Resto de África	250	Rep. Democrática del Congo	Hombres	67
2006	50	Zaragoza	04	Resto de África	250	Rep. Democrática del Congo	Mujeres	29
2006	50	Zaragoza	04	Resto de África	251	Zambia	Mujeres	1
2006	50	Zaragoza	04	Resto de África	299	Países sin relaciones diplomáticas	Mujeres	1
2006	50	Zaragoza	05	América del Norte	301	Canadá	Hombres	12
2006	50	Zaragoza	05	América del Norte	301	Canadá	Mujeres	15
2006	50	Zaragoza	05	América del Norte	302	Estados Unidos de América	Hombres	208
2006	50	Zaragoza	05	América del Norte	302	Estados Unidos de América	Mujeres	128
2006	50	Zaragoza	06	Resto de América	303	México	Hombres	106
2006	50	Zaragoza	06	Resto de América	303	México	Mujeres	190
2006	50	Zaragoza	06	Resto de América	314	Costa Rica	Hombres	8
2006	50	Zaragoza	06	Resto de América	314	Costa Rica	Mujeres	5
2006	50	Zaragoza	06	Resto de América	315	Cuba	Hombres	311
2006	50	Zaragoza	06	Resto de América	315	Cuba	Mujeres	443
2006	50	Zaragoza	06	Resto de América	316	Dominica	Hombres	4
2006	50	Zaragoza	06	Resto de América	316	Dominica	Mujeres	10
2006	50	Zaragoza	06	Resto de América	317	El Salvador	Hombres	49
2006	50	Zaragoza	06	Resto de América	317	El Salvador	Mujeres	73
2006	50	Zaragoza	06	Resto de América	319	Guatemala	Hombres	7
2006	50	Zaragoza	06	Resto de América	319	Guatemala	Mujeres	18
2006	50	Zaragoza	06	Resto de América	320	Haití	Hombres	1
2006	50	Zaragoza	06	Resto de América	320	Haití	Mujeres	1
2006	50	Zaragoza	06	Resto de América	321	Honduras	Hombres	98
2006	50	Zaragoza	06	Resto de América	321	Honduras	Mujeres	151
2006	50	Zaragoza	06	Resto de América	323	Nicaragua	Hombres	118
2006	50	Zaragoza	06	Resto de América	323	Nicaragua	Mujeres	408
2006	50	Zaragoza	06	Resto de América	324	Panamá	Hombres	17
2006	50	Zaragoza	06	Resto de América	324	Panamá	Mujeres	27
2006	50	Zaragoza	06	Resto de América	326	República Dominicana	Hombres	360
2006	50	Zaragoza	06	Resto de América	326	República Dominicana	Mujeres	630
2006	50	Zaragoza	06	Resto de América	340	Argentina	Hombres	609
2006	50	Zaragoza	06	Resto de América	340	Argentina	Mujeres	613
2006	50	Zaragoza	06	Resto de América	341	Bolivia	Hombres	203
2006	50	Zaragoza	06	Resto de América	341	Bolivia	Mujeres	269
2006	50	Zaragoza	06	Resto de América	342	Brasil	Hombres	407
2006	50	Zaragoza	06	Resto de América	342	Brasil	Mujeres	827
2006	50	Zaragoza	06	Resto de América	343	Colombia	Hombres	1734
2006	50	Zaragoza	06	Resto de América	343	Colombia	Mujeres	2572
2006	50	Zaragoza	06	Resto de América	344	Chile	Hombres	287
2006	50	Zaragoza	06	Resto de América	344	Chile	Mujeres	287
2006	50	Zaragoza	06	Resto de América	345	Ecuador	Hombres	5015
2006	50	Zaragoza	06	Resto de América	345	Ecuador	Mujeres	5541
2006	50	Zaragoza	06	Resto de América	347	Paraguay	Hombres	20
2006	50	Zaragoza	06	Resto de América	347	Paraguay	Mujeres	107
2006	50	Zaragoza	06	Resto de América	348	Perú	Hombres	498
2006	50	Zaragoza	06	Resto de América	348	Perú	Mujeres	551
2006	50	Zaragoza	06	Resto de América	350	Uruguay	Hombres	142
2006	50	Zaragoza	06	Resto de América	350	Uruguay	Mujeres	152
2006	50	Zaragoza	06	Resto de América	351	Venezuela	Hombres	238
2006	50	Zaragoza	06	Resto de América	351	Venezuela	Mujeres	427
2006	50	Zaragoza	07	Asia	402	Arabia Saudí	Hombres	1
2006	50	Zaragoza	07	Asia	404	Bangladesh	Hombres	16
2006	50	Zaragoza	07	Asia	404	Bangladesh	Mujeres	6
2006	50	Zaragoza	07	Asia	407	China	Hombres	1339
2006	50	Zaragoza	07	Asia	407	China	Mujeres	1042
2006	50	Zaragoza	07	Asia	409	Filipinas	Hombres	13
2006	50	Zaragoza	07	Asia	409	Filipinas	Mujeres	9
2006	50	Zaragoza	07	Asia	410	India	Hombres	30
2006	50	Zaragoza	07	Asia	410	India	Mujeres	34
2006	50	Zaragoza	07	Asia	411	Indonesia	Mujeres	1
2006	50	Zaragoza	07	Asia	412	Irak	Hombres	1
2006	50	Zaragoza	07	Asia	413	Irán	Hombres	7
2006	50	Zaragoza	07	Asia	413	Irán	Mujeres	3
2006	50	Zaragoza	07	Asia	414	Israel	Hombres	3
2006	50	Zaragoza	07	Asia	414	Israel	Mujeres	4
2006	50	Zaragoza	07	Asia	415	Japón	Hombres	4
2006	50	Zaragoza	07	Asia	415	Japón	Mujeres	14
2006	50	Zaragoza	07	Asia	416	Jordania	Hombres	29
2006	50	Zaragoza	07	Asia	416	Jordania	Mujeres	15
2006	50	Zaragoza	07	Asia	418	Kuwait	Mujeres	1
2006	50	Zaragoza	07	Asia	419	Laos	Hombres	1
2006	50	Zaragoza	07	Asia	420	Líbano	Hombres	15
2006	50	Zaragoza	07	Asia	420	Líbano	Mujeres	6
2006	50	Zaragoza	07	Asia	421	Malasia	Hombres	1
2006	50	Zaragoza	07	Asia	424	Nepal	Hombres	4
2006	50	Zaragoza	07	Asia	424	Nepal	Mujeres	1
2006	50	Zaragoza	07	Asia	426	Pakistán	Hombres	451
2006	50	Zaragoza	07	Asia	426	Pakistán	Mujeres	15
2006	50	Zaragoza	07	Asia	430	República de Corea	Hombres	7
2006	50	Zaragoza	07	Asia	430	República de Corea	Mujeres	10
2006	50	Zaragoza	07	Asia	433	Siria	Hombres	25
2006	50	Zaragoza	07	Asia	433	Siria	Mujeres	11
2006	50	Zaragoza	07	Asia	435	Tailandia	Mujeres	7
2006	50	Zaragoza	07	Asia	437	Vietnam	Hombres	2
2006	50	Zaragoza	07	Asia	437	Vietnam	Mujeres	2
2006	50	Zaragoza	07	Asia	442	Azerbaiyan	Hombres	3
2006	50	Zaragoza	07	Asia	443	Kazajstan	Hombres	1
2006	50	Zaragoza	07	Asia	443	Kazajstan	Mujeres	3
2006	50	Zaragoza	07	Asia	447	Uzbekistán	Hombres	2
2006	50	Zaragoza	07	Asia	447	Uzbekistán	Mujeres	3
2006	50	Zaragoza	07	Asia	499	Países sin relaciones diplomáticas	Hombres	4
2006	50	Zaragoza	07	Asia	499	Países sin relaciones diplomáticas	Mujeres	3
2006	50	Zaragoza	08	Oceanía	501	Australia	Hombres	4
2006	50	Zaragoza	08	Oceanía	501	Australia	Mujeres	4
2006	50	Zaragoza	08	Oceanía	504	Nueva Zelanda	Mujeres	3
2006	50	Zaragoza	09	Apátridas y no consta	555	Apátridas	Hombres	19
2006	50	Zaragoza	09	Apátridas y no consta	555	Apátridas	Mujeres	7
2007	22	Huesca	01	UE-27_2007	102	Austria	Hombres	11
2007	22	Huesca	01	UE-27_2007	102	Austria	Mujeres	5
2007	22	Huesca	01	UE-27_2007	103	Bélgica	Hombres	34
2007	22	Huesca	01	UE-27_2007	103	Bélgica	Mujeres	33
2007	22	Huesca	01	UE-27_2007	104	Bulgaria	Hombres	778
2007	22	Huesca	01	UE-27_2007	104	Bulgaria	Mujeres	607
2007	22	Huesca	01	UE-27_2007	107	Dinamarca	Hombres	3
2007	22	Huesca	01	UE-27_2007	107	Dinamarca	Mujeres	5
2007	22	Huesca	01	UE-27_2007	109	Finlandia	Hombres	1
2007	22	Huesca	01	UE-27_2007	109	Finlandia	Mujeres	4
2007	22	Huesca	01	UE-27_2007	110	Francia	Hombres	220
2007	22	Huesca	01	UE-27_2007	110	Francia	Mujeres	215
2007	22	Huesca	01	UE-27_2007	111	Grecia	Hombres	4
2007	22	Huesca	01	UE-27_2007	111	Grecia	Mujeres	3
2007	22	Huesca	01	UE-27_2007	112	Hungría	Hombres	7
2007	22	Huesca	01	UE-27_2007	112	Hungría	Mujeres	7
2007	22	Huesca	01	UE-27_2007	113	Irlanda	Hombres	8
2007	22	Huesca	01	UE-27_2007	113	Irlanda	Mujeres	6
2007	22	Huesca	01	UE-27_2007	115	Italia	Hombres	100
2007	22	Huesca	01	UE-27_2007	115	Italia	Mujeres	70
2007	22	Huesca	01	UE-27_2007	121	Países Bajos	Hombres	54
2007	22	Huesca	01	UE-27_2007	121	Países Bajos	Mujeres	58
2007	22	Huesca	01	UE-27_2007	122	Polonia	Hombres	261
2007	22	Huesca	01	UE-27_2007	122	Polonia	Mujeres	176
2007	22	Huesca	01	UE-27_2007	123	Portugal	Hombres	426
2007	22	Huesca	01	UE-27_2007	123	Portugal	Mujeres	187
2007	22	Huesca	01	UE-27_2007	125	Reino Unido	Hombres	85
2007	22	Huesca	01	UE-27_2007	125	Reino Unido	Mujeres	83
2007	22	Huesca	01	UE-27_2007	126	Alemania	Hombres	87
2007	22	Huesca	01	UE-27_2007	126	Alemania	Mujeres	73
2007	22	Huesca	01	UE-27_2007	128	Rumanía	Hombres	2330
2007	22	Huesca	01	UE-27_2007	128	Rumanía	Mujeres	2075
2007	22	Huesca	01	UE-27_2007	131	Suecia	Hombres	1
2007	22	Huesca	01	UE-27_2007	131	Suecia	Mujeres	2
2007	22	Huesca	01	UE-27_2007	136	Letonia	Hombres	4
2007	22	Huesca	01	UE-27_2007	136	Letonia	Mujeres	7
2007	22	Huesca	01	UE-27_2007	141	Estonia	Mujeres	2
2007	22	Huesca	01	UE-27_2007	142	Lituania	Hombres	144
2007	22	Huesca	01	UE-27_2007	142	Lituania	Mujeres	124
2007	22	Huesca	01	UE-27_2007	143	República Checa	Hombres	10
2007	22	Huesca	01	UE-27_2007	143	República Checa	Mujeres	9
2007	22	Huesca	01	UE-27_2007	144	Eslovaquia	Hombres	22
2007	22	Huesca	01	UE-27_2007	144	Eslovaquia	Mujeres	15
2007	22	Huesca	01	UE-27_2007	147	Eslovenia	Mujeres	1
2007	22	Huesca	02	Resto de Europa	101	Albania	Hombres	3
2007	22	Huesca	02	Resto de Europa	101	Albania	Mujeres	1
2007	22	Huesca	02	Resto de Europa	120	Noruega	Mujeres	1
2007	22	Huesca	02	Resto de Europa	124	Andorra	Hombres	2
2007	22	Huesca	02	Resto de Europa	124	Andorra	Mujeres	2
2007	22	Huesca	02	Resto de Europa	132	Suiza	Hombres	11
2007	22	Huesca	02	Resto de Europa	132	Suiza	Mujeres	13
2007	22	Huesca	02	Resto de Europa	135	Ucrania	Hombres	249
2007	22	Huesca	02	Resto de Europa	135	Ucrania	Mujeres	202
2007	22	Huesca	02	Resto de Europa	137	Moldova	Hombres	8
2007	22	Huesca	02	Resto de Europa	137	Moldova	Mujeres	11
2007	22	Huesca	02	Resto de Europa	138	Bielorrusia	Hombres	10
2007	22	Huesca	02	Resto de Europa	138	Bielorrusia	Mujeres	8
2007	22	Huesca	02	Resto de Europa	139	Georgia	Hombres	3
2007	22	Huesca	02	Resto de Europa	139	Georgia	Mujeres	3
2007	22	Huesca	02	Resto de Europa	146	Croacia	Hombres	1
2007	22	Huesca	02	Resto de Europa	148	Armenia	Hombres	24
2007	22	Huesca	02	Resto de Europa	148	Armenia	Mujeres	21
2007	22	Huesca	02	Resto de Europa	154	Rusia	Hombres	22
2007	22	Huesca	02	Resto de Europa	154	Rusia	Mujeres	63
2007	22	Huesca	02	Resto de Europa	155	Yugoslavia	Hombres	6
2007	22	Huesca	02	Resto de Europa	155	Yugoslavia	Mujeres	6
2007	22	Huesca	02	Resto de Europa	199	Países sin relaciones diplomáticas	Hombres	2
2007	22	Huesca	02	Resto de Europa	199	Países sin relaciones diplomáticas	Mujeres	4
2007	22	Huesca	02	Resto de Europa	436	Turquía	Mujeres	2
2007	22	Huesca	03	Magreb	203	Argelia	Hombres	511
2007	22	Huesca	03	Magreb	203	Argelia	Mujeres	179
2007	22	Huesca	03	Magreb	228	Marruecos	Hombres	1685
2007	22	Huesca	03	Magreb	228	Marruecos	Mujeres	944
2007	22	Huesca	03	Magreb	230	Mauritania	Hombres	91
2007	22	Huesca	03	Magreb	230	Mauritania	Mujeres	20
2007	22	Huesca	03	Magreb	248	Túnez	Hombres	4
2007	22	Huesca	03	Magreb	248	Túnez	Mujeres	2
2007	22	Huesca	04	Resto de África	201	Burkina Fasso	Hombres	43
2007	22	Huesca	04	Resto de África	201	Burkina Fasso	Mujeres	11
2007	22	Huesca	04	Resto de África	202	Angola	Hombres	5
2007	22	Huesca	04	Resto de África	202	Angola	Mujeres	2
2007	22	Huesca	04	Resto de África	204	Benin	Hombres	1
2007	22	Huesca	04	Resto de África	207	Cabo Verde	Hombres	12
2007	22	Huesca	04	Resto de África	207	Cabo Verde	Mujeres	9
2007	22	Huesca	04	Resto de África	208	Camerún	Hombres	5
2007	22	Huesca	04	Resto de África	208	Camerún	Mujeres	1
2007	22	Huesca	04	Resto de África	211	Costa de Marfil	Hombres	30
2007	22	Huesca	04	Resto de África	211	Costa de Marfil	Mujeres	8
2007	22	Huesca	04	Resto de África	216	Gambia	Hombres	437
2007	22	Huesca	04	Resto de África	216	Gambia	Mujeres	142
2007	22	Huesca	04	Resto de África	217	Ghana	Hombres	44
2007	22	Huesca	04	Resto de África	217	Ghana	Mujeres	21
2007	22	Huesca	04	Resto de África	218	Guinea	Hombres	170
2007	22	Huesca	04	Resto de África	218	Guinea	Mujeres	58
2007	22	Huesca	04	Resto de África	219	Guinea Bissau	Hombres	13
2007	22	Huesca	04	Resto de África	219	Guinea Bissau	Mujeres	2
2007	22	Huesca	04	Resto de África	220	Guinea Ecuatorial	Hombres	6
2007	22	Huesca	04	Resto de África	220	Guinea Ecuatorial	Mujeres	14
2007	22	Huesca	04	Resto de África	221	Kenia	Mujeres	13
2007	22	Huesca	04	Resto de África	223	Liberia	Hombres	5
2007	22	Huesca	04	Resto de África	223	Liberia	Mujeres	2
2007	22	Huesca	04	Resto de África	227	Mali	Hombres	620
2007	22	Huesca	04	Resto de África	227	Mali	Mujeres	88
2007	22	Huesca	04	Resto de África	233	Níger	Hombres	7
2007	22	Huesca	04	Resto de África	233	Níger	Mujeres	2
2007	22	Huesca	04	Resto de África	234	Nigeria	Hombres	48
2007	22	Huesca	04	Resto de África	234	Nigeria	Mujeres	32
2007	22	Huesca	04	Resto de África	235	República Centroafricana	Hombres	1
2007	22	Huesca	04	Resto de África	236	Sudáfrica	Hombres	1
2007	22	Huesca	04	Resto de África	237	Ruanda	Mujeres	1
2007	22	Huesca	04	Resto de África	239	Senegal	Hombres	318
2007	22	Huesca	04	Resto de África	239	Senegal	Mujeres	36
2007	22	Huesca	04	Resto de África	241	Sierra Leona	Hombres	3
2007	22	Huesca	04	Resto de África	241	Sierra Leona	Mujeres	3
2007	22	Huesca	04	Resto de África	299	Países sin relaciones diplomáticas	Hombres	1
2007	22	Huesca	05	América del Norte	301	Canadá	Hombres	3
2007	22	Huesca	05	América del Norte	301	Canadá	Mujeres	3
2007	22	Huesca	05	América del Norte	302	Estados Unidos de América	Hombres	22
2007	22	Huesca	05	América del Norte	302	Estados Unidos de América	Mujeres	16
2007	22	Huesca	06	Resto de América	303	México	Hombres	20
2007	22	Huesca	06	Resto de América	303	México	Mujeres	42
2007	22	Huesca	06	Resto de América	313	Belice	Mujeres	1
2007	22	Huesca	06	Resto de América	314	Costa Rica	Hombres	1
2007	22	Huesca	06	Resto de América	314	Costa Rica	Mujeres	3
2007	22	Huesca	06	Resto de América	315	Cuba	Hombres	58
2007	22	Huesca	06	Resto de América	315	Cuba	Mujeres	114
2007	22	Huesca	06	Resto de América	316	Dominica	Hombres	1
2007	22	Huesca	06	Resto de América	316	Dominica	Mujeres	5
2007	22	Huesca	06	Resto de América	317	El Salvador	Mujeres	4
2007	22	Huesca	06	Resto de América	319	Guatemala	Hombres	8
2007	22	Huesca	06	Resto de América	319	Guatemala	Mujeres	14
2007	22	Huesca	06	Resto de América	321	Honduras	Hombres	16
2007	22	Huesca	06	Resto de América	321	Honduras	Mujeres	20
2007	22	Huesca	06	Resto de América	323	Nicaragua	Hombres	3
2007	22	Huesca	06	Resto de América	323	Nicaragua	Mujeres	32
2007	22	Huesca	06	Resto de América	324	Panamá	Hombres	4
2007	22	Huesca	06	Resto de América	324	Panamá	Mujeres	6
2007	22	Huesca	06	Resto de América	326	República Dominicana	Hombres	125
2007	22	Huesca	06	Resto de América	326	República Dominicana	Mujeres	245
2007	22	Huesca	06	Resto de América	340	Argentina	Hombres	245
2007	22	Huesca	06	Resto de América	340	Argentina	Mujeres	260
2007	22	Huesca	06	Resto de América	341	Bolivia	Hombres	142
2007	22	Huesca	06	Resto de América	341	Bolivia	Mujeres	187
2007	22	Huesca	06	Resto de América	342	Brasil	Hombres	47
2007	22	Huesca	06	Resto de América	342	Brasil	Mujeres	139
2007	22	Huesca	06	Resto de América	343	Colombia	Hombres	418
2007	22	Huesca	06	Resto de América	343	Colombia	Mujeres	513
2007	22	Huesca	06	Resto de América	344	Chile	Hombres	37
2007	22	Huesca	06	Resto de América	344	Chile	Mujeres	33
2007	22	Huesca	06	Resto de América	345	Ecuador	Hombres	533
2007	22	Huesca	06	Resto de América	345	Ecuador	Mujeres	583
2007	22	Huesca	06	Resto de América	347	Paraguay	Hombres	13
2007	22	Huesca	06	Resto de América	347	Paraguay	Mujeres	34
2007	22	Huesca	06	Resto de América	348	Perú	Hombres	76
2007	22	Huesca	06	Resto de América	348	Perú	Mujeres	100
2007	22	Huesca	06	Resto de América	350	Uruguay	Hombres	74
2007	22	Huesca	06	Resto de América	350	Uruguay	Mujeres	90
2007	22	Huesca	06	Resto de América	351	Venezuela	Hombres	54
2007	22	Huesca	06	Resto de América	351	Venezuela	Mujeres	85
2007	22	Huesca	07	Asia	407	China	Hombres	114
2007	22	Huesca	07	Asia	407	China	Mujeres	90
2007	22	Huesca	07	Asia	409	Filipinas	Hombres	2
2007	22	Huesca	07	Asia	409	Filipinas	Mujeres	6
2007	22	Huesca	07	Asia	410	India	Mujeres	2
2007	22	Huesca	07	Asia	411	Indonesia	Mujeres	1
2007	22	Huesca	07	Asia	414	Israel	Hombres	1
2007	22	Huesca	07	Asia	415	Japón	Hombres	3
2007	22	Huesca	07	Asia	415	Japón	Mujeres	2
2007	22	Huesca	07	Asia	416	Jordania	Hombres	1
2007	22	Huesca	07	Asia	416	Jordania	Mujeres	1
2007	22	Huesca	07	Asia	419	Laos	Mujeres	1
2007	22	Huesca	07	Asia	420	Líbano	Hombres	1
2007	22	Huesca	07	Asia	421	Malasia	Hombres	1
2007	22	Huesca	07	Asia	423	Mongolia	Mujeres	3
2007	22	Huesca	07	Asia	424	Nepal	Hombres	1
2007	22	Huesca	07	Asia	426	Pakistán	Hombres	24
2007	22	Huesca	07	Asia	426	Pakistán	Mujeres	8
2007	22	Huesca	07	Asia	430	República de Corea	Hombres	2
2007	22	Huesca	07	Asia	430	República de Corea	Mujeres	1
2007	22	Huesca	07	Asia	435	Tailandia	Mujeres	6
2007	22	Huesca	07	Asia	447	Uzbekistán	Hombres	2
2007	22	Huesca	07	Asia	499	Países sin relaciones diplomáticas	Hombres	6
2007	22	Huesca	07	Asia	499	Países sin relaciones diplomáticas	Mujeres	2
2007	22	Huesca	08	Oceanía	501	Australia	Hombres	1
2007	22	Huesca	08	Oceanía	501	Australia	Mujeres	3
2007	22	Huesca	08	Oceanía	504	Nueva Zelanda	Hombres	1
2007	22	Huesca	08	Oceanía	511	Micronesia	Hombres	2
2007	22	Huesca	08	Oceanía	511	Micronesia	Mujeres	1
2007	22	Huesca	08	Oceanía	512	Tuvalu	Hombres	3
2007	22	Huesca	08	Oceanía	512	Tuvalu	Mujeres	2
2007	22	Huesca	08	Oceanía	515	Nauru	Hombres	2
2007	22	Huesca	08	Oceanía	515	Nauru	Mujeres	2
2007	22	Huesca	08	Oceanía	516	Palaos	Hombres	5
2007	22	Huesca	08	Oceanía	516	Palaos	Mujeres	2
2007	44	Teruel	01	UE-27_2007	102	Austria	Hombres	2
2007	44	Teruel	01	UE-27_2007	103	Bélgica	Hombres	6
2007	44	Teruel	01	UE-27_2007	103	Bélgica	Mujeres	7
2007	44	Teruel	01	UE-27_2007	104	Bulgaria	Hombres	188
2007	44	Teruel	01	UE-27_2007	104	Bulgaria	Mujeres	141
2007	44	Teruel	01	UE-27_2007	107	Dinamarca	Hombres	1
2007	44	Teruel	01	UE-27_2007	109	Finlandia	Hombres	2
2007	44	Teruel	01	UE-27_2007	109	Finlandia	Mujeres	1
2007	44	Teruel	01	UE-27_2007	110	Francia	Hombres	56
2007	44	Teruel	01	UE-27_2007	110	Francia	Mujeres	61
2007	44	Teruel	01	UE-27_2007	111	Grecia	Hombres	5
2007	44	Teruel	01	UE-27_2007	112	Hungría	Hombres	5
2007	44	Teruel	01	UE-27_2007	112	Hungría	Mujeres	5
2007	44	Teruel	01	UE-27_2007	113	Irlanda	Hombres	4
2007	44	Teruel	01	UE-27_2007	113	Irlanda	Mujeres	4
2007	44	Teruel	01	UE-27_2007	115	Italia	Hombres	72
2007	44	Teruel	01	UE-27_2007	115	Italia	Mujeres	33
2007	44	Teruel	01	UE-27_2007	121	Países Bajos	Hombres	10
2007	44	Teruel	01	UE-27_2007	121	Países Bajos	Mujeres	10
2007	44	Teruel	01	UE-27_2007	122	Polonia	Hombres	409
2007	44	Teruel	01	UE-27_2007	122	Polonia	Mujeres	238
2007	44	Teruel	01	UE-27_2007	123	Portugal	Hombres	439
2007	44	Teruel	01	UE-27_2007	123	Portugal	Mujeres	97
2007	44	Teruel	01	UE-27_2007	125	Reino Unido	Hombres	61
2007	44	Teruel	01	UE-27_2007	125	Reino Unido	Mujeres	44
2007	44	Teruel	01	UE-27_2007	126	Alemania	Hombres	44
2007	44	Teruel	01	UE-27_2007	126	Alemania	Mujeres	32
2007	44	Teruel	01	UE-27_2007	128	Rumanía	Hombres	2816
2007	44	Teruel	01	UE-27_2007	128	Rumanía	Mujeres	2237
2007	44	Teruel	01	UE-27_2007	131	Suecia	Hombres	4
2007	44	Teruel	01	UE-27_2007	131	Suecia	Mujeres	2
2007	44	Teruel	01	UE-27_2007	136	Letonia	Hombres	8
2007	44	Teruel	01	UE-27_2007	136	Letonia	Mujeres	5
2007	44	Teruel	01	UE-27_2007	142	Lituania	Hombres	5
2007	44	Teruel	01	UE-27_2007	142	Lituania	Mujeres	7
2007	44	Teruel	01	UE-27_2007	143	República Checa	Hombres	24
2007	44	Teruel	01	UE-27_2007	143	República Checa	Mujeres	19
2007	44	Teruel	01	UE-27_2007	144	Eslovaquia	Hombres	1
2007	44	Teruel	01	UE-27_2007	144	Eslovaquia	Mujeres	1
2007	44	Teruel	02	Resto de Europa	101	Albania	Hombres	4
2007	44	Teruel	02	Resto de Europa	101	Albania	Mujeres	6
2007	44	Teruel	02	Resto de Europa	132	Suiza	Hombres	3
2007	44	Teruel	02	Resto de Europa	132	Suiza	Mujeres	6
2007	44	Teruel	02	Resto de Europa	135	Ucrania	Hombres	83
2007	44	Teruel	02	Resto de Europa	135	Ucrania	Mujeres	68
2007	44	Teruel	02	Resto de Europa	137	Moldova	Hombres	24
2007	44	Teruel	02	Resto de Europa	137	Moldova	Mujeres	17
2007	44	Teruel	02	Resto de Europa	138	Bielorrusia	Hombres	1
2007	44	Teruel	02	Resto de Europa	138	Bielorrusia	Mujeres	3
2007	44	Teruel	02	Resto de Europa	145	Bosnia-Herzegovina	Hombres	3
2007	44	Teruel	02	Resto de Europa	145	Bosnia-Herzegovina	Mujeres	2
2007	44	Teruel	02	Resto de Europa	146	Croacia	Hombres	2
2007	44	Teruel	02	Resto de Europa	146	Croacia	Mujeres	1
2007	44	Teruel	02	Resto de Europa	148	Armenia	Hombres	1
2007	44	Teruel	02	Resto de Europa	148	Armenia	Mujeres	1
2007	44	Teruel	02	Resto de Europa	154	Rusia	Hombres	4
2007	44	Teruel	02	Resto de Europa	154	Rusia	Mujeres	15
2007	44	Teruel	02	Resto de Europa	155	Yugoslavia	Hombres	1
2007	44	Teruel	02	Resto de Europa	155	Yugoslavia	Mujeres	3
2007	44	Teruel	03	Magreb	203	Argelia	Hombres	140
2007	44	Teruel	03	Magreb	203	Argelia	Mujeres	47
2007	44	Teruel	03	Magreb	228	Marruecos	Hombres	2221
2007	44	Teruel	03	Magreb	228	Marruecos	Mujeres	748
2007	44	Teruel	03	Magreb	230	Mauritania	Hombres	3
2007	44	Teruel	03	Magreb	248	Túnez	Hombres	1
2007	44	Teruel	03	Magreb	248	Túnez	Mujeres	2
2007	44	Teruel	04	Resto de África	207	Cabo Verde	Hombres	21
2007	44	Teruel	04	Resto de África	207	Cabo Verde	Mujeres	19
2007	44	Teruel	04	Resto de África	208	Camerún	Hombres	4
2007	44	Teruel	04	Resto de África	208	Camerún	Mujeres	1
2007	44	Teruel	04	Resto de África	216	Gambia	Hombres	19
2007	44	Teruel	04	Resto de África	216	Gambia	Mujeres	24
2007	44	Teruel	04	Resto de África	217	Ghana	Hombres	20
2007	44	Teruel	04	Resto de África	218	Guinea	Hombres	1
2007	44	Teruel	04	Resto de África	218	Guinea	Mujeres	1
2007	44	Teruel	04	Resto de África	219	Guinea Bissau	Hombres	1
2007	44	Teruel	04	Resto de África	219	Guinea Bissau	Mujeres	1
2007	44	Teruel	04	Resto de África	227	Mali	Hombres	14
2007	44	Teruel	04	Resto de África	234	Nigeria	Mujeres	2
2007	44	Teruel	04	Resto de África	237	Ruanda	Hombres	1
2007	44	Teruel	04	Resto de África	239	Senegal	Hombres	25
2007	44	Teruel	04	Resto de África	239	Senegal	Mujeres	4
2007	44	Teruel	05	América del Norte	301	Canadá	Mujeres	2
2007	44	Teruel	05	América del Norte	302	Estados Unidos de América	Hombres	5
2007	44	Teruel	05	América del Norte	302	Estados Unidos de América	Mujeres	6
2007	44	Teruel	06	Resto de América	303	México	Hombres	4
2007	44	Teruel	06	Resto de América	303	México	Mujeres	14
2007	44	Teruel	06	Resto de América	315	Cuba	Hombres	57
2007	44	Teruel	06	Resto de América	315	Cuba	Mujeres	78
2007	44	Teruel	06	Resto de América	316	Dominica	Hombres	1
2007	44	Teruel	06	Resto de América	316	Dominica	Mujeres	1
2007	44	Teruel	06	Resto de América	321	Honduras	Hombres	2
2007	44	Teruel	06	Resto de América	323	Nicaragua	Mujeres	1
2007	44	Teruel	06	Resto de América	326	República Dominicana	Hombres	112
2007	44	Teruel	06	Resto de América	326	República Dominicana	Mujeres	150
2007	44	Teruel	06	Resto de América	340	Argentina	Hombres	176
2007	44	Teruel	06	Resto de América	340	Argentina	Mujeres	202
2007	44	Teruel	06	Resto de América	341	Bolivia	Hombres	40
2007	44	Teruel	06	Resto de América	341	Bolivia	Mujeres	48
2007	44	Teruel	06	Resto de América	342	Brasil	Hombres	84
2007	44	Teruel	06	Resto de América	342	Brasil	Mujeres	216
2007	44	Teruel	06	Resto de América	343	Colombia	Hombres	393
2007	44	Teruel	06	Resto de América	343	Colombia	Mujeres	415
2007	44	Teruel	06	Resto de América	344	Chile	Hombres	50
2007	44	Teruel	06	Resto de América	344	Chile	Mujeres	53
2007	44	Teruel	06	Resto de América	345	Ecuador	Hombres	161
2007	44	Teruel	06	Resto de América	345	Ecuador	Mujeres	157
2007	44	Teruel	06	Resto de América	347	Paraguay	Hombres	27
2007	44	Teruel	06	Resto de América	347	Paraguay	Mujeres	17
2007	44	Teruel	06	Resto de América	348	Perú	Hombres	72
2007	44	Teruel	06	Resto de América	348	Perú	Mujeres	73
2007	44	Teruel	06	Resto de América	350	Uruguay	Hombres	25
2007	44	Teruel	06	Resto de América	350	Uruguay	Mujeres	19
2007	44	Teruel	06	Resto de América	351	Venezuela	Hombres	21
2007	44	Teruel	06	Resto de América	351	Venezuela	Mujeres	22
2007	44	Teruel	07	Asia	407	China	Hombres	45
2007	44	Teruel	07	Asia	407	China	Mujeres	36
2007	44	Teruel	07	Asia	410	India	Hombres	2
2007	44	Teruel	07	Asia	410	India	Mujeres	1
2007	44	Teruel	07	Asia	413	Irán	Hombres	2
2007	44	Teruel	07	Asia	413	Irán	Mujeres	1
2007	44	Teruel	07	Asia	415	Japón	Hombres	1
2007	44	Teruel	07	Asia	415	Japón	Mujeres	1
2007	44	Teruel	07	Asia	426	Pakistán	Hombres	300
2007	44	Teruel	07	Asia	426	Pakistán	Mujeres	77
2007	44	Teruel	07	Asia	434	Sri-Lanka	Hombres	2
2007	44	Teruel	07	Asia	443	Kazajstan	Hombres	2
2007	44	Teruel	07	Asia	443	Kazajstan	Mujeres	5
2007	44	Teruel	07	Asia	499	Países sin relaciones diplomáticas	Hombres	1
2007	44	Teruel	08	Oceanía	501	Australia	Hombres	1
2007	44	Teruel	08	Oceanía	501	Australia	Mujeres	3
2007	50	Zaragoza	01	UE-27_2007	102	Austria	Hombres	18
2007	50	Zaragoza	01	UE-27_2007	102	Austria	Mujeres	14
2007	50	Zaragoza	01	UE-27_2007	103	Bélgica	Hombres	68
2007	50	Zaragoza	01	UE-27_2007	103	Bélgica	Mujeres	51
2007	50	Zaragoza	01	UE-27_2007	104	Bulgaria	Hombres	1404
2007	50	Zaragoza	01	UE-27_2007	104	Bulgaria	Mujeres	1148
2007	50	Zaragoza	01	UE-27_2007	106	Chipre	Mujeres	2
2007	50	Zaragoza	01	UE-27_2007	107	Dinamarca	Hombres	18
2007	50	Zaragoza	01	UE-27_2007	107	Dinamarca	Mujeres	6
2007	50	Zaragoza	01	UE-27_2007	109	Finlandia	Hombres	3
2007	50	Zaragoza	01	UE-27_2007	109	Finlandia	Mujeres	10
2007	50	Zaragoza	01	UE-27_2007	110	Francia	Hombres	452
2007	50	Zaragoza	01	UE-27_2007	110	Francia	Mujeres	537
2007	50	Zaragoza	01	UE-27_2007	111	Grecia	Hombres	21
2007	50	Zaragoza	01	UE-27_2007	111	Grecia	Mujeres	10
2007	50	Zaragoza	01	UE-27_2007	112	Hungría	Hombres	38
2007	50	Zaragoza	01	UE-27_2007	112	Hungría	Mujeres	35
2007	50	Zaragoza	01	UE-27_2007	113	Irlanda	Hombres	23
2007	50	Zaragoza	01	UE-27_2007	113	Irlanda	Mujeres	20
2007	50	Zaragoza	01	UE-27_2007	115	Italia	Hombres	678
2007	50	Zaragoza	01	UE-27_2007	115	Italia	Mujeres	401
2007	50	Zaragoza	01	UE-27_2007	121	Países Bajos	Hombres	128
2007	50	Zaragoza	01	UE-27_2007	121	Países Bajos	Mujeres	85
2007	50	Zaragoza	01	UE-27_2007	122	Polonia	Hombres	824
2007	50	Zaragoza	01	UE-27_2007	122	Polonia	Mujeres	507
2007	50	Zaragoza	01	UE-27_2007	123	Portugal	Hombres	1220
2007	50	Zaragoza	01	UE-27_2007	123	Portugal	Mujeres	692
2007	50	Zaragoza	01	UE-27_2007	125	Reino Unido	Hombres	227
2007	50	Zaragoza	01	UE-27_2007	125	Reino Unido	Mujeres	182
2007	50	Zaragoza	01	UE-27_2007	126	Alemania	Hombres	279
2007	50	Zaragoza	01	UE-27_2007	126	Alemania	Mujeres	239
2007	50	Zaragoza	01	UE-27_2007	128	Rumanía	Hombres	17034
2007	50	Zaragoza	01	UE-27_2007	128	Rumanía	Mujeres	14598
2007	50	Zaragoza	01	UE-27_2007	131	Suecia	Hombres	26
2007	50	Zaragoza	01	UE-27_2007	131	Suecia	Mujeres	27
2007	50	Zaragoza	01	UE-27_2007	136	Letonia	Hombres	7
2007	50	Zaragoza	01	UE-27_2007	136	Letonia	Mujeres	11
2007	50	Zaragoza	01	UE-27_2007	141	Estonia	Hombres	1
2007	50	Zaragoza	01	UE-27_2007	141	Estonia	Mujeres	5
2007	50	Zaragoza	01	UE-27_2007	142	Lituania	Hombres	72
2007	50	Zaragoza	01	UE-27_2007	142	Lituania	Mujeres	69
2007	50	Zaragoza	01	UE-27_2007	143	República Checa	Hombres	31
2007	50	Zaragoza	01	UE-27_2007	143	República Checa	Mujeres	46
2007	50	Zaragoza	01	UE-27_2007	144	Eslovaquia	Hombres	57
2007	50	Zaragoza	01	UE-27_2007	144	Eslovaquia	Mujeres	47
2007	50	Zaragoza	01	UE-27_2007	147	Eslovenia	Hombres	17
2007	50	Zaragoza	01	UE-27_2007	147	Eslovenia	Mujeres	12
2007	50	Zaragoza	02	Resto de Europa	101	Albania	Hombres	19
2007	50	Zaragoza	02	Resto de Europa	101	Albania	Mujeres	13
2007	50	Zaragoza	02	Resto de Europa	120	Noruega	Hombres	11
2007	50	Zaragoza	02	Resto de Europa	120	Noruega	Mujeres	12
2007	50	Zaragoza	02	Resto de Europa	124	Andorra	Hombres	5
2007	50	Zaragoza	02	Resto de Europa	124	Andorra	Mujeres	1
2007	50	Zaragoza	02	Resto de Europa	132	Suiza	Hombres	31
2007	50	Zaragoza	02	Resto de Europa	132	Suiza	Mujeres	11
2007	50	Zaragoza	02	Resto de Europa	135	Ucrania	Hombres	484
2007	50	Zaragoza	02	Resto de Europa	135	Ucrania	Mujeres	606
2007	50	Zaragoza	02	Resto de Europa	137	Moldova	Hombres	120
2007	50	Zaragoza	02	Resto de Europa	137	Moldova	Mujeres	107
2007	50	Zaragoza	02	Resto de Europa	138	Bielorrusia	Hombres	23
2007	50	Zaragoza	02	Resto de Europa	138	Bielorrusia	Mujeres	53
2007	50	Zaragoza	02	Resto de Europa	139	Georgia	Hombres	24
2007	50	Zaragoza	02	Resto de Europa	139	Georgia	Mujeres	12
2007	50	Zaragoza	02	Resto de Europa	145	Bosnia-Herzegovina	Hombres	32
2007	50	Zaragoza	02	Resto de Europa	145	Bosnia-Herzegovina	Mujeres	22
2007	50	Zaragoza	02	Resto de Europa	146	Croacia	Hombres	10
2007	50	Zaragoza	02	Resto de Europa	146	Croacia	Mujeres	9
2007	50	Zaragoza	02	Resto de Europa	148	Armenia	Hombres	35
2007	50	Zaragoza	02	Resto de Europa	148	Armenia	Mujeres	33
2007	50	Zaragoza	02	Resto de Europa	154	Rusia	Hombres	145
2007	50	Zaragoza	02	Resto de Europa	154	Rusia	Mujeres	362
2007	50	Zaragoza	02	Resto de Europa	155	Yugoslavia	Hombres	22
2007	50	Zaragoza	02	Resto de Europa	155	Yugoslavia	Mujeres	11
2007	50	Zaragoza	02	Resto de Europa	436	Turquía	Hombres	16
2007	50	Zaragoza	02	Resto de Europa	436	Turquía	Mujeres	6
2007	50	Zaragoza	03	Magreb	203	Argelia	Hombres	2266
2007	50	Zaragoza	03	Magreb	203	Argelia	Mujeres	883
2007	50	Zaragoza	03	Magreb	224	Libia	Hombres	4
2007	50	Zaragoza	03	Magreb	224	Libia	Mujeres	1
2007	50	Zaragoza	03	Magreb	228	Marruecos	Hombres	4584
2007	50	Zaragoza	03	Magreb	228	Marruecos	Mujeres	2542
2007	50	Zaragoza	03	Magreb	230	Mauritania	Hombres	182
2007	50	Zaragoza	03	Magreb	230	Mauritania	Mujeres	33
2007	50	Zaragoza	03	Magreb	248	Túnez	Hombres	40
2007	50	Zaragoza	03	Magreb	248	Túnez	Mujeres	23
2007	50	Zaragoza	04	Resto de África	201	Burkina Fasso	Hombres	24
2007	50	Zaragoza	04	Resto de África	201	Burkina Fasso	Mujeres	3
2007	50	Zaragoza	04	Resto de África	202	Angola	Hombres	48
2007	50	Zaragoza	04	Resto de África	202	Angola	Mujeres	26
2007	50	Zaragoza	04	Resto de África	204	Benin	Hombres	2
2007	50	Zaragoza	04	Resto de África	204	Benin	Mujeres	2
2007	50	Zaragoza	04	Resto de África	206	Burundi	Mujeres	1
2007	50	Zaragoza	04	Resto de África	207	Cabo Verde	Hombres	222
2007	50	Zaragoza	04	Resto de África	207	Cabo Verde	Mujeres	184
2007	50	Zaragoza	04	Resto de África	208	Camerún	Hombres	88
2007	50	Zaragoza	04	Resto de África	208	Camerún	Mujeres	79
2007	50	Zaragoza	04	Resto de África	210	Congo	Hombres	34
2007	50	Zaragoza	04	Resto de África	210	Congo	Mujeres	10
2007	50	Zaragoza	04	Resto de África	211	Costa de Marfil	Hombres	30
2007	50	Zaragoza	04	Resto de África	211	Costa de Marfil	Mujeres	18
2007	50	Zaragoza	04	Resto de África	213	Egipto	Hombres	131
2007	50	Zaragoza	04	Resto de África	213	Egipto	Mujeres	41
2007	50	Zaragoza	04	Resto de África	214	Etiopía	Hombres	2
2007	50	Zaragoza	04	Resto de África	214	Etiopía	Mujeres	2
2007	50	Zaragoza	04	Resto de África	215	Gabón	Hombres	5
2007	50	Zaragoza	04	Resto de África	215	Gabón	Mujeres	6
2007	50	Zaragoza	04	Resto de África	216	Gambia	Hombres	880
2007	50	Zaragoza	04	Resto de África	216	Gambia	Mujeres	372
2007	50	Zaragoza	04	Resto de África	217	Ghana	Hombres	1205
2007	50	Zaragoza	04	Resto de África	217	Ghana	Mujeres	250
2007	50	Zaragoza	04	Resto de África	218	Guinea	Hombres	304
2007	50	Zaragoza	04	Resto de África	218	Guinea	Mujeres	389
2007	50	Zaragoza	04	Resto de África	219	Guinea Bissau	Hombres	58
2007	50	Zaragoza	04	Resto de África	219	Guinea Bissau	Mujeres	16
2007	50	Zaragoza	04	Resto de África	220	Guinea Ecuatorial	Hombres	235
2007	50	Zaragoza	04	Resto de África	220	Guinea Ecuatorial	Mujeres	468
2007	50	Zaragoza	04	Resto de África	221	Kenia	Hombres	1
2007	50	Zaragoza	04	Resto de África	221	Kenia	Mujeres	4
2007	50	Zaragoza	04	Resto de África	223	Liberia	Hombres	14
2007	50	Zaragoza	04	Resto de África	223	Liberia	Mujeres	8
2007	50	Zaragoza	04	Resto de África	227	Mali	Hombres	350
2007	50	Zaragoza	04	Resto de África	227	Mali	Mujeres	58
2007	50	Zaragoza	04	Resto de África	231	Mozambique	Hombres	1
2007	50	Zaragoza	04	Resto de África	231	Mozambique	Mujeres	1
2007	50	Zaragoza	04	Resto de África	233	Níger	Hombres	6
2007	50	Zaragoza	04	Resto de África	233	Níger	Mujeres	2
2007	50	Zaragoza	04	Resto de África	234	Nigeria	Hombres	311
2007	50	Zaragoza	04	Resto de África	234	Nigeria	Mujeres	293
2007	50	Zaragoza	04	Resto de África	235	República Centroafricana	Hombres	2
2007	50	Zaragoza	04	Resto de África	235	República Centroafricana	Mujeres	2
2007	50	Zaragoza	04	Resto de África	236	Sudáfrica	Hombres	5
2007	50	Zaragoza	04	Resto de África	236	Sudáfrica	Mujeres	1
2007	50	Zaragoza	04	Resto de África	237	Ruanda	Hombres	1
2007	50	Zaragoza	04	Resto de África	239	Senegal	Hombres	1540
2007	50	Zaragoza	04	Resto de África	239	Senegal	Mujeres	268
2007	50	Zaragoza	04	Resto de África	241	Sierra Leona	Hombres	9
2007	50	Zaragoza	04	Resto de África	241	Sierra Leona	Mujeres	7
2007	50	Zaragoza	04	Resto de África	243	Sudán	Hombres	8
2007	50	Zaragoza	04	Resto de África	243	Sudán	Mujeres	9
2007	50	Zaragoza	04	Resto de África	246	Chad	Hombres	2
2007	50	Zaragoza	04	Resto de África	247	Togo	Hombres	12
2007	50	Zaragoza	04	Resto de África	247	Togo	Mujeres	9
2007	50	Zaragoza	04	Resto de África	250	Rep. Democrática del Congo	Hombres	67
2007	50	Zaragoza	04	Resto de África	250	Rep. Democrática del Congo	Mujeres	25
2007	50	Zaragoza	04	Resto de África	251	Zambia	Mujeres	1
2007	50	Zaragoza	04	Resto de África	299	Países sin relaciones diplomáticas	Mujeres	1
2007	50	Zaragoza	05	América del Norte	301	Canadá	Hombres	13
2007	50	Zaragoza	05	América del Norte	301	Canadá	Mujeres	16
2007	50	Zaragoza	05	América del Norte	302	Estados Unidos de América	Hombres	215
2007	50	Zaragoza	05	América del Norte	302	Estados Unidos de América	Mujeres	124
2007	50	Zaragoza	06	Resto de América	303	México	Hombres	106
2007	50	Zaragoza	06	Resto de América	303	México	Mujeres	189
2007	50	Zaragoza	06	Resto de América	314	Costa Rica	Hombres	16
2007	50	Zaragoza	06	Resto de América	314	Costa Rica	Mujeres	10
2007	50	Zaragoza	06	Resto de América	315	Cuba	Hombres	342
2007	50	Zaragoza	06	Resto de América	315	Cuba	Mujeres	477
2007	50	Zaragoza	06	Resto de América	316	Dominica	Hombres	2
2007	50	Zaragoza	06	Resto de América	316	Dominica	Mujeres	14
2007	50	Zaragoza	06	Resto de América	317	El Salvador	Hombres	61
2007	50	Zaragoza	06	Resto de América	317	El Salvador	Mujeres	96
2007	50	Zaragoza	06	Resto de América	319	Guatemala	Hombres	22
2007	50	Zaragoza	06	Resto de América	319	Guatemala	Mujeres	23
2007	50	Zaragoza	06	Resto de América	321	Honduras	Hombres	138
2007	50	Zaragoza	06	Resto de América	321	Honduras	Mujeres	252
2007	50	Zaragoza	06	Resto de América	323	Nicaragua	Hombres	290
2007	50	Zaragoza	06	Resto de América	323	Nicaragua	Mujeres	900
2007	50	Zaragoza	06	Resto de América	324	Panamá	Hombres	21
2007	50	Zaragoza	06	Resto de América	324	Panamá	Mujeres	25
2007	50	Zaragoza	06	Resto de América	326	República Dominicana	Hombres	406
2007	50	Zaragoza	06	Resto de América	326	República Dominicana	Mujeres	702
2007	50	Zaragoza	06	Resto de América	340	Argentina	Hombres	611
2007	50	Zaragoza	06	Resto de América	340	Argentina	Mujeres	653
2007	50	Zaragoza	06	Resto de América	341	Bolivia	Hombres	261
2007	50	Zaragoza	06	Resto de América	341	Bolivia	Mujeres	342
2007	50	Zaragoza	06	Resto de América	342	Brasil	Hombres	495
2007	50	Zaragoza	06	Resto de América	342	Brasil	Mujeres	1001
2007	50	Zaragoza	06	Resto de América	343	Colombia	Hombres	1913
2007	50	Zaragoza	06	Resto de América	343	Colombia	Mujeres	2659
2007	50	Zaragoza	06	Resto de América	344	Chile	Hombres	321
2007	50	Zaragoza	06	Resto de América	344	Chile	Mujeres	318
2007	50	Zaragoza	06	Resto de América	345	Ecuador	Hombres	4790
2007	50	Zaragoza	06	Resto de América	345	Ecuador	Mujeres	5209
2007	50	Zaragoza	06	Resto de América	347	Paraguay	Hombres	41
2007	50	Zaragoza	06	Resto de América	347	Paraguay	Mujeres	141
2007	50	Zaragoza	06	Resto de América	348	Perú	Hombres	596
2007	50	Zaragoza	06	Resto de América	348	Perú	Mujeres	659
2007	50	Zaragoza	06	Resto de América	350	Uruguay	Hombres	155
2007	50	Zaragoza	06	Resto de América	350	Uruguay	Mujeres	164
2007	50	Zaragoza	06	Resto de América	351	Venezuela	Hombres	255
2007	50	Zaragoza	06	Resto de América	351	Venezuela	Mujeres	444
2007	50	Zaragoza	07	Asia	401	Afganistán	Hombres	1
2007	50	Zaragoza	07	Asia	402	Arabia Saudí	Hombres	1
2007	50	Zaragoza	07	Asia	404	Bangladesh	Hombres	11
2007	50	Zaragoza	07	Asia	404	Bangladesh	Mujeres	3
2007	50	Zaragoza	07	Asia	407	China	Hombres	1382
2007	50	Zaragoza	07	Asia	407	China	Mujeres	1183
2007	50	Zaragoza	07	Asia	409	Filipinas	Hombres	7
2007	50	Zaragoza	07	Asia	409	Filipinas	Mujeres	8
2007	50	Zaragoza	07	Asia	410	India	Hombres	37
2007	50	Zaragoza	07	Asia	410	India	Mujeres	44
2007	50	Zaragoza	07	Asia	411	Indonesia	Mujeres	1
2007	50	Zaragoza	07	Asia	413	Irán	Hombres	6
2007	50	Zaragoza	07	Asia	413	Irán	Mujeres	4
2007	50	Zaragoza	07	Asia	414	Israel	Hombres	2
2007	50	Zaragoza	07	Asia	414	Israel	Mujeres	3
2007	50	Zaragoza	07	Asia	415	Japón	Hombres	5
2007	50	Zaragoza	07	Asia	415	Japón	Mujeres	16
2007	50	Zaragoza	07	Asia	416	Jordania	Hombres	21
2007	50	Zaragoza	07	Asia	416	Jordania	Mujeres	14
2007	50	Zaragoza	07	Asia	418	Kuwait	Mujeres	1
2007	50	Zaragoza	07	Asia	419	Laos	Hombres	1
2007	50	Zaragoza	07	Asia	420	Líbano	Hombres	13
2007	50	Zaragoza	07	Asia	420	Líbano	Mujeres	9
2007	50	Zaragoza	07	Asia	421	Malasia	Hombres	1
2007	50	Zaragoza	07	Asia	424	Nepal	Hombres	5
2007	50	Zaragoza	07	Asia	424	Nepal	Mujeres	2
2007	50	Zaragoza	07	Asia	426	Pakistán	Hombres	362
2007	50	Zaragoza	07	Asia	426	Pakistán	Mujeres	25
2007	50	Zaragoza	07	Asia	430	República de Corea	Hombres	7
2007	50	Zaragoza	07	Asia	430	República de Corea	Mujeres	3
2007	50	Zaragoza	07	Asia	433	Siria	Hombres	23
2007	50	Zaragoza	07	Asia	433	Siria	Mujeres	8
2007	50	Zaragoza	07	Asia	435	Tailandia	Mujeres	6
2007	50	Zaragoza	07	Asia	437	Vietnam	Hombres	2
2007	50	Zaragoza	07	Asia	437	Vietnam	Mujeres	2
2007	50	Zaragoza	07	Asia	442	Azerbaiyan	Hombres	3
2007	50	Zaragoza	07	Asia	443	Kazajstan	Hombres	1
2007	50	Zaragoza	07	Asia	443	Kazajstan	Mujeres	6
2007	50	Zaragoza	07	Asia	444	Kirgvistan	Mujeres	7
2007	50	Zaragoza	07	Asia	447	Uzbekistán	Hombres	3
2007	50	Zaragoza	07	Asia	447	Uzbekistán	Mujeres	8
2007	50	Zaragoza	07	Asia	499	Países sin relaciones diplomáticas	Hombres	3
2007	50	Zaragoza	07	Asia	499	Países sin relaciones diplomáticas	Mujeres	3
2007	50	Zaragoza	08	Oceanía	501	Australia	Hombres	3
2007	50	Zaragoza	08	Oceanía	501	Australia	Mujeres	4
2007	50	Zaragoza	08	Oceanía	504	Nueva Zelanda	Mujeres	4
2007	50	Zaragoza	09	Apátridas y no consta	555	Apátridas	Hombres	20
2007	50	Zaragoza	09	Apátridas y no consta	555	Apátridas	Mujeres	8
2008	22	Huesca	01	UE-27_2007	102	Austria	Hombres	11
2008	22	Huesca	01	UE-27_2007	102	Austria	Mujeres	4
2008	22	Huesca	01	UE-27_2007	103	Bélgica	Hombres	40
2008	22	Huesca	01	UE-27_2007	103	Bélgica	Mujeres	42
2008	22	Huesca	01	UE-27_2007	104	Bulgaria	Hombres	962
2008	22	Huesca	01	UE-27_2007	104	Bulgaria	Mujeres	774
2008	22	Huesca	01	UE-27_2007	107	Dinamarca	Hombres	3
2008	22	Huesca	01	UE-27_2007	107	Dinamarca	Mujeres	5
2008	22	Huesca	01	UE-27_2007	109	Finlandia	Hombres	1
2008	22	Huesca	01	UE-27_2007	109	Finlandia	Mujeres	4
2008	22	Huesca	01	UE-27_2007	110	Francia	Hombres	245
2008	22	Huesca	01	UE-27_2007	110	Francia	Mujeres	248
2008	22	Huesca	01	UE-27_2007	111	Grecia	Hombres	4
2008	22	Huesca	01	UE-27_2007	111	Grecia	Mujeres	4
2008	22	Huesca	01	UE-27_2007	112	Hungría	Hombres	9
2008	22	Huesca	01	UE-27_2007	112	Hungría	Mujeres	8
2008	22	Huesca	01	UE-27_2007	113	Irlanda	Hombres	10
2008	22	Huesca	01	UE-27_2007	113	Irlanda	Mujeres	7
2008	22	Huesca	01	UE-27_2007	115	Italia	Hombres	122
2008	22	Huesca	01	UE-27_2007	115	Italia	Mujeres	72
2008	22	Huesca	01	UE-27_2007	121	Países Bajos	Hombres	57
2008	22	Huesca	01	UE-27_2007	121	Países Bajos	Mujeres	64
2008	22	Huesca	01	UE-27_2007	122	Polonia	Hombres	404
2008	22	Huesca	01	UE-27_2007	122	Polonia	Mujeres	320
2008	22	Huesca	01	UE-27_2007	123	Portugal	Hombres	641
2008	22	Huesca	01	UE-27_2007	123	Portugal	Mujeres	303
2008	22	Huesca	01	UE-27_2007	125	Reino Unido	Hombres	93
2008	22	Huesca	01	UE-27_2007	125	Reino Unido	Mujeres	87
2008	22	Huesca	01	UE-27_2007	126	Alemania	Hombres	87
2008	22	Huesca	01	UE-27_2007	126	Alemania	Mujeres	77
2008	22	Huesca	01	UE-27_2007	128	Rumanía	Hombres	3442
2008	22	Huesca	01	UE-27_2007	128	Rumanía	Mujeres	2946
2008	22	Huesca	01	UE-27_2007	131	Suecia	Hombres	1
2008	22	Huesca	01	UE-27_2007	131	Suecia	Mujeres	2
2008	22	Huesca	01	UE-27_2007	136	Letonia	Hombres	9
2008	22	Huesca	01	UE-27_2007	136	Letonia	Mujeres	9
2008	22	Huesca	01	UE-27_2007	141	Estonia	Mujeres	2
2008	22	Huesca	01	UE-27_2007	142	Lituania	Hombres	161
2008	22	Huesca	01	UE-27_2007	142	Lituania	Mujeres	142
2008	22	Huesca	01	UE-27_2007	143	República Checa	Hombres	18
2008	22	Huesca	01	UE-27_2007	143	República Checa	Mujeres	12
2008	22	Huesca	01	UE-27_2007	144	Eslovaquia	Hombres	24
2008	22	Huesca	01	UE-27_2007	144	Eslovaquia	Mujeres	16
2008	22	Huesca	01	UE-27_2007	147	Eslovenia	Mujeres	1
2008	22	Huesca	02	Resto de Europa	101	Albania	Hombres	2
2008	22	Huesca	02	Resto de Europa	101	Albania	Mujeres	2
2008	22	Huesca	02	Resto de Europa	120	Noruega	Hombres	1
2008	22	Huesca	02	Resto de Europa	120	Noruega	Mujeres	1
2008	22	Huesca	02	Resto de Europa	124	Andorra	Hombres	2
2008	22	Huesca	02	Resto de Europa	124	Andorra	Mujeres	2
2008	22	Huesca	02	Resto de Europa	132	Suiza	Hombres	13
2008	22	Huesca	02	Resto de Europa	132	Suiza	Mujeres	13
2008	22	Huesca	02	Resto de Europa	135	Ucrania	Hombres	294
2008	22	Huesca	02	Resto de Europa	135	Ucrania	Mujeres	252
2008	22	Huesca	02	Resto de Europa	137	Moldova	Hombres	14
2008	22	Huesca	02	Resto de Europa	137	Moldova	Mujeres	12
2008	22	Huesca	02	Resto de Europa	138	Bielorrusia	Hombres	9
2008	22	Huesca	02	Resto de Europa	138	Bielorrusia	Mujeres	7
2008	22	Huesca	02	Resto de Europa	139	Georgia	Hombres	4
2008	22	Huesca	02	Resto de Europa	139	Georgia	Mujeres	5
2008	22	Huesca	02	Resto de Europa	146	Croacia	Mujeres	1
2008	22	Huesca	02	Resto de Europa	148	Armenia	Hombres	29
2008	22	Huesca	02	Resto de Europa	148	Armenia	Mujeres	23
2008	22	Huesca	02	Resto de Europa	154	Rusia	Hombres	35
2008	22	Huesca	02	Resto de Europa	154	Rusia	Mujeres	71
2008	22	Huesca	02	Resto de Europa	157	Serbia	Hombres	7
2008	22	Huesca	02	Resto de Europa	157	Serbia	Mujeres	7
2008	22	Huesca	02	Resto de Europa	436	Turquía	Hombres	2
2008	22	Huesca	02	Resto de Europa	436	Turquía	Mujeres	2
2008	22	Huesca	03	Magreb	203	Argelia	Hombres	600
2008	22	Huesca	03	Magreb	203	Argelia	Mujeres	229
2008	22	Huesca	03	Magreb	228	Marruecos	Hombres	2032
2008	22	Huesca	03	Magreb	228	Marruecos	Mujeres	1203
2008	22	Huesca	03	Magreb	230	Mauritania	Hombres	88
2008	22	Huesca	03	Magreb	230	Mauritania	Mujeres	16
2008	22	Huesca	03	Magreb	248	Túnez	Hombres	3
2008	22	Huesca	03	Magreb	248	Túnez	Mujeres	2
2008	22	Huesca	04	Resto de África	201	Burkina Fasso	Hombres	37
2008	22	Huesca	04	Resto de África	201	Burkina Fasso	Mujeres	13
2008	22	Huesca	04	Resto de África	202	Angola	Hombres	6
2008	22	Huesca	04	Resto de África	202	Angola	Mujeres	3
2008	22	Huesca	04	Resto de África	204	Benin	Hombres	1
2008	22	Huesca	04	Resto de África	207	Cabo Verde	Hombres	14
2008	22	Huesca	04	Resto de África	207	Cabo Verde	Mujeres	7
2008	22	Huesca	04	Resto de África	208	Camerún	Hombres	7
2008	22	Huesca	04	Resto de África	208	Camerún	Mujeres	1
2008	22	Huesca	04	Resto de África	211	Costa de Marfil	Hombres	31
2008	22	Huesca	04	Resto de África	211	Costa de Marfil	Mujeres	9
2008	22	Huesca	04	Resto de África	216	Gambia	Hombres	461
2008	22	Huesca	04	Resto de África	216	Gambia	Mujeres	142
2008	22	Huesca	04	Resto de África	217	Ghana	Hombres	43
2008	22	Huesca	04	Resto de África	217	Ghana	Mujeres	23
2008	22	Huesca	04	Resto de África	218	Guinea	Hombres	176
2008	22	Huesca	04	Resto de África	218	Guinea	Mujeres	57
2008	22	Huesca	04	Resto de África	219	Guinea Bissau	Hombres	10
2008	22	Huesca	04	Resto de África	219	Guinea Bissau	Mujeres	2
2008	22	Huesca	04	Resto de África	220	Guinea Ecuatorial	Hombres	7
2008	22	Huesca	04	Resto de África	220	Guinea Ecuatorial	Mujeres	16
2008	22	Huesca	04	Resto de África	221	Kenia	Mujeres	13
2008	22	Huesca	04	Resto de África	223	Liberia	Hombres	3
2008	22	Huesca	04	Resto de África	223	Liberia	Mujeres	2
2008	22	Huesca	04	Resto de África	227	Mali	Hombres	691
2008	22	Huesca	04	Resto de África	227	Mali	Mujeres	94
2008	22	Huesca	04	Resto de África	231	Mozambique	Mujeres	1
2008	22	Huesca	04	Resto de África	232	Namibia	Hombres	1
2008	22	Huesca	04	Resto de África	233	Níger	Hombres	9
2008	22	Huesca	04	Resto de África	233	Níger	Mujeres	2
2008	22	Huesca	04	Resto de África	234	Nigeria	Hombres	64
2008	22	Huesca	04	Resto de África	234	Nigeria	Mujeres	32
2008	22	Huesca	04	Resto de África	236	Sudáfrica	Hombres	1
2008	22	Huesca	04	Resto de África	237	Ruanda	Mujeres	2
2008	22	Huesca	04	Resto de África	238	Santo Tome y Príncipe	Mujeres	1
2008	22	Huesca	04	Resto de África	239	Senegal	Hombres	370
2008	22	Huesca	04	Resto de África	239	Senegal	Mujeres	39
2008	22	Huesca	04	Resto de África	241	Sierra Leona	Hombres	2
2008	22	Huesca	04	Resto de África	241	Sierra Leona	Mujeres	3
2008	22	Huesca	04	Resto de África	247	Togo	Mujeres	1
2008	22	Huesca	04	Resto de África	252	Zimbabwe	Hombres	1
2008	22	Huesca	04	Resto de África	299	Países sin relaciones diplomáticas	Hombres	2
2008	22	Huesca	05	América del Norte	301	Canadá	Hombres	3
2008	22	Huesca	05	América del Norte	301	Canadá	Mujeres	4
2008	22	Huesca	05	América del Norte	302	Estados Unidos de América	Hombres	26
2008	22	Huesca	05	América del Norte	302	Estados Unidos de América	Mujeres	17
2008	22	Huesca	06	Resto de América	303	México	Hombres	28
2008	22	Huesca	06	Resto de América	303	México	Mujeres	40
2008	22	Huesca	06	Resto de América	313	Belice	Mujeres	1
2008	22	Huesca	06	Resto de América	314	Costa Rica	Mujeres	1
2008	22	Huesca	06	Resto de América	315	Cuba	Hombres	66
2008	22	Huesca	06	Resto de América	315	Cuba	Mujeres	114
2008	22	Huesca	06	Resto de América	316	Dominica	Hombres	2
2008	22	Huesca	06	Resto de América	316	Dominica	Mujeres	3
2008	22	Huesca	06	Resto de América	317	El Salvador	Hombres	1
2008	22	Huesca	06	Resto de América	317	El Salvador	Mujeres	4
2008	22	Huesca	06	Resto de América	319	Guatemala	Hombres	11
2008	22	Huesca	06	Resto de América	319	Guatemala	Mujeres	19
2008	22	Huesca	06	Resto de América	321	Honduras	Hombres	20
2008	22	Huesca	06	Resto de América	321	Honduras	Mujeres	29
2008	22	Huesca	06	Resto de América	323	Nicaragua	Hombres	7
2008	22	Huesca	06	Resto de América	323	Nicaragua	Mujeres	59
2008	22	Huesca	06	Resto de América	324	Panamá	Hombres	4
2008	22	Huesca	06	Resto de América	324	Panamá	Mujeres	8
2008	22	Huesca	06	Resto de América	326	República Dominicana	Hombres	163
2008	22	Huesca	06	Resto de América	326	República Dominicana	Mujeres	273
2008	22	Huesca	06	Resto de América	340	Argentina	Hombres	263
2008	22	Huesca	06	Resto de América	340	Argentina	Mujeres	285
2008	22	Huesca	06	Resto de América	341	Bolivia	Hombres	169
2008	22	Huesca	06	Resto de América	341	Bolivia	Mujeres	228
2008	22	Huesca	06	Resto de América	342	Brasil	Hombres	77
2008	22	Huesca	06	Resto de América	342	Brasil	Mujeres	184
2008	22	Huesca	06	Resto de América	343	Colombia	Hombres	525
2008	22	Huesca	06	Resto de América	343	Colombia	Mujeres	590
2008	22	Huesca	06	Resto de América	344	Chile	Hombres	48
2008	22	Huesca	06	Resto de América	344	Chile	Mujeres	38
2008	22	Huesca	06	Resto de América	345	Ecuador	Hombres	543
2008	22	Huesca	06	Resto de América	345	Ecuador	Mujeres	588
2008	22	Huesca	06	Resto de América	347	Paraguay	Hombres	12
2008	22	Huesca	06	Resto de América	347	Paraguay	Mujeres	35
2008	22	Huesca	06	Resto de América	348	Perú	Hombres	107
2008	22	Huesca	06	Resto de América	348	Perú	Mujeres	107
2008	22	Huesca	06	Resto de América	350	Uruguay	Hombres	93
2008	22	Huesca	06	Resto de América	350	Uruguay	Mujeres	104
2008	22	Huesca	06	Resto de América	351	Venezuela	Hombres	67
2008	22	Huesca	06	Resto de América	351	Venezuela	Mujeres	105
2008	22	Huesca	07	Asia	404	Bangladesh	Hombres	1
2008	22	Huesca	07	Asia	407	China	Hombres	181
2008	22	Huesca	07	Asia	407	China	Mujeres	125
2008	22	Huesca	07	Asia	409	Filipinas	Hombres	3
2008	22	Huesca	07	Asia	409	Filipinas	Mujeres	5
2008	22	Huesca	07	Asia	410	India	Mujeres	4
2008	22	Huesca	07	Asia	414	Israel	Hombres	1
2008	22	Huesca	07	Asia	414	Israel	Mujeres	1
2008	22	Huesca	07	Asia	415	Japón	Hombres	3
2008	22	Huesca	07	Asia	415	Japón	Mujeres	2
2008	22	Huesca	07	Asia	416	Jordania	Hombres	1
2008	22	Huesca	07	Asia	419	Laos	Mujeres	1
2008	22	Huesca	07	Asia	420	Líbano	Hombres	1
2008	22	Huesca	07	Asia	421	Malasia	Hombres	1
2008	22	Huesca	07	Asia	423	Mongolia	Mujeres	1
2008	22	Huesca	07	Asia	424	Nepal	Hombres	1
2008	22	Huesca	07	Asia	424	Nepal	Mujeres	1
2008	22	Huesca	07	Asia	426	Pakistán	Hombres	30
2008	22	Huesca	07	Asia	426	Pakistán	Mujeres	8
2008	22	Huesca	07	Asia	430	República de Corea	Hombres	1
2008	22	Huesca	07	Asia	430	República de Corea	Mujeres	1
2008	22	Huesca	07	Asia	435	Tailandia	Mujeres	8
2008	22	Huesca	07	Asia	447	Uzbekistán	Hombres	1
2008	22	Huesca	07	Asia	499	Países sin relaciones diplomáticas	Hombres	7
2008	22	Huesca	07	Asia	499	Países sin relaciones diplomáticas	Mujeres	3
2008	22	Huesca	08	Oceanía	501	Australia	Hombres	4
2008	22	Huesca	08	Oceanía	501	Australia	Mujeres	3
2008	22	Huesca	08	Oceanía	504	Nueva Zelanda	Hombres	1
2008	22	Huesca	08	Oceanía	511	Micronesia	Hombres	5
2008	22	Huesca	08	Oceanía	511	Micronesia	Mujeres	1
2008	22	Huesca	08	Oceanía	512	Tuvalu	Hombres	1
2008	22	Huesca	08	Oceanía	515	Nauru	Hombres	1
2008	22	Huesca	08	Oceanía	515	Nauru	Mujeres	2
2008	22	Huesca	08	Oceanía	516	Palaos	Hombres	4
2008	22	Huesca	08	Oceanía	516	Palaos	Mujeres	2
2008	44	Teruel	01	UE-27_2007	102	Austria	Hombres	2
2008	44	Teruel	01	UE-27_2007	103	Bélgica	Hombres	11
2008	44	Teruel	01	UE-27_2007	103	Bélgica	Mujeres	12
2008	44	Teruel	01	UE-27_2007	104	Bulgaria	Hombres	190
2008	44	Teruel	01	UE-27_2007	104	Bulgaria	Mujeres	142
2008	44	Teruel	01	UE-27_2007	107	Dinamarca	Hombres	1
2008	44	Teruel	01	UE-27_2007	109	Finlandia	Hombres	1
2008	44	Teruel	01	UE-27_2007	109	Finlandia	Mujeres	1
2008	44	Teruel	01	UE-27_2007	110	Francia	Hombres	62
2008	44	Teruel	01	UE-27_2007	110	Francia	Mujeres	70
2008	44	Teruel	01	UE-27_2007	111	Grecia	Hombres	5
2008	44	Teruel	01	UE-27_2007	112	Hungría	Hombres	8
2008	44	Teruel	01	UE-27_2007	112	Hungría	Mujeres	7
2008	44	Teruel	01	UE-27_2007	113	Irlanda	Hombres	4
2008	44	Teruel	01	UE-27_2007	113	Irlanda	Mujeres	4
2008	44	Teruel	01	UE-27_2007	115	Italia	Hombres	97
2008	44	Teruel	01	UE-27_2007	115	Italia	Mujeres	37
2008	44	Teruel	01	UE-27_2007	121	Países Bajos	Hombres	12
2008	44	Teruel	01	UE-27_2007	121	Países Bajos	Mujeres	11
2008	44	Teruel	01	UE-27_2007	122	Polonia	Hombres	564
2008	44	Teruel	01	UE-27_2007	122	Polonia	Mujeres	343
2008	44	Teruel	01	UE-27_2007	123	Portugal	Hombres	468
2008	44	Teruel	01	UE-27_2007	123	Portugal	Mujeres	123
2008	44	Teruel	01	UE-27_2007	125	Reino Unido	Hombres	63
2008	44	Teruel	01	UE-27_2007	125	Reino Unido	Mujeres	50
2008	44	Teruel	01	UE-27_2007	126	Alemania	Hombres	47
2008	44	Teruel	01	UE-27_2007	126	Alemania	Mujeres	39
2008	44	Teruel	01	UE-27_2007	128	Rumanía	Hombres	3739
2008	44	Teruel	01	UE-27_2007	128	Rumanía	Mujeres	2927
2008	44	Teruel	01	UE-27_2007	131	Suecia	Hombres	3
2008	44	Teruel	01	UE-27_2007	131	Suecia	Mujeres	2
2008	44	Teruel	01	UE-27_2007	136	Letonia	Hombres	9
2008	44	Teruel	01	UE-27_2007	136	Letonia	Mujeres	5
2008	44	Teruel	01	UE-27_2007	142	Lituania	Hombres	6
2008	44	Teruel	01	UE-27_2007	142	Lituania	Mujeres	6
2008	44	Teruel	01	UE-27_2007	143	República Checa	Hombres	28
2008	44	Teruel	01	UE-27_2007	143	República Checa	Mujeres	21
2008	44	Teruel	01	UE-27_2007	144	Eslovaquia	Hombres	1
2008	44	Teruel	01	UE-27_2007	144	Eslovaquia	Mujeres	2
2008	44	Teruel	02	Resto de Europa	101	Albania	Hombres	5
2008	44	Teruel	02	Resto de Europa	101	Albania	Mujeres	6
2008	44	Teruel	02	Resto de Europa	114	Islandia	Hombres	1
2008	44	Teruel	02	Resto de Europa	132	Suiza	Hombres	3
2008	44	Teruel	02	Resto de Europa	132	Suiza	Mujeres	6
2008	44	Teruel	02	Resto de Europa	135	Ucrania	Hombres	93
2008	44	Teruel	02	Resto de Europa	135	Ucrania	Mujeres	76
2008	44	Teruel	02	Resto de Europa	137	Moldova	Hombres	40
2008	44	Teruel	02	Resto de Europa	137	Moldova	Mujeres	18
2008	44	Teruel	02	Resto de Europa	138	Bielorrusia	Hombres	1
2008	44	Teruel	02	Resto de Europa	138	Bielorrusia	Mujeres	3
2008	44	Teruel	02	Resto de Europa	139	Georgia	Mujeres	2
2008	44	Teruel	02	Resto de Europa	145	Bosnia-Herzegovina	Hombres	2
2008	44	Teruel	02	Resto de Europa	146	Croacia	Hombres	2
2008	44	Teruel	02	Resto de Europa	146	Croacia	Mujeres	1
2008	44	Teruel	02	Resto de Europa	148	Armenia	Hombres	6
2008	44	Teruel	02	Resto de Europa	148	Armenia	Mujeres	2
2008	44	Teruel	02	Resto de Europa	154	Rusia	Hombres	5
2008	44	Teruel	02	Resto de Europa	154	Rusia	Mujeres	16
2008	44	Teruel	02	Resto de Europa	157	Serbia	Hombres	1
2008	44	Teruel	02	Resto de Europa	157	Serbia	Mujeres	2
2008	44	Teruel	02	Resto de Europa	436	Turquía	Hombres	9
2008	44	Teruel	02	Resto de Europa	436	Turquía	Mujeres	4
2008	44	Teruel	03	Magreb	203	Argelia	Hombres	159
2008	44	Teruel	03	Magreb	203	Argelia	Mujeres	62
2008	44	Teruel	03	Magreb	228	Marruecos	Hombres	2746
2008	44	Teruel	03	Magreb	228	Marruecos	Mujeres	928
2008	44	Teruel	03	Magreb	230	Mauritania	Hombres	3
2008	44	Teruel	03	Magreb	248	Túnez	Hombres	1
2008	44	Teruel	03	Magreb	248	Túnez	Mujeres	3
2008	44	Teruel	04	Resto de África	207	Cabo Verde	Hombres	21
2008	44	Teruel	04	Resto de África	207	Cabo Verde	Mujeres	19
2008	44	Teruel	04	Resto de África	208	Camerún	Hombres	1
2008	44	Teruel	04	Resto de África	213	Egipto	Hombres	1
2008	44	Teruel	04	Resto de África	216	Gambia	Hombres	20
2008	44	Teruel	04	Resto de África	216	Gambia	Mujeres	22
2008	44	Teruel	04	Resto de África	217	Ghana	Hombres	10
2008	44	Teruel	04	Resto de África	219	Guinea Bissau	Hombres	1
2008	44	Teruel	04	Resto de África	227	Mali	Hombres	13
2008	44	Teruel	04	Resto de África	234	Nigeria	Hombres	1
2008	44	Teruel	04	Resto de África	234	Nigeria	Mujeres	1
2008	44	Teruel	04	Resto de África	237	Ruanda	Hombres	1
2008	44	Teruel	04	Resto de África	239	Senegal	Hombres	28
2008	44	Teruel	04	Resto de África	239	Senegal	Mujeres	3
2008	44	Teruel	05	América del Norte	301	Canadá	Mujeres	2
2008	44	Teruel	05	América del Norte	302	Estados Unidos de América	Hombres	8
2008	44	Teruel	05	América del Norte	302	Estados Unidos de América	Mujeres	9
2008	44	Teruel	06	Resto de América	303	México	Hombres	1
2008	44	Teruel	06	Resto de América	303	México	Mujeres	15
2008	44	Teruel	06	Resto de América	315	Cuba	Hombres	73
2008	44	Teruel	06	Resto de América	315	Cuba	Mujeres	87
2008	44	Teruel	06	Resto de América	316	Dominica	Hombres	1
2008	44	Teruel	06	Resto de América	316	Dominica	Mujeres	1
2008	44	Teruel	06	Resto de América	319	Guatemala	Mujeres	2
2008	44	Teruel	06	Resto de América	321	Honduras	Hombres	1
2008	44	Teruel	06	Resto de América	321	Honduras	Mujeres	3
2008	44	Teruel	06	Resto de América	323	Nicaragua	Mujeres	7
2008	44	Teruel	06	Resto de América	326	República Dominicana	Hombres	136
2008	44	Teruel	06	Resto de América	326	República Dominicana	Mujeres	189
2008	44	Teruel	06	Resto de América	340	Argentina	Hombres	160
2008	44	Teruel	06	Resto de América	340	Argentina	Mujeres	192
2008	44	Teruel	06	Resto de América	341	Bolivia	Hombres	57
2008	44	Teruel	06	Resto de América	341	Bolivia	Mujeres	49
2008	44	Teruel	06	Resto de América	342	Brasil	Hombres	96
2008	44	Teruel	06	Resto de América	342	Brasil	Mujeres	218
2008	44	Teruel	06	Resto de América	343	Colombia	Hombres	485
2008	44	Teruel	06	Resto de América	343	Colombia	Mujeres	482
2008	44	Teruel	06	Resto de América	344	Chile	Hombres	53
2008	44	Teruel	06	Resto de América	344	Chile	Mujeres	66
2008	44	Teruel	06	Resto de América	345	Ecuador	Hombres	174
2008	44	Teruel	06	Resto de América	345	Ecuador	Mujeres	138
2008	44	Teruel	06	Resto de América	347	Paraguay	Hombres	23
2008	44	Teruel	06	Resto de América	347	Paraguay	Mujeres	23
2008	44	Teruel	06	Resto de América	348	Perú	Hombres	94
2008	44	Teruel	06	Resto de América	348	Perú	Mujeres	103
2008	44	Teruel	06	Resto de América	350	Uruguay	Hombres	30
2008	44	Teruel	06	Resto de América	350	Uruguay	Mujeres	28
2008	44	Teruel	06	Resto de América	351	Venezuela	Hombres	21
2008	44	Teruel	06	Resto de América	351	Venezuela	Mujeres	22
2008	44	Teruel	07	Asia	407	China	Hombres	48
2008	44	Teruel	07	Asia	407	China	Mujeres	38
2008	44	Teruel	07	Asia	409	Filipinas	Mujeres	1
2008	44	Teruel	07	Asia	410	India	Hombres	2
2008	44	Teruel	07	Asia	410	India	Mujeres	1
2008	44	Teruel	07	Asia	412	Irak	Hombres	1
2008	44	Teruel	07	Asia	413	Irán	Hombres	2
2008	44	Teruel	07	Asia	413	Irán	Mujeres	1
2008	44	Teruel	07	Asia	420	Líbano	Hombres	1
2008	44	Teruel	07	Asia	426	Pakistán	Hombres	325
2008	44	Teruel	07	Asia	426	Pakistán	Mujeres	89
2008	44	Teruel	07	Asia	434	Sri-Lanka	Hombres	1
2008	44	Teruel	07	Asia	434	Sri-Lanka	Mujeres	1
2008	44	Teruel	07	Asia	443	Kazajstan	Hombres	2
2008	44	Teruel	07	Asia	443	Kazajstan	Mujeres	4
2008	44	Teruel	07	Asia	499	Países sin relaciones diplomáticas	Hombres	1
2008	44	Teruel	08	Oceanía	501	Australia	Hombres	1
2008	44	Teruel	08	Oceanía	501	Australia	Mujeres	4
2008	50	Zaragoza	01	UE-27_2007	102	Austria	Hombres	17
2008	50	Zaragoza	01	UE-27_2007	102	Austria	Mujeres	17
2008	50	Zaragoza	01	UE-27_2007	103	Bélgica	Hombres	66
2008	50	Zaragoza	01	UE-27_2007	103	Bélgica	Mujeres	49
2008	50	Zaragoza	01	UE-27_2007	104	Bulgaria	Hombres	1824
2008	50	Zaragoza	01	UE-27_2007	104	Bulgaria	Mujeres	1458
2008	50	Zaragoza	01	UE-27_2007	106	Chipre	Mujeres	2
2008	50	Zaragoza	01	UE-27_2007	107	Dinamarca	Hombres	26
2008	50	Zaragoza	01	UE-27_2007	107	Dinamarca	Mujeres	7
2008	50	Zaragoza	01	UE-27_2007	109	Finlandia	Hombres	5
2008	50	Zaragoza	01	UE-27_2007	109	Finlandia	Mujeres	19
2008	50	Zaragoza	01	UE-27_2007	110	Francia	Hombres	507
2008	50	Zaragoza	01	UE-27_2007	110	Francia	Mujeres	583
2008	50	Zaragoza	01	UE-27_2007	111	Grecia	Hombres	23
2008	50	Zaragoza	01	UE-27_2007	111	Grecia	Mujeres	13
2008	50	Zaragoza	01	UE-27_2007	112	Hungría	Hombres	46
2008	50	Zaragoza	01	UE-27_2007	112	Hungría	Mujeres	45
2008	50	Zaragoza	01	UE-27_2007	113	Irlanda	Hombres	27
2008	50	Zaragoza	01	UE-27_2007	113	Irlanda	Mujeres	22
2008	50	Zaragoza	01	UE-27_2007	115	Italia	Hombres	813
2008	50	Zaragoza	01	UE-27_2007	115	Italia	Mujeres	484
2008	50	Zaragoza	01	UE-27_2007	118	Malta	Hombres	1
2008	50	Zaragoza	01	UE-27_2007	121	Países Bajos	Hombres	153
2008	50	Zaragoza	01	UE-27_2007	121	Países Bajos	Mujeres	95
2008	50	Zaragoza	01	UE-27_2007	122	Polonia	Hombres	1403
2008	50	Zaragoza	01	UE-27_2007	122	Polonia	Mujeres	839
2008	50	Zaragoza	01	UE-27_2007	123	Portugal	Hombres	2183
2008	50	Zaragoza	01	UE-27_2007	123	Portugal	Mujeres	960
2008	50	Zaragoza	01	UE-27_2007	125	Reino Unido	Hombres	247
2008	50	Zaragoza	01	UE-27_2007	125	Reino Unido	Mujeres	193
2008	50	Zaragoza	01	UE-27_2007	126	Alemania	Hombres	302
2008	50	Zaragoza	01	UE-27_2007	126	Alemania	Mujeres	259
2008	50	Zaragoza	01	UE-27_2007	128	Rumanía	Hombres	24279
2008	50	Zaragoza	01	UE-27_2007	128	Rumanía	Mujeres	19710
2008	50	Zaragoza	01	UE-27_2007	131	Suecia	Hombres	27
2008	50	Zaragoza	01	UE-27_2007	131	Suecia	Mujeres	26
2008	50	Zaragoza	01	UE-27_2007	136	Letonia	Hombres	9
2008	50	Zaragoza	01	UE-27_2007	136	Letonia	Mujeres	13
2008	50	Zaragoza	01	UE-27_2007	141	Estonia	Hombres	1
2008	50	Zaragoza	01	UE-27_2007	141	Estonia	Mujeres	7
2008	50	Zaragoza	01	UE-27_2007	142	Lituania	Hombres	86
2008	50	Zaragoza	01	UE-27_2007	142	Lituania	Mujeres	82
2008	50	Zaragoza	01	UE-27_2007	143	República Checa	Hombres	52
2008	50	Zaragoza	01	UE-27_2007	143	República Checa	Mujeres	60
2008	50	Zaragoza	01	UE-27_2007	144	Eslovaquia	Hombres	108
2008	50	Zaragoza	01	UE-27_2007	144	Eslovaquia	Mujeres	62
2008	50	Zaragoza	01	UE-27_2007	147	Eslovenia	Hombres	30
2008	50	Zaragoza	01	UE-27_2007	147	Eslovenia	Mujeres	16
2008	50	Zaragoza	02	Resto de Europa	101	Albania	Hombres	19
2008	50	Zaragoza	02	Resto de Europa	101	Albania	Mujeres	20
2008	50	Zaragoza	02	Resto de Europa	120	Noruega	Hombres	11
2008	50	Zaragoza	02	Resto de Europa	120	Noruega	Mujeres	10
2008	50	Zaragoza	02	Resto de Europa	124	Andorra	Hombres	7
2008	50	Zaragoza	02	Resto de Europa	124	Andorra	Mujeres	4
2008	50	Zaragoza	02	Resto de Europa	132	Suiza	Hombres	29
2008	50	Zaragoza	02	Resto de Europa	132	Suiza	Mujeres	14
2008	50	Zaragoza	02	Resto de Europa	135	Ucrania	Hombres	541
2008	50	Zaragoza	02	Resto de Europa	135	Ucrania	Mujeres	653
2008	50	Zaragoza	02	Resto de Europa	137	Moldova	Hombres	140
2008	50	Zaragoza	02	Resto de Europa	137	Moldova	Mujeres	131
2008	50	Zaragoza	02	Resto de Europa	138	Bielorrusia	Hombres	24
2008	50	Zaragoza	02	Resto de Europa	138	Bielorrusia	Mujeres	54
2008	50	Zaragoza	02	Resto de Europa	139	Georgia	Hombres	29
2008	50	Zaragoza	02	Resto de Europa	139	Georgia	Mujeres	15
2008	50	Zaragoza	02	Resto de Europa	145	Bosnia-Herzegovina	Hombres	12
2008	50	Zaragoza	02	Resto de Europa	145	Bosnia-Herzegovina	Mujeres	21
2008	50	Zaragoza	02	Resto de Europa	146	Croacia	Hombres	7
2008	50	Zaragoza	02	Resto de Europa	146	Croacia	Mujeres	11
2008	50	Zaragoza	02	Resto de Europa	148	Armenia	Hombres	34
2008	50	Zaragoza	02	Resto de Europa	148	Armenia	Mujeres	27
2008	50	Zaragoza	02	Resto de Europa	154	Rusia	Hombres	157
2008	50	Zaragoza	02	Resto de Europa	154	Rusia	Mujeres	452
2008	50	Zaragoza	02	Resto de Europa	156	Macedonia	Mujeres	2
2008	50	Zaragoza	02	Resto de Europa	157	Serbia	Hombres	23
2008	50	Zaragoza	02	Resto de Europa	157	Serbia	Mujeres	13
2008	50	Zaragoza	02	Resto de Europa	436	Turquía	Hombres	24
2008	50	Zaragoza	02	Resto de Europa	436	Turquía	Mujeres	8
2008	50	Zaragoza	03	Magreb	203	Argelia	Hombres	2473
2008	50	Zaragoza	03	Magreb	203	Argelia	Mujeres	988
2008	50	Zaragoza	03	Magreb	224	Libia	Hombres	4
2008	50	Zaragoza	03	Magreb	224	Libia	Mujeres	1
2008	50	Zaragoza	03	Magreb	228	Marruecos	Hombres	5243
2008	50	Zaragoza	03	Magreb	228	Marruecos	Mujeres	2956
2008	50	Zaragoza	03	Magreb	230	Mauritania	Hombres	187
2008	50	Zaragoza	03	Magreb	230	Mauritania	Mujeres	38
2008	50	Zaragoza	03	Magreb	248	Túnez	Hombres	48
2008	50	Zaragoza	03	Magreb	248	Túnez	Mujeres	34
2008	50	Zaragoza	04	Resto de África	201	Burkina Fasso	Hombres	21
2008	50	Zaragoza	04	Resto de África	201	Burkina Fasso	Mujeres	7
2008	50	Zaragoza	04	Resto de África	202	Angola	Hombres	44
2008	50	Zaragoza	04	Resto de África	202	Angola	Mujeres	32
2008	50	Zaragoza	04	Resto de África	204	Benin	Hombres	2
2008	50	Zaragoza	04	Resto de África	204	Benin	Mujeres	2
2008	50	Zaragoza	04	Resto de África	206	Burundi	Hombres	2
2008	50	Zaragoza	04	Resto de África	206	Burundi	Mujeres	1
2008	50	Zaragoza	04	Resto de África	207	Cabo Verde	Hombres	235
2008	50	Zaragoza	04	Resto de África	207	Cabo Verde	Mujeres	194
2008	50	Zaragoza	04	Resto de África	208	Camerún	Hombres	97
2008	50	Zaragoza	04	Resto de África	208	Camerún	Mujeres	83
2008	50	Zaragoza	04	Resto de África	210	Congo	Hombres	23
2008	50	Zaragoza	04	Resto de África	210	Congo	Mujeres	12
2008	50	Zaragoza	04	Resto de África	211	Costa de Marfil	Hombres	28
2008	50	Zaragoza	04	Resto de África	211	Costa de Marfil	Mujeres	19
2008	50	Zaragoza	04	Resto de África	213	Egipto	Hombres	120
2008	50	Zaragoza	04	Resto de África	213	Egipto	Mujeres	40
2008	50	Zaragoza	04	Resto de África	214	Etiopía	Hombres	3
2008	50	Zaragoza	04	Resto de África	214	Etiopía	Mujeres	1
2008	50	Zaragoza	04	Resto de África	215	Gabón	Hombres	5
2008	50	Zaragoza	04	Resto de África	215	Gabón	Mujeres	3
2008	50	Zaragoza	04	Resto de África	216	Gambia	Hombres	1051
2008	50	Zaragoza	04	Resto de África	216	Gambia	Mujeres	394
2008	50	Zaragoza	04	Resto de África	217	Ghana	Hombres	1189
2008	50	Zaragoza	04	Resto de África	217	Ghana	Mujeres	276
2008	50	Zaragoza	04	Resto de África	218	Guinea	Hombres	325
2008	50	Zaragoza	04	Resto de África	218	Guinea	Mujeres	375
2008	50	Zaragoza	04	Resto de África	219	Guinea Bissau	Hombres	68
2008	50	Zaragoza	04	Resto de África	219	Guinea Bissau	Mujeres	16
2008	50	Zaragoza	04	Resto de África	220	Guinea Ecuatorial	Hombres	237
2008	50	Zaragoza	04	Resto de África	220	Guinea Ecuatorial	Mujeres	475
2008	50	Zaragoza	04	Resto de África	221	Kenia	Hombres	1
2008	50	Zaragoza	04	Resto de África	221	Kenia	Mujeres	9
2008	50	Zaragoza	04	Resto de África	223	Liberia	Hombres	11
2008	50	Zaragoza	04	Resto de África	223	Liberia	Mujeres	5
2008	50	Zaragoza	04	Resto de África	227	Mali	Hombres	384
2008	50	Zaragoza	04	Resto de África	227	Mali	Mujeres	69
2008	50	Zaragoza	04	Resto de África	231	Mozambique	Hombres	4
2008	50	Zaragoza	04	Resto de África	231	Mozambique	Mujeres	3
2008	50	Zaragoza	04	Resto de África	233	Níger	Hombres	5
2008	50	Zaragoza	04	Resto de África	233	Níger	Mujeres	3
2008	50	Zaragoza	04	Resto de África	234	Nigeria	Hombres	339
2008	50	Zaragoza	04	Resto de África	234	Nigeria	Mujeres	307
2008	50	Zaragoza	04	Resto de África	235	República Centroafricana	Hombres	2
2008	50	Zaragoza	04	Resto de África	235	República Centroafricana	Mujeres	2
2008	50	Zaragoza	04	Resto de África	236	Sudáfrica	Hombres	6
2008	50	Zaragoza	04	Resto de África	236	Sudáfrica	Mujeres	3
2008	50	Zaragoza	04	Resto de África	239	Senegal	Hombres	1921
2008	50	Zaragoza	04	Resto de África	239	Senegal	Mujeres	308
2008	50	Zaragoza	04	Resto de África	241	Sierra Leona	Hombres	8
2008	50	Zaragoza	04	Resto de África	241	Sierra Leona	Mujeres	5
2008	50	Zaragoza	04	Resto de África	243	Sudán	Hombres	6
2008	50	Zaragoza	04	Resto de África	243	Sudán	Mujeres	9
2008	50	Zaragoza	04	Resto de África	246	Chad	Mujeres	1
2008	50	Zaragoza	04	Resto de África	247	Togo	Hombres	12
2008	50	Zaragoza	04	Resto de África	247	Togo	Mujeres	3
2008	50	Zaragoza	04	Resto de África	250	Rep. Democrática del Congo	Hombres	56
2008	50	Zaragoza	04	Resto de África	250	Rep. Democrática del Congo	Mujeres	22
2008	50	Zaragoza	04	Resto de África	251	Zambia	Mujeres	1
2008	50	Zaragoza	04	Resto de África	299	Países sin relaciones diplomáticas	Mujeres	1
2008	50	Zaragoza	05	América del Norte	301	Canadá	Hombres	14
2008	50	Zaragoza	05	América del Norte	301	Canadá	Mujeres	15
2008	50	Zaragoza	05	América del Norte	302	Estados Unidos de América	Hombres	222
2008	50	Zaragoza	05	América del Norte	302	Estados Unidos de América	Mujeres	131
2008	50	Zaragoza	06	Resto de América	303	México	Hombres	113
2008	50	Zaragoza	06	Resto de América	303	México	Mujeres	194
2008	50	Zaragoza	06	Resto de América	314	Costa Rica	Hombres	19
2008	50	Zaragoza	06	Resto de América	314	Costa Rica	Mujeres	14
2008	50	Zaragoza	06	Resto de América	315	Cuba	Hombres	393
2008	50	Zaragoza	06	Resto de América	315	Cuba	Mujeres	527
2008	50	Zaragoza	06	Resto de América	316	Dominica	Hombres	4
2008	50	Zaragoza	06	Resto de América	316	Dominica	Mujeres	12
2008	50	Zaragoza	06	Resto de América	317	El Salvador	Hombres	99
2008	50	Zaragoza	06	Resto de América	317	El Salvador	Mujeres	134
2008	50	Zaragoza	06	Resto de América	319	Guatemala	Hombres	31
2008	50	Zaragoza	06	Resto de América	319	Guatemala	Mujeres	35
2008	50	Zaragoza	06	Resto de América	321	Honduras	Hombres	195
2008	50	Zaragoza	06	Resto de América	321	Honduras	Mujeres	363
2008	50	Zaragoza	06	Resto de América	323	Nicaragua	Hombres	570
2008	50	Zaragoza	06	Resto de América	323	Nicaragua	Mujeres	1701
2008	50	Zaragoza	06	Resto de América	324	Panamá	Hombres	25
2008	50	Zaragoza	06	Resto de América	324	Panamá	Mujeres	32
2008	50	Zaragoza	06	Resto de América	326	República Dominicana	Hombres	571
2008	50	Zaragoza	06	Resto de América	326	República Dominicana	Mujeres	887
2008	50	Zaragoza	06	Resto de América	340	Argentina	Hombres	638
2008	50	Zaragoza	06	Resto de América	340	Argentina	Mujeres	707
2008	50	Zaragoza	06	Resto de América	341	Bolivia	Hombres	321
2008	50	Zaragoza	06	Resto de América	341	Bolivia	Mujeres	406
2008	50	Zaragoza	06	Resto de América	342	Brasil	Hombres	589
2008	50	Zaragoza	06	Resto de América	342	Brasil	Mujeres	1175
2008	50	Zaragoza	06	Resto de América	343	Colombia	Hombres	2269
2008	50	Zaragoza	06	Resto de América	343	Colombia	Mujeres	2913
2008	50	Zaragoza	06	Resto de América	344	Chile	Hombres	350
2008	50	Zaragoza	06	Resto de América	344	Chile	Mujeres	366
2008	50	Zaragoza	06	Resto de América	345	Ecuador	Hombres	4972
2008	50	Zaragoza	06	Resto de América	345	Ecuador	Mujeres	5106
2008	50	Zaragoza	06	Resto de América	347	Paraguay	Hombres	72
2008	50	Zaragoza	06	Resto de América	347	Paraguay	Mujeres	182
2008	50	Zaragoza	06	Resto de América	348	Perú	Hombres	826
2008	50	Zaragoza	06	Resto de América	348	Perú	Mujeres	828
2008	50	Zaragoza	06	Resto de América	350	Uruguay	Hombres	183
2008	50	Zaragoza	06	Resto de América	350	Uruguay	Mujeres	198
2008	50	Zaragoza	06	Resto de América	351	Venezuela	Hombres	295
2008	50	Zaragoza	06	Resto de América	351	Venezuela	Mujeres	495
2008	50	Zaragoza	07	Asia	401	Afganistán	Hombres	2
2008	50	Zaragoza	07	Asia	402	Arabia Saudí	Hombres	2
2008	50	Zaragoza	07	Asia	404	Bangladesh	Hombres	13
2008	50	Zaragoza	07	Asia	404	Bangladesh	Mujeres	8
2008	50	Zaragoza	07	Asia	407	China	Hombres	1589
2008	50	Zaragoza	07	Asia	407	China	Mujeres	1370
2008	50	Zaragoza	07	Asia	409	Filipinas	Hombres	9
2008	50	Zaragoza	07	Asia	409	Filipinas	Mujeres	12
2008	50	Zaragoza	07	Asia	410	India	Hombres	60
2008	50	Zaragoza	07	Asia	410	India	Mujeres	35
2008	50	Zaragoza	07	Asia	411	Indonesia	Hombres	2
2008	50	Zaragoza	07	Asia	411	Indonesia	Mujeres	4
2008	50	Zaragoza	07	Asia	412	Irak	Mujeres	1
2008	50	Zaragoza	07	Asia	413	Irán	Hombres	6
2008	50	Zaragoza	07	Asia	413	Irán	Mujeres	2
2008	50	Zaragoza	07	Asia	414	Israel	Hombres	3
2008	50	Zaragoza	07	Asia	414	Israel	Mujeres	3
2008	50	Zaragoza	07	Asia	415	Japón	Hombres	8
2008	50	Zaragoza	07	Asia	415	Japón	Mujeres	19
2008	50	Zaragoza	07	Asia	416	Jordania	Hombres	12
2008	50	Zaragoza	07	Asia	416	Jordania	Mujeres	8
2008	50	Zaragoza	07	Asia	420	Líbano	Hombres	12
2008	50	Zaragoza	07	Asia	420	Líbano	Mujeres	10
2008	50	Zaragoza	07	Asia	421	Malasia	Hombres	1
2008	50	Zaragoza	07	Asia	424	Nepal	Hombres	5
2008	50	Zaragoza	07	Asia	424	Nepal	Mujeres	1
2008	50	Zaragoza	07	Asia	426	Pakistán	Hombres	299
2008	50	Zaragoza	07	Asia	426	Pakistán	Mujeres	30
2008	50	Zaragoza	07	Asia	430	República de Corea	Hombres	10
2008	50	Zaragoza	07	Asia	430	República de Corea	Mujeres	9
2008	50	Zaragoza	07	Asia	433	Siria	Hombres	28
2008	50	Zaragoza	07	Asia	433	Siria	Mujeres	13
2008	50	Zaragoza	07	Asia	434	Sri-Lanka	Hombres	1
2008	50	Zaragoza	07	Asia	434	Sri-Lanka	Mujeres	1
2008	50	Zaragoza	07	Asia	435	Tailandia	Mujeres	7
2008	50	Zaragoza	07	Asia	437	Vietnam	Hombres	2
2008	50	Zaragoza	07	Asia	437	Vietnam	Mujeres	4
2008	50	Zaragoza	07	Asia	442	Azerbaiyan	Hombres	3
2008	50	Zaragoza	07	Asia	443	Kazajstan	Hombres	2
2008	50	Zaragoza	07	Asia	443	Kazajstan	Mujeres	8
2008	50	Zaragoza	07	Asia	444	Kirgvistan	Mujeres	12
2008	50	Zaragoza	07	Asia	447	Uzbekistán	Hombres	3
2008	50	Zaragoza	07	Asia	447	Uzbekistán	Mujeres	8
2008	50	Zaragoza	07	Asia	499	Países sin relaciones diplomáticas	Hombres	3
2008	50	Zaragoza	07	Asia	499	Países sin relaciones diplomáticas	Mujeres	4
2008	50	Zaragoza	08	Oceanía	501	Australia	Hombres	4
2008	50	Zaragoza	08	Oceanía	501	Australia	Mujeres	5
2008	50	Zaragoza	08	Oceanía	504	Nueva Zelanda	Hombres	2
2008	50	Zaragoza	08	Oceanía	504	Nueva Zelanda	Mujeres	4
2008	50	Zaragoza	09	Apátridas y no consta	555	Apátridas	Hombres	20
2008	50	Zaragoza	09	Apátridas y no consta	555	Apátridas	Mujeres	9
2009	22	Huesca	01	UE-27_2007	102	Austria	Hombres	11
2009	22	Huesca	01	UE-27_2007	102	Austria	Mujeres	5
2009	22	Huesca	01	UE-27_2007	103	Bélgica	Hombres	44
2009	22	Huesca	01	UE-27_2007	103	Bélgica	Mujeres	47
2009	22	Huesca	01	UE-27_2007	104	Bulgaria	Hombres	1030
2009	22	Huesca	01	UE-27_2007	104	Bulgaria	Mujeres	862
2009	22	Huesca	01	UE-27_2007	107	Dinamarca	Hombres	3
2009	22	Huesca	01	UE-27_2007	107	Dinamarca	Mujeres	5
2009	22	Huesca	01	UE-27_2007	109	Finlandia	Hombres	2
2009	22	Huesca	01	UE-27_2007	109	Finlandia	Mujeres	4
2009	22	Huesca	01	UE-27_2007	110	Francia	Hombres	269
2009	22	Huesca	01	UE-27_2007	110	Francia	Mujeres	268
2009	22	Huesca	01	UE-27_2007	111	Grecia	Hombres	4
2009	22	Huesca	01	UE-27_2007	111	Grecia	Mujeres	7
2009	22	Huesca	01	UE-27_2007	112	Hungría	Hombres	11
2009	22	Huesca	01	UE-27_2007	112	Hungría	Mujeres	9
2009	22	Huesca	01	UE-27_2007	113	Irlanda	Hombres	10
2009	22	Huesca	01	UE-27_2007	113	Irlanda	Mujeres	9
2009	22	Huesca	01	UE-27_2007	115	Italia	Hombres	149
2009	22	Huesca	01	UE-27_2007	115	Italia	Mujeres	86
2009	22	Huesca	01	UE-27_2007	121	Países Bajos	Hombres	65
2009	22	Huesca	01	UE-27_2007	121	Países Bajos	Mujeres	72
2009	22	Huesca	01	UE-27_2007	122	Polonia	Hombres	468
2009	22	Huesca	01	UE-27_2007	122	Polonia	Mujeres	377
2009	22	Huesca	01	UE-27_2007	123	Portugal	Hombres	765
2009	22	Huesca	01	UE-27_2007	123	Portugal	Mujeres	330
2009	22	Huesca	01	UE-27_2007	125	Reino Unido	Hombres	103
2009	22	Huesca	01	UE-27_2007	125	Reino Unido	Mujeres	96
2009	22	Huesca	01	UE-27_2007	126	Alemania	Hombres	91
2009	22	Huesca	01	UE-27_2007	126	Alemania	Mujeres	93
2009	22	Huesca	01	UE-27_2007	128	Rumanía	Hombres	3944
2009	22	Huesca	01	UE-27_2007	128	Rumanía	Mujeres	3483
2009	22	Huesca	01	UE-27_2007	131	Suecia	Hombres	2
2009	22	Huesca	01	UE-27_2007	131	Suecia	Mujeres	4
2009	22	Huesca	01	UE-27_2007	136	Letonia	Hombres	10
2009	22	Huesca	01	UE-27_2007	136	Letonia	Mujeres	10
2009	22	Huesca	01	UE-27_2007	141	Estonia	Mujeres	2
2009	22	Huesca	01	UE-27_2007	142	Lituania	Hombres	167
2009	22	Huesca	01	UE-27_2007	142	Lituania	Mujeres	156
2009	22	Huesca	01	UE-27_2007	143	República Checa	Hombres	26
2009	22	Huesca	01	UE-27_2007	143	República Checa	Mujeres	15
2009	22	Huesca	01	UE-27_2007	144	Eslovaquia	Hombres	27
2009	22	Huesca	01	UE-27_2007	144	Eslovaquia	Mujeres	13
2009	22	Huesca	01	UE-27_2007	147	Eslovenia	Mujeres	1
2009	22	Huesca	02	Resto de Europa	101	Albania	Hombres	5
2009	22	Huesca	02	Resto de Europa	101	Albania	Mujeres	1
2009	22	Huesca	02	Resto de Europa	120	Noruega	Mujeres	1
2009	22	Huesca	02	Resto de Europa	124	Andorra	Hombres	3
2009	22	Huesca	02	Resto de Europa	124	Andorra	Mujeres	2
2009	22	Huesca	02	Resto de Europa	132	Suiza	Hombres	14
2009	22	Huesca	02	Resto de Europa	132	Suiza	Mujeres	13
2009	22	Huesca	02	Resto de Europa	135	Ucrania	Hombres	300
2009	22	Huesca	02	Resto de Europa	135	Ucrania	Mujeres	271
2009	22	Huesca	02	Resto de Europa	137	Moldova	Hombres	16
2009	22	Huesca	02	Resto de Europa	137	Moldova	Mujeres	9
2009	22	Huesca	02	Resto de Europa	138	Bielorrusia	Hombres	9
2009	22	Huesca	02	Resto de Europa	138	Bielorrusia	Mujeres	8
2009	22	Huesca	02	Resto de Europa	139	Georgia	Hombres	4
2009	22	Huesca	02	Resto de Europa	139	Georgia	Mujeres	4
2009	22	Huesca	02	Resto de Europa	145	Bosnia-Herzegovina	Mujeres	1
2009	22	Huesca	02	Resto de Europa	146	Croacia	Mujeres	1
2009	22	Huesca	02	Resto de Europa	148	Armenia	Hombres	29
2009	22	Huesca	02	Resto de Europa	148	Armenia	Mujeres	26
2009	22	Huesca	02	Resto de Europa	154	Rusia	Hombres	33
2009	22	Huesca	02	Resto de Europa	154	Rusia	Mujeres	85
2009	22	Huesca	02	Resto de Europa	157	Serbia	Hombres	5
2009	22	Huesca	02	Resto de Europa	157	Serbia	Mujeres	1
2009	22	Huesca	02	Resto de Europa	436	Turquía	Hombres	2
2009	22	Huesca	03	Magreb	203	Argelia	Hombres	663
2009	22	Huesca	03	Magreb	203	Argelia	Mujeres	264
2009	22	Huesca	03	Magreb	228	Marruecos	Hombres	2295
2009	22	Huesca	03	Magreb	228	Marruecos	Mujeres	1404
2009	22	Huesca	03	Magreb	230	Mauritania	Hombres	123
2009	22	Huesca	03	Magreb	230	Mauritania	Mujeres	19
2009	22	Huesca	03	Magreb	248	Túnez	Hombres	3
2009	22	Huesca	03	Magreb	248	Túnez	Mujeres	1
2009	22	Huesca	04	Resto de África	201	Burkina Fasso	Hombres	45
2009	22	Huesca	04	Resto de África	201	Burkina Fasso	Mujeres	18
2009	22	Huesca	04	Resto de África	202	Angola	Hombres	4
2009	22	Huesca	04	Resto de África	202	Angola	Mujeres	3
2009	22	Huesca	04	Resto de África	204	Benin	Hombres	1
2009	22	Huesca	04	Resto de África	204	Benin	Mujeres	1
2009	22	Huesca	04	Resto de África	207	Cabo Verde	Hombres	11
2009	22	Huesca	04	Resto de África	207	Cabo Verde	Mujeres	6
2009	22	Huesca	04	Resto de África	208	Camerún	Hombres	6
2009	22	Huesca	04	Resto de África	208	Camerún	Mujeres	2
2009	22	Huesca	04	Resto de África	210	Congo	Hombres	1
2009	22	Huesca	04	Resto de África	211	Costa de Marfil	Hombres	25
2009	22	Huesca	04	Resto de África	211	Costa de Marfil	Mujeres	12
2009	22	Huesca	04	Resto de África	216	Gambia	Hombres	595
2009	22	Huesca	04	Resto de África	216	Gambia	Mujeres	160
2009	22	Huesca	04	Resto de África	217	Ghana	Hombres	61
2009	22	Huesca	04	Resto de África	217	Ghana	Mujeres	30
2009	22	Huesca	04	Resto de África	218	Guinea	Hombres	184
2009	22	Huesca	04	Resto de África	218	Guinea	Mujeres	68
2009	22	Huesca	04	Resto de África	219	Guinea Bissau	Hombres	18
2009	22	Huesca	04	Resto de África	219	Guinea Bissau	Mujeres	2
2009	22	Huesca	04	Resto de África	220	Guinea Ecuatorial	Hombres	8
2009	22	Huesca	04	Resto de África	220	Guinea Ecuatorial	Mujeres	16
2009	22	Huesca	04	Resto de África	221	Kenia	Hombres	3
2009	22	Huesca	04	Resto de África	221	Kenia	Mujeres	19
2009	22	Huesca	04	Resto de África	223	Liberia	Hombres	2
2009	22	Huesca	04	Resto de África	223	Liberia	Mujeres	2
2009	22	Huesca	04	Resto de África	227	Mali	Hombres	801
2009	22	Huesca	04	Resto de África	227	Mali	Mujeres	115
2009	22	Huesca	04	Resto de África	231	Mozambique	Mujeres	1
2009	22	Huesca	04	Resto de África	232	Namibia	Hombres	1
2009	22	Huesca	04	Resto de África	233	Níger	Hombres	9
2009	22	Huesca	04	Resto de África	233	Níger	Mujeres	3
2009	22	Huesca	04	Resto de África	234	Nigeria	Hombres	60
2009	22	Huesca	04	Resto de África	234	Nigeria	Mujeres	37
2009	22	Huesca	04	Resto de África	237	Ruanda	Mujeres	1
2009	22	Huesca	04	Resto de África	238	Santo Tome y Príncipe	Mujeres	1
2009	22	Huesca	04	Resto de África	239	Senegal	Hombres	417
2009	22	Huesca	04	Resto de África	239	Senegal	Mujeres	47
2009	22	Huesca	04	Resto de África	241	Sierra Leona	Hombres	2
2009	22	Huesca	04	Resto de África	241	Sierra Leona	Mujeres	3
2009	22	Huesca	04	Resto de África	247	Togo	Hombres	1
2009	22	Huesca	04	Resto de África	247	Togo	Mujeres	2
2009	22	Huesca	04	Resto de África	251	Zambia	Mujeres	1
2009	22	Huesca	04	Resto de África	252	Zimbabwe	Hombres	1
2009	22	Huesca	04	Resto de África	299	Países sin relaciones diplomáticas	Hombres	2
2009	22	Huesca	05	América del Norte	301	Canadá	Hombres	3
2009	22	Huesca	05	América del Norte	301	Canadá	Mujeres	3
2009	22	Huesca	05	América del Norte	302	Estados Unidos de América	Hombres	25
2009	22	Huesca	05	América del Norte	302	Estados Unidos de América	Mujeres	16
2009	22	Huesca	06	Resto de América	303	México	Hombres	32
2009	22	Huesca	06	Resto de América	303	México	Mujeres	40
2009	22	Huesca	06	Resto de América	314	Costa Rica	Hombres	1
2009	22	Huesca	06	Resto de América	314	Costa Rica	Mujeres	2
2009	22	Huesca	06	Resto de América	315	Cuba	Hombres	71
2009	22	Huesca	06	Resto de América	315	Cuba	Mujeres	107
2009	22	Huesca	06	Resto de América	316	Dominica	Hombres	1
2009	22	Huesca	06	Resto de América	316	Dominica	Mujeres	3
2009	22	Huesca	06	Resto de América	317	El Salvador	Hombres	1
2009	22	Huesca	06	Resto de América	317	El Salvador	Mujeres	4
2009	22	Huesca	06	Resto de América	319	Guatemala	Hombres	11
2009	22	Huesca	06	Resto de América	319	Guatemala	Mujeres	16
2009	22	Huesca	06	Resto de América	321	Honduras	Hombres	19
2009	22	Huesca	06	Resto de América	321	Honduras	Mujeres	32
2009	22	Huesca	06	Resto de América	323	Nicaragua	Hombres	12
2009	22	Huesca	06	Resto de América	323	Nicaragua	Mujeres	70
2009	22	Huesca	06	Resto de América	324	Panamá	Hombres	3
2009	22	Huesca	06	Resto de América	324	Panamá	Mujeres	8
2009	22	Huesca	06	Resto de América	326	República Dominicana	Hombres	165
2009	22	Huesca	06	Resto de América	326	República Dominicana	Mujeres	308
2009	22	Huesca	06	Resto de América	327	Trinidad y Tobago	Mujeres	1
2009	22	Huesca	06	Resto de América	340	Argentina	Hombres	250
2009	22	Huesca	06	Resto de América	340	Argentina	Mujeres	264
2009	22	Huesca	06	Resto de América	341	Bolivia	Hombres	171
2009	22	Huesca	06	Resto de América	341	Bolivia	Mujeres	215
2009	22	Huesca	06	Resto de América	342	Brasil	Hombres	75
2009	22	Huesca	06	Resto de América	342	Brasil	Mujeres	202
2009	22	Huesca	06	Resto de América	343	Colombia	Hombres	560
2009	22	Huesca	06	Resto de América	343	Colombia	Mujeres	638
2009	22	Huesca	06	Resto de América	344	Chile	Hombres	76
2009	22	Huesca	06	Resto de América	344	Chile	Mujeres	46
2009	22	Huesca	06	Resto de América	345	Ecuador	Hombres	577
2009	22	Huesca	06	Resto de América	345	Ecuador	Mujeres	597
2009	22	Huesca	06	Resto de América	347	Paraguay	Hombres	18
2009	22	Huesca	06	Resto de América	347	Paraguay	Mujeres	37
2009	22	Huesca	06	Resto de América	348	Perú	Hombres	122
2009	22	Huesca	06	Resto de América	348	Perú	Mujeres	127
2009	22	Huesca	06	Resto de América	350	Uruguay	Hombres	97
2009	22	Huesca	06	Resto de América	350	Uruguay	Mujeres	119
2009	22	Huesca	06	Resto de América	351	Venezuela	Hombres	66
2009	22	Huesca	06	Resto de América	351	Venezuela	Mujeres	97
2009	22	Huesca	07	Asia	404	Bangladesh	Hombres	1
2009	22	Huesca	07	Asia	407	China	Hombres	211
2009	22	Huesca	07	Asia	407	China	Mujeres	119
2009	22	Huesca	07	Asia	409	Filipinas	Hombres	3
2009	22	Huesca	07	Asia	409	Filipinas	Mujeres	5
2009	22	Huesca	07	Asia	410	India	Hombres	2
2009	22	Huesca	07	Asia	410	India	Mujeres	6
2009	22	Huesca	07	Asia	414	Israel	Hombres	1
2009	22	Huesca	07	Asia	414	Israel	Mujeres	1
2009	22	Huesca	07	Asia	415	Japón	Hombres	2
2009	22	Huesca	07	Asia	415	Japón	Mujeres	2
2009	22	Huesca	07	Asia	419	Laos	Mujeres	1
2009	22	Huesca	07	Asia	420	Líbano	Hombres	1
2009	22	Huesca	07	Asia	421	Malasia	Hombres	1
2009	22	Huesca	07	Asia	423	Mongolia	Mujeres	3
2009	22	Huesca	07	Asia	424	Nepal	Hombres	1
2009	22	Huesca	07	Asia	426	Pakistán	Hombres	29
2009	22	Huesca	07	Asia	426	Pakistán	Mujeres	5
2009	22	Huesca	07	Asia	430	República de Corea	Mujeres	1
2009	22	Huesca	07	Asia	433	Siria	Mujeres	2
2009	22	Huesca	07	Asia	435	Tailandia	Mujeres	8
2009	22	Huesca	07	Asia	443	Kazajstan	Mujeres	1
2009	22	Huesca	07	Asia	447	Uzbekistán	Hombres	1
2009	22	Huesca	07	Asia	447	Uzbekistán	Mujeres	1
2009	22	Huesca	07	Asia	499	Países sin relaciones diplomáticas	Hombres	6
2009	22	Huesca	07	Asia	499	Países sin relaciones diplomáticas	Mujeres	4
2009	22	Huesca	08	Oceanía	501	Australia	Hombres	4
2009	22	Huesca	08	Oceanía	501	Australia	Mujeres	3
2009	22	Huesca	08	Oceanía	504	Nueva Zelanda	Hombres	1
2009	22	Huesca	08	Oceanía	511	Micronesia	Hombres	6
2009	22	Huesca	08	Oceanía	511	Micronesia	Mujeres	1
2009	22	Huesca	08	Oceanía	512	Tuvalu	Hombres	2
2009	22	Huesca	08	Oceanía	515	Nauru	Hombres	1
2009	22	Huesca	08	Oceanía	515	Nauru	Mujeres	2
2009	22	Huesca	08	Oceanía	516	Palaos	Hombres	4
2009	22	Huesca	08	Oceanía	516	Palaos	Mujeres	1
2009	44	Teruel	01	UE-27_2007	102	Austria	Hombres	2
2009	44	Teruel	01	UE-27_2007	103	Bélgica	Hombres	8
2009	44	Teruel	01	UE-27_2007	103	Bélgica	Mujeres	13
2009	44	Teruel	01	UE-27_2007	104	Bulgaria	Hombres	187
2009	44	Teruel	01	UE-27_2007	104	Bulgaria	Mujeres	153
2009	44	Teruel	01	UE-27_2007	107	Dinamarca	Hombres	1
2009	44	Teruel	01	UE-27_2007	107	Dinamarca	Mujeres	1
2009	44	Teruel	01	UE-27_2007	109	Finlandia	Hombres	1
2009	44	Teruel	01	UE-27_2007	109	Finlandia	Mujeres	1
2009	44	Teruel	01	UE-27_2007	110	Francia	Hombres	59
2009	44	Teruel	01	UE-27_2007	110	Francia	Mujeres	66
2009	44	Teruel	01	UE-27_2007	111	Grecia	Hombres	4
2009	44	Teruel	01	UE-27_2007	111	Grecia	Mujeres	1
2009	44	Teruel	01	UE-27_2007	112	Hungría	Hombres	7
2009	44	Teruel	01	UE-27_2007	112	Hungría	Mujeres	10
2009	44	Teruel	01	UE-27_2007	113	Irlanda	Hombres	5
2009	44	Teruel	01	UE-27_2007	113	Irlanda	Mujeres	5
2009	44	Teruel	01	UE-27_2007	115	Italia	Hombres	98
2009	44	Teruel	01	UE-27_2007	115	Italia	Mujeres	45
2009	44	Teruel	01	UE-27_2007	121	Países Bajos	Hombres	14
2009	44	Teruel	01	UE-27_2007	121	Países Bajos	Mujeres	12
2009	44	Teruel	01	UE-27_2007	122	Polonia	Hombres	553
2009	44	Teruel	01	UE-27_2007	122	Polonia	Mujeres	363
2009	44	Teruel	01	UE-27_2007	123	Portugal	Hombres	441
2009	44	Teruel	01	UE-27_2007	123	Portugal	Mujeres	136
2009	44	Teruel	01	UE-27_2007	125	Reino Unido	Hombres	68
2009	44	Teruel	01	UE-27_2007	125	Reino Unido	Mujeres	56
2009	44	Teruel	01	UE-27_2007	126	Alemania	Hombres	45
2009	44	Teruel	01	UE-27_2007	126	Alemania	Mujeres	39
2009	44	Teruel	01	UE-27_2007	128	Rumanía	Hombres	3861
2009	44	Teruel	01	UE-27_2007	128	Rumanía	Mujeres	3189
2009	44	Teruel	01	UE-27_2007	131	Suecia	Hombres	3
2009	44	Teruel	01	UE-27_2007	131	Suecia	Mujeres	2
2009	44	Teruel	01	UE-27_2007	136	Letonia	Hombres	6
2009	44	Teruel	01	UE-27_2007	136	Letonia	Mujeres	7
2009	44	Teruel	01	UE-27_2007	142	Lituania	Hombres	5
2009	44	Teruel	01	UE-27_2007	142	Lituania	Mujeres	5
2009	44	Teruel	01	UE-27_2007	143	República Checa	Hombres	27
2009	44	Teruel	01	UE-27_2007	143	República Checa	Mujeres	20
2009	44	Teruel	01	UE-27_2007	144	Eslovaquia	Hombres	1
2009	44	Teruel	01	UE-27_2007	144	Eslovaquia	Mujeres	2
2009	44	Teruel	02	Resto de Europa	101	Albania	Hombres	6
2009	44	Teruel	02	Resto de Europa	101	Albania	Mujeres	6
2009	44	Teruel	02	Resto de Europa	114	Islandia	Hombres	1
2009	44	Teruel	02	Resto de Europa	132	Suiza	Hombres	4
2009	44	Teruel	02	Resto de Europa	132	Suiza	Mujeres	5
2009	44	Teruel	02	Resto de Europa	135	Ucrania	Hombres	113
2009	44	Teruel	02	Resto de Europa	135	Ucrania	Mujeres	87
2009	44	Teruel	02	Resto de Europa	137	Moldova	Hombres	31
2009	44	Teruel	02	Resto de Europa	137	Moldova	Mujeres	18
2009	44	Teruel	02	Resto de Europa	138	Bielorrusia	Hombres	1
2009	44	Teruel	02	Resto de Europa	138	Bielorrusia	Mujeres	3
2009	44	Teruel	02	Resto de Europa	139	Georgia	Mujeres	2
2009	44	Teruel	02	Resto de Europa	145	Bosnia-Herzegovina	Hombres	1
2009	44	Teruel	02	Resto de Europa	146	Croacia	Hombres	1
2009	44	Teruel	02	Resto de Europa	148	Armenia	Hombres	6
2009	44	Teruel	02	Resto de Europa	148	Armenia	Mujeres	1
2009	44	Teruel	02	Resto de Europa	154	Rusia	Hombres	5
2009	44	Teruel	02	Resto de Europa	154	Rusia	Mujeres	14
2009	44	Teruel	02	Resto de Europa	157	Serbia	Hombres	1
2009	44	Teruel	02	Resto de Europa	436	Turquía	Hombres	12
2009	44	Teruel	02	Resto de Europa	436	Turquía	Mujeres	8
2009	44	Teruel	03	Magreb	203	Argelia	Hombres	161
2009	44	Teruel	03	Magreb	203	Argelia	Mujeres	66
2009	44	Teruel	03	Magreb	228	Marruecos	Hombres	2925
2009	44	Teruel	03	Magreb	228	Marruecos	Mujeres	1188
2009	44	Teruel	03	Magreb	230	Mauritania	Hombres	4
2009	44	Teruel	03	Magreb	248	Túnez	Mujeres	3
2009	44	Teruel	04	Resto de África	202	Angola	Hombres	2
2009	44	Teruel	04	Resto de África	207	Cabo Verde	Hombres	19
2009	44	Teruel	04	Resto de África	207	Cabo Verde	Mujeres	18
2009	44	Teruel	04	Resto de África	213	Egipto	Hombres	2
2009	44	Teruel	04	Resto de África	214	Etiopía	Hombres	1
2009	44	Teruel	04	Resto de África	216	Gambia	Hombres	22
2009	44	Teruel	04	Resto de África	216	Gambia	Mujeres	22
2009	44	Teruel	04	Resto de África	217	Ghana	Hombres	6
2009	44	Teruel	04	Resto de África	219	Guinea Bissau	Hombres	3
2009	44	Teruel	04	Resto de África	221	Kenia	Mujeres	4
2009	44	Teruel	04	Resto de África	227	Mali	Hombres	12
2009	44	Teruel	04	Resto de África	227	Mali	Mujeres	1
2009	44	Teruel	04	Resto de África	234	Nigeria	Hombres	1
2009	44	Teruel	04	Resto de África	234	Nigeria	Mujeres	1
2009	44	Teruel	04	Resto de África	237	Ruanda	Hombres	1
2009	44	Teruel	04	Resto de África	239	Senegal	Hombres	31
2009	44	Teruel	04	Resto de África	239	Senegal	Mujeres	5
2009	44	Teruel	05	América del Norte	301	Canadá	Mujeres	2
2009	44	Teruel	05	América del Norte	302	Estados Unidos de América	Hombres	11
2009	44	Teruel	05	América del Norte	302	Estados Unidos de América	Mujeres	9
2009	44	Teruel	06	Resto de América	303	México	Hombres	3
2009	44	Teruel	06	Resto de América	303	México	Mujeres	12
2009	44	Teruel	06	Resto de América	314	Costa Rica	Mujeres	1
2009	44	Teruel	06	Resto de América	315	Cuba	Hombres	89
2009	44	Teruel	06	Resto de América	315	Cuba	Mujeres	100
2009	44	Teruel	06	Resto de América	316	Dominica	Hombres	1
2009	44	Teruel	06	Resto de América	316	Dominica	Mujeres	1
2009	44	Teruel	06	Resto de América	319	Guatemala	Mujeres	2
2009	44	Teruel	06	Resto de América	321	Honduras	Hombres	1
2009	44	Teruel	06	Resto de América	321	Honduras	Mujeres	3
2009	44	Teruel	06	Resto de América	323	Nicaragua	Hombres	1
2009	44	Teruel	06	Resto de América	323	Nicaragua	Mujeres	12
2009	44	Teruel	06	Resto de América	326	República Dominicana	Hombres	151
2009	44	Teruel	06	Resto de América	326	República Dominicana	Mujeres	234
2009	44	Teruel	06	Resto de América	340	Argentina	Hombres	178
2009	44	Teruel	06	Resto de América	340	Argentina	Mujeres	188
2009	44	Teruel	06	Resto de América	341	Bolivia	Hombres	56
2009	44	Teruel	06	Resto de América	341	Bolivia	Mujeres	44
2009	44	Teruel	06	Resto de América	342	Brasil	Hombres	115
2009	44	Teruel	06	Resto de América	342	Brasil	Mujeres	218
2009	44	Teruel	06	Resto de América	343	Colombia	Hombres	530
2009	44	Teruel	06	Resto de América	343	Colombia	Mujeres	554
2009	44	Teruel	06	Resto de América	344	Chile	Hombres	48
2009	44	Teruel	06	Resto de América	344	Chile	Mujeres	59
2009	44	Teruel	06	Resto de América	345	Ecuador	Hombres	195
2009	44	Teruel	06	Resto de América	345	Ecuador	Mujeres	149
2009	44	Teruel	06	Resto de América	347	Paraguay	Hombres	24
2009	44	Teruel	06	Resto de América	347	Paraguay	Mujeres	25
2009	44	Teruel	06	Resto de América	348	Perú	Hombres	127
2009	44	Teruel	06	Resto de América	348	Perú	Mujeres	135
2009	44	Teruel	06	Resto de América	350	Uruguay	Hombres	27
2009	44	Teruel	06	Resto de América	350	Uruguay	Mujeres	29
2009	44	Teruel	06	Resto de América	351	Venezuela	Hombres	16
2009	44	Teruel	06	Resto de América	351	Venezuela	Mujeres	21
2009	44	Teruel	07	Asia	404	Bangladesh	Mujeres	1
2009	44	Teruel	07	Asia	407	China	Hombres	77
2009	44	Teruel	07	Asia	407	China	Mujeres	73
2009	44	Teruel	07	Asia	409	Filipinas	Mujeres	1
2009	44	Teruel	07	Asia	410	India	Hombres	5
2009	44	Teruel	07	Asia	412	Irak	Hombres	1
2009	44	Teruel	07	Asia	413	Irán	Hombres	1
2009	44	Teruel	07	Asia	413	Irán	Mujeres	1
2009	44	Teruel	07	Asia	420	Líbano	Hombres	1
2009	44	Teruel	07	Asia	426	Pakistán	Hombres	362
2009	44	Teruel	07	Asia	426	Pakistán	Mujeres	110
2009	44	Teruel	07	Asia	434	Sri-Lanka	Hombres	1
2009	44	Teruel	07	Asia	434	Sri-Lanka	Mujeres	1
2009	44	Teruel	07	Asia	435	Tailandia	Mujeres	1
2009	44	Teruel	07	Asia	443	Kazajstan	Hombres	5
2009	44	Teruel	07	Asia	443	Kazajstan	Mujeres	6
2009	44	Teruel	07	Asia	444	Kirgvistan	Mujeres	1
2009	44	Teruel	08	Oceanía	501	Australia	Hombres	1
2009	44	Teruel	08	Oceanía	501	Australia	Mujeres	3
2009	50	Zaragoza	01	UE-27_2007	102	Austria	Hombres	19
2009	50	Zaragoza	01	UE-27_2007	102	Austria	Mujeres	27
2009	50	Zaragoza	01	UE-27_2007	103	Bélgica	Hombres	72
2009	50	Zaragoza	01	UE-27_2007	103	Bélgica	Mujeres	51
2009	50	Zaragoza	01	UE-27_2007	104	Bulgaria	Hombres	1952
2009	50	Zaragoza	01	UE-27_2007	104	Bulgaria	Mujeres	1629
2009	50	Zaragoza	01	UE-27_2007	106	Chipre	Mujeres	2
2009	50	Zaragoza	01	UE-27_2007	107	Dinamarca	Hombres	26
2009	50	Zaragoza	01	UE-27_2007	107	Dinamarca	Mujeres	6
2009	50	Zaragoza	01	UE-27_2007	109	Finlandia	Hombres	5
2009	50	Zaragoza	01	UE-27_2007	109	Finlandia	Mujeres	19
2009	50	Zaragoza	01	UE-27_2007	110	Francia	Hombres	563
2009	50	Zaragoza	01	UE-27_2007	110	Francia	Mujeres	618
2009	50	Zaragoza	01	UE-27_2007	111	Grecia	Hombres	25
2009	50	Zaragoza	01	UE-27_2007	111	Grecia	Mujeres	17
2009	50	Zaragoza	01	UE-27_2007	112	Hungría	Hombres	54
2009	50	Zaragoza	01	UE-27_2007	112	Hungría	Mujeres	51
2009	50	Zaragoza	01	UE-27_2007	113	Irlanda	Hombres	34
2009	50	Zaragoza	01	UE-27_2007	113	Irlanda	Mujeres	26
2009	50	Zaragoza	01	UE-27_2007	115	Italia	Hombres	902
2009	50	Zaragoza	01	UE-27_2007	115	Italia	Mujeres	559
2009	50	Zaragoza	01	UE-27_2007	118	Malta	Hombres	1
2009	50	Zaragoza	01	UE-27_2007	121	Países Bajos	Hombres	172
2009	50	Zaragoza	01	UE-27_2007	121	Países Bajos	Mujeres	126
2009	50	Zaragoza	01	UE-27_2007	122	Polonia	Hombres	1591
2009	50	Zaragoza	01	UE-27_2007	122	Polonia	Mujeres	980
2009	50	Zaragoza	01	UE-27_2007	123	Portugal	Hombres	2540
2009	50	Zaragoza	01	UE-27_2007	123	Portugal	Mujeres	1153
2009	50	Zaragoza	01	UE-27_2007	125	Reino Unido	Hombres	264
2009	50	Zaragoza	01	UE-27_2007	125	Reino Unido	Mujeres	203
2009	50	Zaragoza	01	UE-27_2007	126	Alemania	Hombres	326
2009	50	Zaragoza	01	UE-27_2007	126	Alemania	Mujeres	289
2009	50	Zaragoza	01	UE-27_2007	128	Rumanía	Hombres	26723
2009	50	Zaragoza	01	UE-27_2007	128	Rumanía	Mujeres	21980
2009	50	Zaragoza	01	UE-27_2007	131	Suecia	Hombres	28
2009	50	Zaragoza	01	UE-27_2007	131	Suecia	Mujeres	29
2009	50	Zaragoza	01	UE-27_2007	136	Letonia	Hombres	11
2009	50	Zaragoza	01	UE-27_2007	136	Letonia	Mujeres	12
2009	50	Zaragoza	01	UE-27_2007	141	Estonia	Hombres	3
2009	50	Zaragoza	01	UE-27_2007	141	Estonia	Mujeres	7
2009	50	Zaragoza	01	UE-27_2007	142	Lituania	Hombres	89
2009	50	Zaragoza	01	UE-27_2007	142	Lituania	Mujeres	88
2009	50	Zaragoza	01	UE-27_2007	143	República Checa	Hombres	58
2009	50	Zaragoza	01	UE-27_2007	143	República Checa	Mujeres	64
2009	50	Zaragoza	01	UE-27_2007	144	Eslovaquia	Hombres	102
2009	50	Zaragoza	01	UE-27_2007	144	Eslovaquia	Mujeres	63
2009	50	Zaragoza	01	UE-27_2007	147	Eslovenia	Hombres	32
2009	50	Zaragoza	01	UE-27_2007	147	Eslovenia	Mujeres	23
2009	50	Zaragoza	02	Resto de Europa	101	Albania	Hombres	18
2009	50	Zaragoza	02	Resto de Europa	101	Albania	Mujeres	22
2009	50	Zaragoza	02	Resto de Europa	120	Noruega	Hombres	16
2009	50	Zaragoza	02	Resto de Europa	120	Noruega	Mujeres	10
2009	50	Zaragoza	02	Resto de Europa	124	Andorra	Hombres	7
2009	50	Zaragoza	02	Resto de Europa	124	Andorra	Mujeres	6
2009	50	Zaragoza	02	Resto de Europa	132	Suiza	Hombres	26
2009	50	Zaragoza	02	Resto de Europa	132	Suiza	Mujeres	17
2009	50	Zaragoza	02	Resto de Europa	135	Ucrania	Hombres	549
2009	50	Zaragoza	02	Resto de Europa	135	Ucrania	Mujeres	695
2009	50	Zaragoza	02	Resto de Europa	137	Moldova	Hombres	153
2009	50	Zaragoza	02	Resto de Europa	137	Moldova	Mujeres	160
2009	50	Zaragoza	02	Resto de Europa	138	Bielorrusia	Hombres	30
2009	50	Zaragoza	02	Resto de Europa	138	Bielorrusia	Mujeres	54
2009	50	Zaragoza	02	Resto de Europa	139	Georgia	Hombres	36
2009	50	Zaragoza	02	Resto de Europa	139	Georgia	Mujeres	17
2009	50	Zaragoza	02	Resto de Europa	145	Bosnia-Herzegovina	Hombres	12
2009	50	Zaragoza	02	Resto de Europa	145	Bosnia-Herzegovina	Mujeres	25
2009	50	Zaragoza	02	Resto de Europa	146	Croacia	Hombres	9
2009	50	Zaragoza	02	Resto de Europa	146	Croacia	Mujeres	11
2009	50	Zaragoza	02	Resto de Europa	148	Armenia	Hombres	34
2009	50	Zaragoza	02	Resto de Europa	148	Armenia	Mujeres	26
2009	50	Zaragoza	02	Resto de Europa	154	Rusia	Hombres	136
2009	50	Zaragoza	02	Resto de Europa	154	Rusia	Mujeres	472
2009	50	Zaragoza	02	Resto de Europa	156	Macedonia	Mujeres	2
2009	50	Zaragoza	02	Resto de Europa	157	Serbia	Hombres	24
2009	50	Zaragoza	02	Resto de Europa	157	Serbia	Mujeres	14
2009	50	Zaragoza	02	Resto de Europa	436	Turquía	Hombres	30
2009	50	Zaragoza	02	Resto de Europa	436	Turquía	Mujeres	11
2009	50	Zaragoza	03	Magreb	203	Argelia	Hombres	2658
2009	50	Zaragoza	03	Magreb	203	Argelia	Mujeres	1154
2009	50	Zaragoza	03	Magreb	224	Libia	Hombres	3
2009	50	Zaragoza	03	Magreb	224	Libia	Mujeres	1
2009	50	Zaragoza	03	Magreb	228	Marruecos	Hombres	6377
2009	50	Zaragoza	03	Magreb	228	Marruecos	Mujeres	3642
2009	50	Zaragoza	03	Magreb	230	Mauritania	Hombres	282
2009	50	Zaragoza	03	Magreb	230	Mauritania	Mujeres	48
2009	50	Zaragoza	03	Magreb	248	Túnez	Hombres	44
2009	50	Zaragoza	03	Magreb	248	Túnez	Mujeres	29
2009	50	Zaragoza	04	Resto de África	201	Burkina Fasso	Hombres	40
2009	50	Zaragoza	04	Resto de África	201	Burkina Fasso	Mujeres	12
2009	50	Zaragoza	04	Resto de África	202	Angola	Hombres	46
2009	50	Zaragoza	04	Resto de África	202	Angola	Mujeres	27
2009	50	Zaragoza	04	Resto de África	204	Benin	Hombres	5
2009	50	Zaragoza	04	Resto de África	204	Benin	Mujeres	1
2009	50	Zaragoza	04	Resto de África	206	Burundi	Hombres	5
2009	50	Zaragoza	04	Resto de África	206	Burundi	Mujeres	1
2009	50	Zaragoza	04	Resto de África	207	Cabo Verde	Hombres	228
2009	50	Zaragoza	04	Resto de África	207	Cabo Verde	Mujeres	197
2009	50	Zaragoza	04	Resto de África	208	Camerún	Hombres	107
2009	50	Zaragoza	04	Resto de África	208	Camerún	Mujeres	85
2009	50	Zaragoza	04	Resto de África	210	Congo	Hombres	25
2009	50	Zaragoza	04	Resto de África	210	Congo	Mujeres	11
2009	50	Zaragoza	04	Resto de África	211	Costa de Marfil	Hombres	41
2009	50	Zaragoza	04	Resto de África	211	Costa de Marfil	Mujeres	18
2009	50	Zaragoza	04	Resto de África	213	Egipto	Hombres	119
2009	50	Zaragoza	04	Resto de África	213	Egipto	Mujeres	45
2009	50	Zaragoza	04	Resto de África	214	Etiopía	Hombres	4
2009	50	Zaragoza	04	Resto de África	215	Gabón	Hombres	5
2009	50	Zaragoza	04	Resto de África	215	Gabón	Mujeres	4
2009	50	Zaragoza	04	Resto de África	216	Gambia	Hombres	1159
2009	50	Zaragoza	04	Resto de África	216	Gambia	Mujeres	406
2009	50	Zaragoza	04	Resto de África	217	Ghana	Hombres	1266
2009	50	Zaragoza	04	Resto de África	217	Ghana	Mujeres	329
2009	50	Zaragoza	04	Resto de África	218	Guinea	Hombres	356
2009	50	Zaragoza	04	Resto de África	218	Guinea	Mujeres	401
2009	50	Zaragoza	04	Resto de África	219	Guinea Bissau	Hombres	82
2009	50	Zaragoza	04	Resto de África	219	Guinea Bissau	Mujeres	19
2009	50	Zaragoza	04	Resto de África	220	Guinea Ecuatorial	Hombres	250
2009	50	Zaragoza	04	Resto de África	220	Guinea Ecuatorial	Mujeres	482
2009	50	Zaragoza	04	Resto de África	221	Kenia	Hombres	1
2009	50	Zaragoza	04	Resto de África	221	Kenia	Mujeres	7
2009	50	Zaragoza	04	Resto de África	223	Liberia	Hombres	13
2009	50	Zaragoza	04	Resto de África	223	Liberia	Mujeres	3
2009	50	Zaragoza	04	Resto de África	227	Mali	Hombres	455
2009	50	Zaragoza	04	Resto de África	227	Mali	Mujeres	98
2009	50	Zaragoza	04	Resto de África	231	Mozambique	Hombres	3
2009	50	Zaragoza	04	Resto de África	231	Mozambique	Mujeres	6
2009	50	Zaragoza	04	Resto de África	233	Níger	Hombres	6
2009	50	Zaragoza	04	Resto de África	233	Níger	Mujeres	2
2009	50	Zaragoza	04	Resto de África	234	Nigeria	Hombres	423
2009	50	Zaragoza	04	Resto de África	234	Nigeria	Mujeres	345
2009	50	Zaragoza	04	Resto de África	235	República Centroafricana	Hombres	3
2009	50	Zaragoza	04	Resto de África	235	República Centroafricana	Mujeres	2
2009	50	Zaragoza	04	Resto de África	236	Sudáfrica	Hombres	6
2009	50	Zaragoza	04	Resto de África	236	Sudáfrica	Mujeres	3
2009	50	Zaragoza	04	Resto de África	239	Senegal	Hombres	2250
2009	50	Zaragoza	04	Resto de África	239	Senegal	Mujeres	372
2009	50	Zaragoza	04	Resto de África	241	Sierra Leona	Hombres	11
2009	50	Zaragoza	04	Resto de África	241	Sierra Leona	Mujeres	5
2009	50	Zaragoza	04	Resto de África	243	Sudán	Hombres	3
2009	50	Zaragoza	04	Resto de África	243	Sudán	Mujeres	6
2009	50	Zaragoza	04	Resto de África	245	Tanzania	Hombres	1
2009	50	Zaragoza	04	Resto de África	245	Tanzania	Mujeres	1
2009	50	Zaragoza	04	Resto de África	246	Chad	Mujeres	1
2009	50	Zaragoza	04	Resto de África	247	Togo	Hombres	16
2009	50	Zaragoza	04	Resto de África	247	Togo	Mujeres	6
2009	50	Zaragoza	04	Resto de África	250	Rep. Democrática del Congo	Hombres	50
2009	50	Zaragoza	04	Resto de África	250	Rep. Democrática del Congo	Mujeres	23
2009	50	Zaragoza	04	Resto de África	251	Zambia	Mujeres	1
2009	50	Zaragoza	04	Resto de África	299	Países sin relaciones diplomáticas	Mujeres	1
2009	50	Zaragoza	05	América del Norte	301	Canadá	Hombres	15
2009	50	Zaragoza	05	América del Norte	301	Canadá	Mujeres	15
2009	50	Zaragoza	05	América del Norte	302	Estados Unidos de América	Hombres	241
2009	50	Zaragoza	05	América del Norte	302	Estados Unidos de América	Mujeres	144
2009	50	Zaragoza	06	Resto de América	303	México	Hombres	144
2009	50	Zaragoza	06	Resto de América	303	México	Mujeres	216
2009	50	Zaragoza	06	Resto de América	314	Costa Rica	Hombres	17
2009	50	Zaragoza	06	Resto de América	314	Costa Rica	Mujeres	20
2009	50	Zaragoza	06	Resto de América	315	Cuba	Hombres	437
2009	50	Zaragoza	06	Resto de América	315	Cuba	Mujeres	590
2009	50	Zaragoza	06	Resto de América	316	Dominica	Hombres	4
2009	50	Zaragoza	06	Resto de América	316	Dominica	Mujeres	11
2009	50	Zaragoza	06	Resto de América	317	El Salvador	Hombres	90
2009	50	Zaragoza	06	Resto de América	317	El Salvador	Mujeres	134
2009	50	Zaragoza	06	Resto de América	319	Guatemala	Hombres	40
2009	50	Zaragoza	06	Resto de América	319	Guatemala	Mujeres	37
2009	50	Zaragoza	06	Resto de América	320	Haití	Hombres	2
2009	50	Zaragoza	06	Resto de América	321	Honduras	Hombres	202
2009	50	Zaragoza	06	Resto de América	321	Honduras	Mujeres	385
2009	50	Zaragoza	06	Resto de América	323	Nicaragua	Hombres	664
2009	50	Zaragoza	06	Resto de América	323	Nicaragua	Mujeres	1965
2009	50	Zaragoza	06	Resto de América	324	Panamá	Hombres	28
2009	50	Zaragoza	06	Resto de América	324	Panamá	Mujeres	33
2009	50	Zaragoza	06	Resto de América	326	República Dominicana	Hombres	714
2009	50	Zaragoza	06	Resto de América	326	República Dominicana	Mujeres	1090
2009	50	Zaragoza	06	Resto de América	327	Trinidad y Tobago	Mujeres	1
2009	50	Zaragoza	06	Resto de América	340	Argentina	Hombres	614
2009	50	Zaragoza	06	Resto de América	340	Argentina	Mujeres	725
2009	50	Zaragoza	06	Resto de América	341	Bolivia	Hombres	354
2009	50	Zaragoza	06	Resto de América	341	Bolivia	Mujeres	401
2009	50	Zaragoza	06	Resto de América	342	Brasil	Hombres	634
2009	50	Zaragoza	06	Resto de América	342	Brasil	Mujeres	1264
2009	50	Zaragoza	06	Resto de América	343	Colombia	Hombres	2587
2009	50	Zaragoza	06	Resto de América	343	Colombia	Mujeres	3187
2009	50	Zaragoza	06	Resto de América	344	Chile	Hombres	347
2009	50	Zaragoza	06	Resto de América	344	Chile	Mujeres	369
2009	50	Zaragoza	06	Resto de América	345	Ecuador	Hombres	5075
2009	50	Zaragoza	06	Resto de América	345	Ecuador	Mujeres	4959
2009	50	Zaragoza	06	Resto de América	347	Paraguay	Hombres	79
2009	50	Zaragoza	06	Resto de América	347	Paraguay	Mujeres	205
2009	50	Zaragoza	06	Resto de América	348	Perú	Hombres	1062
2009	50	Zaragoza	06	Resto de América	348	Perú	Mujeres	974
2009	50	Zaragoza	06	Resto de América	349	Surinam	Mujeres	1
2009	50	Zaragoza	06	Resto de América	350	Uruguay	Hombres	197
2009	50	Zaragoza	06	Resto de América	350	Uruguay	Mujeres	208
2009	50	Zaragoza	06	Resto de América	351	Venezuela	Hombres	304
2009	50	Zaragoza	06	Resto de América	351	Venezuela	Mujeres	503
2009	50	Zaragoza	07	Asia	401	Afganistán	Hombres	1
2009	50	Zaragoza	07	Asia	404	Bangladesh	Hombres	10
2009	50	Zaragoza	07	Asia	404	Bangladesh	Mujeres	7
2009	50	Zaragoza	07	Asia	407	China	Hombres	1986
2009	50	Zaragoza	07	Asia	407	China	Mujeres	1799
2009	50	Zaragoza	07	Asia	409	Filipinas	Hombres	10
2009	50	Zaragoza	07	Asia	409	Filipinas	Mujeres	21
2009	50	Zaragoza	07	Asia	410	India	Hombres	81
2009	50	Zaragoza	07	Asia	410	India	Mujeres	31
2009	50	Zaragoza	07	Asia	411	Indonesia	Hombres	4
2009	50	Zaragoza	07	Asia	411	Indonesia	Mujeres	8
2009	50	Zaragoza	07	Asia	412	Irak	Mujeres	1
2009	50	Zaragoza	07	Asia	413	Irán	Hombres	4
2009	50	Zaragoza	07	Asia	413	Irán	Mujeres	2
2009	50	Zaragoza	07	Asia	414	Israel	Hombres	4
2009	50	Zaragoza	07	Asia	414	Israel	Mujeres	3
2009	50	Zaragoza	07	Asia	415	Japón	Hombres	10
2009	50	Zaragoza	07	Asia	415	Japón	Mujeres	20
2009	50	Zaragoza	07	Asia	416	Jordania	Hombres	12
2009	50	Zaragoza	07	Asia	416	Jordania	Mujeres	4
2009	50	Zaragoza	07	Asia	420	Líbano	Hombres	9
2009	50	Zaragoza	07	Asia	420	Líbano	Mujeres	9
2009	50	Zaragoza	07	Asia	421	Malasia	Hombres	2
2009	50	Zaragoza	07	Asia	424	Nepal	Hombres	5
2009	50	Zaragoza	07	Asia	424	Nepal	Mujeres	3
2009	50	Zaragoza	07	Asia	426	Pakistán	Hombres	520
2009	50	Zaragoza	07	Asia	426	Pakistán	Mujeres	47
2009	50	Zaragoza	07	Asia	430	República de Corea	Hombres	9
2009	50	Zaragoza	07	Asia	430	República de Corea	Mujeres	11
2009	50	Zaragoza	07	Asia	433	Siria	Hombres	24
2009	50	Zaragoza	07	Asia	433	Siria	Mujeres	12
2009	50	Zaragoza	07	Asia	434	Sri-Lanka	Hombres	1
2009	50	Zaragoza	07	Asia	434	Sri-Lanka	Mujeres	1
2009	50	Zaragoza	07	Asia	435	Tailandia	Mujeres	6
2009	50	Zaragoza	07	Asia	437	Vietnam	Hombres	2
2009	50	Zaragoza	07	Asia	437	Vietnam	Mujeres	4
2009	50	Zaragoza	07	Asia	442	Azerbaiyan	Hombres	3
2009	50	Zaragoza	07	Asia	443	Kazajstan	Hombres	2
2009	50	Zaragoza	07	Asia	443	Kazajstan	Mujeres	9
2009	50	Zaragoza	07	Asia	444	Kirgvistan	Hombres	1
2009	50	Zaragoza	07	Asia	444	Kirgvistan	Mujeres	14
2009	50	Zaragoza	07	Asia	447	Uzbekistán	Hombres	3
2009	50	Zaragoza	07	Asia	447	Uzbekistán	Mujeres	11
2009	50	Zaragoza	07	Asia	499	Países sin relaciones diplomáticas	Hombres	4
2009	50	Zaragoza	07	Asia	499	Países sin relaciones diplomáticas	Mujeres	5
2009	50	Zaragoza	08	Oceanía	501	Australia	Hombres	3
2009	50	Zaragoza	08	Oceanía	501	Australia	Mujeres	5
2009	50	Zaragoza	08	Oceanía	504	Nueva Zelanda	Hombres	4
2009	50	Zaragoza	08	Oceanía	504	Nueva Zelanda	Mujeres	3
2009	50	Zaragoza	09	Apátridas y no consta	555	Apátridas	Hombres	20
2009	50	Zaragoza	09	Apátridas y no consta	555	Apátridas	Mujeres	9
2010	22	Huesca	01	UE-27_2007	102	Austria	Hombres	10
2010	22	Huesca	01	UE-27_2007	102	Austria	Mujeres	6
2010	22	Huesca	01	UE-27_2007	103	Bélgica	Hombres	47
2010	22	Huesca	01	UE-27_2007	103	Bélgica	Mujeres	44
2010	22	Huesca	01	UE-27_2007	104	Bulgaria	Hombres	1052
2010	22	Huesca	01	UE-27_2007	104	Bulgaria	Mujeres	915
2010	22	Huesca	01	UE-27_2007	107	Dinamarca	Hombres	3
2010	22	Huesca	01	UE-27_2007	107	Dinamarca	Mujeres	4
2010	22	Huesca	01	UE-27_2007	109	Finlandia	Hombres	2
2010	22	Huesca	01	UE-27_2007	109	Finlandia	Mujeres	4
2010	22	Huesca	01	UE-27_2007	110	Francia	Hombres	268
2010	22	Huesca	01	UE-27_2007	110	Francia	Mujeres	263
2010	22	Huesca	01	UE-27_2007	111	Grecia	Hombres	4
2010	22	Huesca	01	UE-27_2007	111	Grecia	Mujeres	7
2010	22	Huesca	01	UE-27_2007	112	Hungría	Hombres	11
2010	22	Huesca	01	UE-27_2007	112	Hungría	Mujeres	9
2010	22	Huesca	01	UE-27_2007	113	Irlanda	Hombres	10
2010	22	Huesca	01	UE-27_2007	113	Irlanda	Mujeres	8
2010	22	Huesca	01	UE-27_2007	115	Italia	Hombres	140
2010	22	Huesca	01	UE-27_2007	115	Italia	Mujeres	85
2010	22	Huesca	01	UE-27_2007	121	Países Bajos	Hombres	70
2010	22	Huesca	01	UE-27_2007	121	Países Bajos	Mujeres	76
2010	22	Huesca	01	UE-27_2007	122	Polonia	Hombres	457
2010	22	Huesca	01	UE-27_2007	122	Polonia	Mujeres	376
2010	22	Huesca	01	UE-27_2007	123	Portugal	Hombres	702
2010	22	Huesca	01	UE-27_2007	123	Portugal	Mujeres	322
2010	22	Huesca	01	UE-27_2007	125	Reino Unido	Hombres	104
2010	22	Huesca	01	UE-27_2007	125	Reino Unido	Mujeres	95
2010	22	Huesca	01	UE-27_2007	126	Alemania	Hombres	88
2010	22	Huesca	01	UE-27_2007	126	Alemania	Mujeres	97
2010	22	Huesca	01	UE-27_2007	128	Rumanía	Hombres	4084
2010	22	Huesca	01	UE-27_2007	128	Rumanía	Mujeres	3679
2010	22	Huesca	01	UE-27_2007	131	Suecia	Hombres	4
2010	22	Huesca	01	UE-27_2007	131	Suecia	Mujeres	4
2010	22	Huesca	01	UE-27_2007	136	Letonia	Hombres	12
2010	22	Huesca	01	UE-27_2007	136	Letonia	Mujeres	10
2010	22	Huesca	01	UE-27_2007	141	Estonia	Mujeres	2
2010	22	Huesca	01	UE-27_2007	142	Lituania	Hombres	156
2010	22	Huesca	01	UE-27_2007	142	Lituania	Mujeres	152
2010	22	Huesca	01	UE-27_2007	143	República Checa	Hombres	26
2010	22	Huesca	01	UE-27_2007	143	República Checa	Mujeres	15
2010	22	Huesca	01	UE-27_2007	144	Eslovaquia	Hombres	26
2010	22	Huesca	01	UE-27_2007	144	Eslovaquia	Mujeres	13
2010	22	Huesca	01	UE-27_2007	147	Eslovenia	Hombres	1
2010	22	Huesca	01	UE-27_2007	147	Eslovenia	Mujeres	1
2010	22	Huesca	02	Resto de Europa	101	Albania	Hombres	3
2010	22	Huesca	02	Resto de Europa	101	Albania	Mujeres	1
2010	22	Huesca	02	Resto de Europa	120	Noruega	Mujeres	1
2010	22	Huesca	02	Resto de Europa	124	Andorra	Hombres	5
2010	22	Huesca	02	Resto de Europa	124	Andorra	Mujeres	2
2010	22	Huesca	02	Resto de Europa	132	Suiza	Hombres	14
2010	22	Huesca	02	Resto de Europa	132	Suiza	Mujeres	15
2010	22	Huesca	02	Resto de Europa	135	Ucrania	Hombres	285
2010	22	Huesca	02	Resto de Europa	135	Ucrania	Mujeres	266
2010	22	Huesca	02	Resto de Europa	137	Moldova	Hombres	22
2010	22	Huesca	02	Resto de Europa	137	Moldova	Mujeres	14
2010	22	Huesca	02	Resto de Europa	138	Bielorrusia	Hombres	8
2010	22	Huesca	02	Resto de Europa	138	Bielorrusia	Mujeres	8
2010	22	Huesca	02	Resto de Europa	139	Georgia	Hombres	5
2010	22	Huesca	02	Resto de Europa	139	Georgia	Mujeres	6
2010	22	Huesca	02	Resto de Europa	145	Bosnia-Herzegovina	Mujeres	1
2010	22	Huesca	02	Resto de Europa	148	Armenia	Hombres	28
2010	22	Huesca	02	Resto de Europa	148	Armenia	Mujeres	27
2010	22	Huesca	02	Resto de Europa	154	Rusia	Hombres	36
2010	22	Huesca	02	Resto de Europa	154	Rusia	Mujeres	86
2010	22	Huesca	02	Resto de Europa	156	Macedonia	Mujeres	1
2010	22	Huesca	02	Resto de Europa	157	Serbia	Hombres	10
2010	22	Huesca	02	Resto de Europa	157	Serbia	Mujeres	2
2010	22	Huesca	02	Resto de Europa	436	Turquía	Hombres	1
2010	22	Huesca	03	Magreb	203	Argelia	Hombres	658
2010	22	Huesca	03	Magreb	203	Argelia	Mujeres	281
2010	22	Huesca	03	Magreb	228	Marruecos	Hombres	2314
2010	22	Huesca	03	Magreb	228	Marruecos	Mujeres	1489
2010	22	Huesca	03	Magreb	230	Mauritania	Hombres	130
2010	22	Huesca	03	Magreb	230	Mauritania	Mujeres	23
2010	22	Huesca	03	Magreb	248	Túnez	Hombres	1
2010	22	Huesca	04	Resto de África	201	Burkina Fasso	Hombres	42
2010	22	Huesca	04	Resto de África	201	Burkina Fasso	Mujeres	17
2010	22	Huesca	04	Resto de África	202	Angola	Hombres	4
2010	22	Huesca	04	Resto de África	202	Angola	Mujeres	3
2010	22	Huesca	04	Resto de África	204	Benin	Mujeres	1
2010	22	Huesca	04	Resto de África	207	Cabo Verde	Hombres	10
2010	22	Huesca	04	Resto de África	207	Cabo Verde	Mujeres	8
2010	22	Huesca	04	Resto de África	208	Camerún	Hombres	6
2010	22	Huesca	04	Resto de África	208	Camerún	Mujeres	2
2010	22	Huesca	04	Resto de África	210	Congo	Hombres	1
2010	22	Huesca	04	Resto de África	211	Costa de Marfil	Hombres	31
2010	22	Huesca	04	Resto de África	211	Costa de Marfil	Mujeres	15
2010	22	Huesca	04	Resto de África	213	Egipto	Mujeres	1
2010	22	Huesca	04	Resto de África	216	Gambia	Hombres	564
2010	22	Huesca	04	Resto de África	216	Gambia	Mujeres	155
2010	22	Huesca	04	Resto de África	217	Ghana	Hombres	58
2010	22	Huesca	04	Resto de África	217	Ghana	Mujeres	28
2010	22	Huesca	04	Resto de África	218	Guinea	Hombres	192
2010	22	Huesca	04	Resto de África	218	Guinea	Mujeres	78
2010	22	Huesca	04	Resto de África	219	Guinea Bissau	Hombres	19
2010	22	Huesca	04	Resto de África	219	Guinea Bissau	Mujeres	2
2010	22	Huesca	04	Resto de África	220	Guinea Ecuatorial	Hombres	8
2010	22	Huesca	04	Resto de África	220	Guinea Ecuatorial	Mujeres	13
2010	22	Huesca	04	Resto de África	221	Kenia	Hombres	3
2010	22	Huesca	04	Resto de África	221	Kenia	Mujeres	20
2010	22	Huesca	04	Resto de África	223	Liberia	Hombres	2
2010	22	Huesca	04	Resto de África	223	Liberia	Mujeres	2
2010	22	Huesca	04	Resto de África	227	Mali	Hombres	812
2010	22	Huesca	04	Resto de África	227	Mali	Mujeres	134
2010	22	Huesca	04	Resto de África	231	Mozambique	Mujeres	1
2010	22	Huesca	04	Resto de África	233	Níger	Hombres	10
2010	22	Huesca	04	Resto de África	233	Níger	Mujeres	3
2010	22	Huesca	04	Resto de África	234	Nigeria	Hombres	70
2010	22	Huesca	04	Resto de África	234	Nigeria	Mujeres	37
2010	22	Huesca	04	Resto de África	237	Ruanda	Mujeres	1
2010	22	Huesca	04	Resto de África	238	Santo Tome y Príncipe	Mujeres	1
2010	22	Huesca	04	Resto de África	239	Senegal	Hombres	418
2010	22	Huesca	04	Resto de África	239	Senegal	Mujeres	51
2010	22	Huesca	04	Resto de África	241	Sierra Leona	Hombres	2
2010	22	Huesca	04	Resto de África	241	Sierra Leona	Mujeres	1
2010	22	Huesca	04	Resto de África	247	Togo	Hombres	1
2010	22	Huesca	04	Resto de África	247	Togo	Mujeres	2
2010	22	Huesca	04	Resto de África	251	Zambia	Mujeres	1
2010	22	Huesca	04	Resto de África	299	Países sin relaciones diplomáticas	Hombres	1
2010	22	Huesca	05	América del Norte	301	Canadá	Hombres	3
2010	22	Huesca	05	América del Norte	301	Canadá	Mujeres	2
2010	22	Huesca	05	América del Norte	302	Estados Unidos de América	Hombres	20
2010	22	Huesca	05	América del Norte	302	Estados Unidos de América	Mujeres	23
2010	22	Huesca	06	Resto de América	303	México	Hombres	34
2010	22	Huesca	06	Resto de América	303	México	Mujeres	37
2010	22	Huesca	06	Resto de América	314	Costa Rica	Hombres	2
2010	22	Huesca	06	Resto de América	314	Costa Rica	Mujeres	4
2010	22	Huesca	06	Resto de América	315	Cuba	Hombres	75
2010	22	Huesca	06	Resto de América	315	Cuba	Mujeres	113
2010	22	Huesca	06	Resto de América	316	Dominica	Hombres	1
2010	22	Huesca	06	Resto de América	316	Dominica	Mujeres	2
2010	22	Huesca	06	Resto de América	317	El Salvador	Hombres	1
2010	22	Huesca	06	Resto de América	317	El Salvador	Mujeres	6
2010	22	Huesca	06	Resto de América	319	Guatemala	Hombres	12
2010	22	Huesca	06	Resto de América	319	Guatemala	Mujeres	19
2010	22	Huesca	06	Resto de América	321	Honduras	Hombres	13
2010	22	Huesca	06	Resto de América	321	Honduras	Mujeres	34
2010	22	Huesca	06	Resto de América	323	Nicaragua	Hombres	15
2010	22	Huesca	06	Resto de América	323	Nicaragua	Mujeres	95
2010	22	Huesca	06	Resto de América	324	Panamá	Hombres	2
2010	22	Huesca	06	Resto de América	324	Panamá	Mujeres	5
2010	22	Huesca	06	Resto de América	326	República Dominicana	Hombres	182
2010	22	Huesca	06	Resto de América	326	República Dominicana	Mujeres	321
2010	22	Huesca	06	Resto de América	340	Argentina	Hombres	244
2010	22	Huesca	06	Resto de América	340	Argentina	Mujeres	238
2010	22	Huesca	06	Resto de América	341	Bolivia	Hombres	168
2010	22	Huesca	06	Resto de América	341	Bolivia	Mujeres	204
2010	22	Huesca	06	Resto de América	342	Brasil	Hombres	72
2010	22	Huesca	06	Resto de América	342	Brasil	Mujeres	203
2010	22	Huesca	06	Resto de América	343	Colombia	Hombres	544
2010	22	Huesca	06	Resto de América	343	Colombia	Mujeres	651
2010	22	Huesca	06	Resto de América	344	Chile	Hombres	67
2010	22	Huesca	06	Resto de América	344	Chile	Mujeres	55
2010	22	Huesca	06	Resto de América	345	Ecuador	Hombres	542
2010	22	Huesca	06	Resto de América	345	Ecuador	Mujeres	560
2010	22	Huesca	06	Resto de América	347	Paraguay	Hombres	17
2010	22	Huesca	06	Resto de América	347	Paraguay	Mujeres	42
2010	22	Huesca	06	Resto de América	348	Perú	Hombres	112
2010	22	Huesca	06	Resto de América	348	Perú	Mujeres	150
2010	22	Huesca	06	Resto de América	350	Uruguay	Hombres	89
2010	22	Huesca	06	Resto de América	350	Uruguay	Mujeres	103
2010	22	Huesca	06	Resto de América	351	Venezuela	Hombres	59
2010	22	Huesca	06	Resto de América	351	Venezuela	Mujeres	94
2010	22	Huesca	07	Asia	404	Bangladesh	Hombres	1
2010	22	Huesca	07	Asia	407	China	Hombres	279
2010	22	Huesca	07	Asia	407	China	Mujeres	125
2010	22	Huesca	07	Asia	409	Filipinas	Hombres	4
2010	22	Huesca	07	Asia	409	Filipinas	Mujeres	4
2010	22	Huesca	07	Asia	410	India	Hombres	3
2010	22	Huesca	07	Asia	410	India	Mujeres	8
2010	22	Huesca	07	Asia	414	Israel	Hombres	1
2010	22	Huesca	07	Asia	415	Japón	Hombres	2
2010	22	Huesca	07	Asia	415	Japón	Mujeres	3
2010	22	Huesca	07	Asia	419	Laos	Mujeres	1
2010	22	Huesca	07	Asia	420	Líbano	Hombres	1
2010	22	Huesca	07	Asia	421	Malasia	Hombres	1
2010	22	Huesca	07	Asia	423	Mongolia	Mujeres	3
2010	22	Huesca	07	Asia	424	Nepal	Hombres	1
2010	22	Huesca	07	Asia	424	Nepal	Mujeres	1
2010	22	Huesca	07	Asia	426	Pakistán	Hombres	35
2010	22	Huesca	07	Asia	426	Pakistán	Mujeres	12
2010	22	Huesca	07	Asia	430	República de Corea	Mujeres	3
2010	22	Huesca	07	Asia	433	Siria	Hombres	1
2010	22	Huesca	07	Asia	433	Siria	Mujeres	2
2010	22	Huesca	07	Asia	435	Tailandia	Mujeres	8
2010	22	Huesca	07	Asia	447	Uzbekistán	Mujeres	1
2010	22	Huesca	07	Asia	499	Países sin relaciones diplomáticas	Hombres	8
2010	22	Huesca	07	Asia	499	Países sin relaciones diplomáticas	Mujeres	4
2010	22	Huesca	08	Oceanía	501	Australia	Hombres	4
2010	22	Huesca	08	Oceanía	501	Australia	Mujeres	2
2010	22	Huesca	08	Oceanía	504	Nueva Zelanda	Hombres	1
2010	22	Huesca	08	Oceanía	511	Micronesia	Hombres	4
2010	22	Huesca	08	Oceanía	511	Micronesia	Mujeres	2
2010	22	Huesca	08	Oceanía	512	Tuvalu	Hombres	1
2010	22	Huesca	08	Oceanía	512	Tuvalu	Mujeres	1
2010	22	Huesca	08	Oceanía	515	Nauru	Mujeres	2
2010	22	Huesca	08	Oceanía	516	Palaos	Hombres	5
2010	22	Huesca	08	Oceanía	516	Palaos	Mujeres	3
2010	44	Teruel	01	UE-27_2007	102	Austria	Hombres	2
2010	44	Teruel	01	UE-27_2007	103	Bélgica	Hombres	7
2010	44	Teruel	01	UE-27_2007	103	Bélgica	Mujeres	10
2010	44	Teruel	01	UE-27_2007	104	Bulgaria	Hombres	182
2010	44	Teruel	01	UE-27_2007	104	Bulgaria	Mujeres	143
2010	44	Teruel	01	UE-27_2007	107	Dinamarca	Mujeres	1
2010	44	Teruel	01	UE-27_2007	110	Francia	Hombres	53
2010	44	Teruel	01	UE-27_2007	110	Francia	Mujeres	60
2010	44	Teruel	01	UE-27_2007	111	Grecia	Hombres	1
2010	44	Teruel	01	UE-27_2007	112	Hungría	Hombres	8
2010	44	Teruel	01	UE-27_2007	112	Hungría	Mujeres	9
2010	44	Teruel	01	UE-27_2007	113	Irlanda	Hombres	7
2010	44	Teruel	01	UE-27_2007	113	Irlanda	Mujeres	4
2010	44	Teruel	01	UE-27_2007	115	Italia	Hombres	94
2010	44	Teruel	01	UE-27_2007	115	Italia	Mujeres	42
2010	44	Teruel	01	UE-27_2007	121	Países Bajos	Hombres	14
2010	44	Teruel	01	UE-27_2007	121	Países Bajos	Mujeres	14
2010	44	Teruel	01	UE-27_2007	122	Polonia	Hombres	535
2010	44	Teruel	01	UE-27_2007	122	Polonia	Mujeres	360
2010	44	Teruel	01	UE-27_2007	123	Portugal	Hombres	239
2010	44	Teruel	01	UE-27_2007	123	Portugal	Mujeres	118
2010	44	Teruel	01	UE-27_2007	125	Reino Unido	Hombres	67
2010	44	Teruel	01	UE-27_2007	125	Reino Unido	Mujeres	58
2010	44	Teruel	01	UE-27_2007	126	Alemania	Hombres	45
2010	44	Teruel	01	UE-27_2007	126	Alemania	Mujeres	41
2010	44	Teruel	01	UE-27_2007	128	Rumanía	Hombres	3648
2010	44	Teruel	01	UE-27_2007	128	Rumanía	Mujeres	3148
2010	44	Teruel	01	UE-27_2007	131	Suecia	Hombres	4
2010	44	Teruel	01	UE-27_2007	131	Suecia	Mujeres	3
2010	44	Teruel	01	UE-27_2007	136	Letonia	Hombres	4
2010	44	Teruel	01	UE-27_2007	136	Letonia	Mujeres	5
2010	44	Teruel	01	UE-27_2007	142	Lituania	Hombres	5
2010	44	Teruel	01	UE-27_2007	142	Lituania	Mujeres	6
2010	44	Teruel	01	UE-27_2007	143	República Checa	Hombres	27
2010	44	Teruel	01	UE-27_2007	143	República Checa	Mujeres	20
2010	44	Teruel	01	UE-27_2007	144	Eslovaquia	Hombres	1
2010	44	Teruel	01	UE-27_2007	144	Eslovaquia	Mujeres	2
2010	44	Teruel	02	Resto de Europa	101	Albania	Hombres	6
2010	44	Teruel	02	Resto de Europa	101	Albania	Mujeres	4
2010	44	Teruel	02	Resto de Europa	114	Islandia	Hombres	1
2010	44	Teruel	02	Resto de Europa	132	Suiza	Hombres	1
2010	44	Teruel	02	Resto de Europa	132	Suiza	Mujeres	6
2010	44	Teruel	02	Resto de Europa	135	Ucrania	Hombres	101
2010	44	Teruel	02	Resto de Europa	135	Ucrania	Mujeres	80
2010	44	Teruel	02	Resto de Europa	137	Moldova	Hombres	25
2010	44	Teruel	02	Resto de Europa	137	Moldova	Mujeres	20
2010	44	Teruel	02	Resto de Europa	138	Bielorrusia	Hombres	1
2010	44	Teruel	02	Resto de Europa	138	Bielorrusia	Mujeres	3
2010	44	Teruel	02	Resto de Europa	139	Georgia	Mujeres	3
2010	44	Teruel	02	Resto de Europa	145	Bosnia-Herzegovina	Hombres	1
2010	44	Teruel	02	Resto de Europa	146	Croacia	Hombres	1
2010	44	Teruel	02	Resto de Europa	148	Armenia	Hombres	9
2010	44	Teruel	02	Resto de Europa	148	Armenia	Mujeres	7
2010	44	Teruel	02	Resto de Europa	154	Rusia	Hombres	5
2010	44	Teruel	02	Resto de Europa	154	Rusia	Mujeres	16
2010	44	Teruel	02	Resto de Europa	157	Serbia	Hombres	1
2010	44	Teruel	02	Resto de Europa	436	Turquía	Hombres	4
2010	44	Teruel	02	Resto de Europa	436	Turquía	Mujeres	5
2010	44	Teruel	03	Magreb	203	Argelia	Hombres	139
2010	44	Teruel	03	Magreb	203	Argelia	Mujeres	61
2010	44	Teruel	03	Magreb	228	Marruecos	Hombres	2773
2010	44	Teruel	03	Magreb	228	Marruecos	Mujeres	1366
2010	44	Teruel	03	Magreb	230	Mauritania	Hombres	3
2010	44	Teruel	03	Magreb	248	Túnez	Mujeres	3
2010	44	Teruel	04	Resto de África	202	Angola	Hombres	2
2010	44	Teruel	04	Resto de África	207	Cabo Verde	Hombres	16
2010	44	Teruel	04	Resto de África	207	Cabo Verde	Mujeres	20
2010	44	Teruel	04	Resto de África	213	Egipto	Hombres	2
2010	44	Teruel	04	Resto de África	214	Etiopía	Hombres	1
2010	44	Teruel	04	Resto de África	216	Gambia	Hombres	23
2010	44	Teruel	04	Resto de África	216	Gambia	Mujeres	22
2010	44	Teruel	04	Resto de África	217	Ghana	Hombres	5
2010	44	Teruel	04	Resto de África	217	Ghana	Mujeres	2
2010	44	Teruel	04	Resto de África	218	Guinea	Hombres	1
2010	44	Teruel	04	Resto de África	221	Kenia	Mujeres	3
2010	44	Teruel	04	Resto de África	227	Mali	Hombres	11
2010	44	Teruel	04	Resto de África	227	Mali	Mujeres	1
2010	44	Teruel	04	Resto de África	234	Nigeria	Hombres	1
2010	44	Teruel	04	Resto de África	237	Ruanda	Hombres	1
2010	44	Teruel	04	Resto de África	239	Senegal	Hombres	23
2010	44	Teruel	04	Resto de África	239	Senegal	Mujeres	3
2010	44	Teruel	05	América del Norte	301	Canadá	Mujeres	2
2010	44	Teruel	05	América del Norte	302	Estados Unidos de América	Hombres	11
2010	44	Teruel	05	América del Norte	302	Estados Unidos de América	Mujeres	11
2010	44	Teruel	06	Resto de América	303	México	Hombres	6
2010	44	Teruel	06	Resto de América	303	México	Mujeres	12
2010	44	Teruel	06	Resto de América	315	Cuba	Hombres	79
2010	44	Teruel	06	Resto de América	315	Cuba	Mujeres	100
2010	44	Teruel	06	Resto de América	321	Honduras	Hombres	4
2010	44	Teruel	06	Resto de América	321	Honduras	Mujeres	2
2010	44	Teruel	06	Resto de América	323	Nicaragua	Hombres	3
2010	44	Teruel	06	Resto de América	323	Nicaragua	Mujeres	16
2010	44	Teruel	06	Resto de América	326	República Dominicana	Hombres	170
2010	44	Teruel	06	Resto de América	326	República Dominicana	Mujeres	238
2010	44	Teruel	06	Resto de América	340	Argentina	Hombres	150
2010	44	Teruel	06	Resto de América	340	Argentina	Mujeres	166
2010	44	Teruel	06	Resto de América	341	Bolivia	Hombres	59
2010	44	Teruel	06	Resto de América	341	Bolivia	Mujeres	49
2010	44	Teruel	06	Resto de América	342	Brasil	Hombres	109
2010	44	Teruel	06	Resto de América	342	Brasil	Mujeres	208
2010	44	Teruel	06	Resto de América	343	Colombia	Hombres	492
2010	44	Teruel	06	Resto de América	343	Colombia	Mujeres	549
2010	44	Teruel	06	Resto de América	344	Chile	Hombres	43
2010	44	Teruel	06	Resto de América	344	Chile	Mujeres	51
2010	44	Teruel	06	Resto de América	345	Ecuador	Hombres	188
2010	44	Teruel	06	Resto de América	345	Ecuador	Mujeres	146
2010	44	Teruel	06	Resto de América	347	Paraguay	Hombres	20
2010	44	Teruel	06	Resto de América	347	Paraguay	Mujeres	26
2010	44	Teruel	06	Resto de América	348	Perú	Hombres	122
2010	44	Teruel	06	Resto de América	348	Perú	Mujeres	139
2010	44	Teruel	06	Resto de América	350	Uruguay	Hombres	24
2010	44	Teruel	06	Resto de América	350	Uruguay	Mujeres	26
2010	44	Teruel	06	Resto de América	351	Venezuela	Hombres	18
2010	44	Teruel	06	Resto de América	351	Venezuela	Mujeres	23
2010	44	Teruel	07	Asia	407	China	Hombres	88
2010	44	Teruel	07	Asia	407	China	Mujeres	67
2010	44	Teruel	07	Asia	410	India	Hombres	6
2010	44	Teruel	07	Asia	410	India	Mujeres	1
2010	44	Teruel	07	Asia	412	Irak	Hombres	1
2010	44	Teruel	07	Asia	413	Irán	Hombres	1
2010	44	Teruel	07	Asia	413	Irán	Mujeres	1
2010	44	Teruel	07	Asia	416	Jordania	Hombres	1
2010	44	Teruel	07	Asia	420	Líbano	Hombres	2
2010	44	Teruel	07	Asia	426	Pakistán	Hombres	304
2010	44	Teruel	07	Asia	426	Pakistán	Mujeres	111
2010	44	Teruel	07	Asia	434	Sri-Lanka	Hombres	1
2010	44	Teruel	07	Asia	434	Sri-Lanka	Mujeres	1
2010	44	Teruel	07	Asia	435	Tailandia	Mujeres	1
2010	44	Teruel	07	Asia	443	Kazajstan	Hombres	5
2010	44	Teruel	07	Asia	443	Kazajstan	Mujeres	7
2010	44	Teruel	07	Asia	444	Kirgvistan	Mujeres	1
2010	44	Teruel	08	Oceanía	501	Australia	Hombres	1
2010	44	Teruel	08	Oceanía	501	Australia	Mujeres	3
2010	50	Zaragoza	01	UE-27_2007	102	Austria	Hombres	24
2010	50	Zaragoza	01	UE-27_2007	102	Austria	Mujeres	30
2010	50	Zaragoza	01	UE-27_2007	103	Bélgica	Hombres	74
2010	50	Zaragoza	01	UE-27_2007	103	Bélgica	Mujeres	48
2010	50	Zaragoza	01	UE-27_2007	104	Bulgaria	Hombres	1967
2010	50	Zaragoza	01	UE-27_2007	104	Bulgaria	Mujeres	1665
2010	50	Zaragoza	01	UE-27_2007	106	Chipre	Mujeres	2
2010	50	Zaragoza	01	UE-27_2007	107	Dinamarca	Hombres	27
2010	50	Zaragoza	01	UE-27_2007	107	Dinamarca	Mujeres	6
2010	50	Zaragoza	01	UE-27_2007	109	Finlandia	Hombres	6
2010	50	Zaragoza	01	UE-27_2007	109	Finlandia	Mujeres	16
2010	50	Zaragoza	01	UE-27_2007	110	Francia	Hombres	588
2010	50	Zaragoza	01	UE-27_2007	110	Francia	Mujeres	639
2010	50	Zaragoza	01	UE-27_2007	111	Grecia	Hombres	27
2010	50	Zaragoza	01	UE-27_2007	111	Grecia	Mujeres	22
2010	50	Zaragoza	01	UE-27_2007	112	Hungría	Hombres	56
2010	50	Zaragoza	01	UE-27_2007	112	Hungría	Mujeres	56
2010	50	Zaragoza	01	UE-27_2007	113	Irlanda	Hombres	36
2010	50	Zaragoza	01	UE-27_2007	113	Irlanda	Mujeres	26
2010	50	Zaragoza	01	UE-27_2007	115	Italia	Hombres	925
2010	50	Zaragoza	01	UE-27_2007	115	Italia	Mujeres	580
2010	50	Zaragoza	01	UE-27_2007	121	Países Bajos	Hombres	172
2010	50	Zaragoza	01	UE-27_2007	121	Países Bajos	Mujeres	132
2010	50	Zaragoza	01	UE-27_2007	122	Polonia	Hombres	1579
2010	50	Zaragoza	01	UE-27_2007	122	Polonia	Mujeres	1017
2010	50	Zaragoza	01	UE-27_2007	123	Portugal	Hombres	2430
2010	50	Zaragoza	01	UE-27_2007	123	Portugal	Mujeres	1138
2010	50	Zaragoza	01	UE-27_2007	125	Reino Unido	Hombres	282
2010	50	Zaragoza	01	UE-27_2007	125	Reino Unido	Mujeres	215
2010	50	Zaragoza	01	UE-27_2007	126	Alemania	Hombres	325
2010	50	Zaragoza	01	UE-27_2007	126	Alemania	Mujeres	295
2010	50	Zaragoza	01	UE-27_2007	128	Rumanía	Hombres	27058
2010	50	Zaragoza	01	UE-27_2007	128	Rumanía	Mujeres	22929
2010	50	Zaragoza	01	UE-27_2007	131	Suecia	Hombres	31
2010	50	Zaragoza	01	UE-27_2007	131	Suecia	Mujeres	28
2010	50	Zaragoza	01	UE-27_2007	136	Letonia	Hombres	11
2010	50	Zaragoza	01	UE-27_2007	136	Letonia	Mujeres	13
2010	50	Zaragoza	01	UE-27_2007	141	Estonia	Hombres	4
2010	50	Zaragoza	01	UE-27_2007	141	Estonia	Mujeres	8
2010	50	Zaragoza	01	UE-27_2007	142	Lituania	Hombres	85
2010	50	Zaragoza	01	UE-27_2007	142	Lituania	Mujeres	89
2010	50	Zaragoza	01	UE-27_2007	143	República Checa	Hombres	52
2010	50	Zaragoza	01	UE-27_2007	143	República Checa	Mujeres	67
2010	50	Zaragoza	01	UE-27_2007	144	Eslovaquia	Hombres	75
2010	50	Zaragoza	01	UE-27_2007	144	Eslovaquia	Mujeres	56
2010	50	Zaragoza	01	UE-27_2007	147	Eslovenia	Hombres	30
2010	50	Zaragoza	01	UE-27_2007	147	Eslovenia	Mujeres	22
2010	50	Zaragoza	02	Resto de Europa	101	Albania	Hombres	21
2010	50	Zaragoza	02	Resto de Europa	101	Albania	Mujeres	23
2010	50	Zaragoza	02	Resto de Europa	120	Noruega	Hombres	19
2010	50	Zaragoza	02	Resto de Europa	120	Noruega	Mujeres	11
2010	50	Zaragoza	02	Resto de Europa	124	Andorra	Hombres	6
2010	50	Zaragoza	02	Resto de Europa	124	Andorra	Mujeres	4
2010	50	Zaragoza	02	Resto de Europa	132	Suiza	Hombres	25
2010	50	Zaragoza	02	Resto de Europa	132	Suiza	Mujeres	15
2010	50	Zaragoza	02	Resto de Europa	135	Ucrania	Hombres	536
2010	50	Zaragoza	02	Resto de Europa	135	Ucrania	Mujeres	684
2010	50	Zaragoza	02	Resto de Europa	137	Moldova	Hombres	122
2010	50	Zaragoza	02	Resto de Europa	137	Moldova	Mujeres	160
2010	50	Zaragoza	02	Resto de Europa	138	Bielorrusia	Hombres	26
2010	50	Zaragoza	02	Resto de Europa	138	Bielorrusia	Mujeres	49
2010	50	Zaragoza	02	Resto de Europa	139	Georgia	Hombres	41
2010	50	Zaragoza	02	Resto de Europa	139	Georgia	Mujeres	16
2010	50	Zaragoza	02	Resto de Europa	145	Bosnia-Herzegovina	Hombres	15
2010	50	Zaragoza	02	Resto de Europa	145	Bosnia-Herzegovina	Mujeres	26
2010	50	Zaragoza	02	Resto de Europa	146	Croacia	Hombres	8
2010	50	Zaragoza	02	Resto de Europa	146	Croacia	Mujeres	6
2010	50	Zaragoza	02	Resto de Europa	148	Armenia	Hombres	31
2010	50	Zaragoza	02	Resto de Europa	148	Armenia	Mujeres	28
2010	50	Zaragoza	02	Resto de Europa	154	Rusia	Hombres	126
2010	50	Zaragoza	02	Resto de Europa	154	Rusia	Mujeres	473
2010	50	Zaragoza	02	Resto de Europa	157	Serbia	Hombres	19
2010	50	Zaragoza	02	Resto de Europa	157	Serbia	Mujeres	15
2010	50	Zaragoza	02	Resto de Europa	158	Montenegro	Hombres	1
2010	50	Zaragoza	02	Resto de Europa	436	Turquía	Hombres	29
2010	50	Zaragoza	02	Resto de Europa	436	Turquía	Mujeres	14
2010	50	Zaragoza	03	Magreb	203	Argelia	Hombres	2726
2010	50	Zaragoza	03	Magreb	203	Argelia	Mujeres	1271
2010	50	Zaragoza	03	Magreb	224	Libia	Hombres	2
2010	50	Zaragoza	03	Magreb	224	Libia	Mujeres	1
2010	50	Zaragoza	03	Magreb	228	Marruecos	Hombres	6461
2010	50	Zaragoza	03	Magreb	228	Marruecos	Mujeres	4011
2010	50	Zaragoza	03	Magreb	230	Mauritania	Hombres	279
2010	50	Zaragoza	03	Magreb	230	Mauritania	Mujeres	53
2010	50	Zaragoza	03	Magreb	248	Túnez	Hombres	44
2010	50	Zaragoza	03	Magreb	248	Túnez	Mujeres	30
2010	50	Zaragoza	04	Resto de África	201	Burkina Fasso	Hombres	44
2010	50	Zaragoza	04	Resto de África	201	Burkina Fasso	Mujeres	13
2010	50	Zaragoza	04	Resto de África	202	Angola	Hombres	40
2010	50	Zaragoza	04	Resto de África	202	Angola	Mujeres	23
2010	50	Zaragoza	04	Resto de África	204	Benin	Hombres	4
2010	50	Zaragoza	04	Resto de África	204	Benin	Mujeres	3
2010	50	Zaragoza	04	Resto de África	206	Burundi	Hombres	3
2010	50	Zaragoza	04	Resto de África	206	Burundi	Mujeres	1
2010	50	Zaragoza	04	Resto de África	207	Cabo Verde	Hombres	195
2010	50	Zaragoza	04	Resto de África	207	Cabo Verde	Mujeres	176
2010	50	Zaragoza	04	Resto de África	208	Camerún	Hombres	111
2010	50	Zaragoza	04	Resto de África	208	Camerún	Mujeres	83
2010	50	Zaragoza	04	Resto de África	210	Congo	Hombres	28
2010	50	Zaragoza	04	Resto de África	210	Congo	Mujeres	14
2010	50	Zaragoza	04	Resto de África	211	Costa de Marfil	Hombres	37
2010	50	Zaragoza	04	Resto de África	211	Costa de Marfil	Mujeres	22
2010	50	Zaragoza	04	Resto de África	213	Egipto	Hombres	109
2010	50	Zaragoza	04	Resto de África	213	Egipto	Mujeres	60
2010	50	Zaragoza	04	Resto de África	214	Etiopía	Hombres	10
2010	50	Zaragoza	04	Resto de África	214	Etiopía	Mujeres	1
2010	50	Zaragoza	04	Resto de África	215	Gabón	Hombres	5
2010	50	Zaragoza	04	Resto de África	215	Gabón	Mujeres	4
2010	50	Zaragoza	04	Resto de África	216	Gambia	Hombres	1198
2010	50	Zaragoza	04	Resto de África	216	Gambia	Mujeres	448
2010	50	Zaragoza	04	Resto de África	217	Ghana	Hombres	1258
2010	50	Zaragoza	04	Resto de África	217	Ghana	Mujeres	343
2010	50	Zaragoza	04	Resto de África	218	Guinea	Hombres	310
2010	50	Zaragoza	04	Resto de África	218	Guinea	Mujeres	382
2010	50	Zaragoza	04	Resto de África	219	Guinea Bissau	Hombres	78
2010	50	Zaragoza	04	Resto de África	219	Guinea Bissau	Mujeres	18
2010	50	Zaragoza	04	Resto de África	220	Guinea Ecuatorial	Hombres	261
2010	50	Zaragoza	04	Resto de África	220	Guinea Ecuatorial	Mujeres	474
2010	50	Zaragoza	04	Resto de África	221	Kenia	Hombres	4
2010	50	Zaragoza	04	Resto de África	221	Kenia	Mujeres	8
2010	50	Zaragoza	04	Resto de África	223	Liberia	Hombres	10
2010	50	Zaragoza	04	Resto de África	223	Liberia	Mujeres	3
2010	50	Zaragoza	04	Resto de África	227	Mali	Hombres	426
2010	50	Zaragoza	04	Resto de África	227	Mali	Mujeres	112
2010	50	Zaragoza	04	Resto de África	229	Mauricio	Mujeres	1
2010	50	Zaragoza	04	Resto de África	231	Mozambique	Hombres	1
2010	50	Zaragoza	04	Resto de África	231	Mozambique	Mujeres	5
2010	50	Zaragoza	04	Resto de África	233	Níger	Hombres	9
2010	50	Zaragoza	04	Resto de África	233	Níger	Mujeres	3
2010	50	Zaragoza	04	Resto de África	234	Nigeria	Hombres	419
2010	50	Zaragoza	04	Resto de África	234	Nigeria	Mujeres	362
2010	50	Zaragoza	04	Resto de África	235	República Centroafricana	Hombres	3
2010	50	Zaragoza	04	Resto de África	235	República Centroafricana	Mujeres	2
2010	50	Zaragoza	04	Resto de África	236	Sudáfrica	Hombres	7
2010	50	Zaragoza	04	Resto de África	236	Sudáfrica	Mujeres	4
2010	50	Zaragoza	04	Resto de África	237	Ruanda	Mujeres	1
2010	50	Zaragoza	04	Resto de África	239	Senegal	Hombres	2300
2010	50	Zaragoza	04	Resto de África	239	Senegal	Mujeres	442
2010	50	Zaragoza	04	Resto de África	241	Sierra Leona	Hombres	12
2010	50	Zaragoza	04	Resto de África	241	Sierra Leona	Mujeres	7
2010	50	Zaragoza	04	Resto de África	243	Sudán	Hombres	8
2010	50	Zaragoza	04	Resto de África	243	Sudán	Mujeres	5
2010	50	Zaragoza	04	Resto de África	245	Tanzania	Hombres	2
2010	50	Zaragoza	04	Resto de África	245	Tanzania	Mujeres	1
2010	50	Zaragoza	04	Resto de África	246	Chad	Mujeres	1
2010	50	Zaragoza	04	Resto de África	247	Togo	Hombres	19
2010	50	Zaragoza	04	Resto de África	247	Togo	Mujeres	7
2010	50	Zaragoza	04	Resto de África	250	Rep. Democrática del Congo	Hombres	43
2010	50	Zaragoza	04	Resto de África	250	Rep. Democrática del Congo	Mujeres	27
2010	50	Zaragoza	04	Resto de África	251	Zambia	Mujeres	1
2010	50	Zaragoza	04	Resto de África	252	Zimbabwe	Mujeres	1
2010	50	Zaragoza	04	Resto de África	253	Eritrea	Mujeres	1
2010	50	Zaragoza	05	América del Norte	301	Canadá	Hombres	14
2010	50	Zaragoza	05	América del Norte	301	Canadá	Mujeres	13
2010	50	Zaragoza	05	América del Norte	302	Estados Unidos de América	Hombres	246
2010	50	Zaragoza	05	América del Norte	302	Estados Unidos de América	Mujeres	131
2010	50	Zaragoza	06	Resto de América	303	México	Hombres	133
2010	50	Zaragoza	06	Resto de América	303	México	Mujeres	210
2010	50	Zaragoza	06	Resto de América	314	Costa Rica	Hombres	16
2010	50	Zaragoza	06	Resto de América	314	Costa Rica	Mujeres	17
2010	50	Zaragoza	06	Resto de América	315	Cuba	Hombres	421
2010	50	Zaragoza	06	Resto de América	315	Cuba	Mujeres	604
2010	50	Zaragoza	06	Resto de América	316	Dominica	Hombres	6
2010	50	Zaragoza	06	Resto de América	316	Dominica	Mujeres	12
2010	50	Zaragoza	06	Resto de América	317	El Salvador	Hombres	78
2010	50	Zaragoza	06	Resto de América	317	El Salvador	Mujeres	135
2010	50	Zaragoza	06	Resto de América	319	Guatemala	Hombres	39
2010	50	Zaragoza	06	Resto de América	319	Guatemala	Mujeres	42
2010	50	Zaragoza	06	Resto de América	320	Haití	Hombres	2
2010	50	Zaragoza	06	Resto de América	321	Honduras	Hombres	190
2010	50	Zaragoza	06	Resto de América	321	Honduras	Mujeres	402
2010	50	Zaragoza	06	Resto de América	323	Nicaragua	Hombres	686
2010	50	Zaragoza	06	Resto de América	323	Nicaragua	Mujeres	2048
2010	50	Zaragoza	06	Resto de América	324	Panamá	Hombres	50
2010	50	Zaragoza	06	Resto de América	324	Panamá	Mujeres	41
2010	50	Zaragoza	06	Resto de América	326	República Dominicana	Hombres	717
2010	50	Zaragoza	06	Resto de América	326	República Dominicana	Mujeres	1074
2010	50	Zaragoza	06	Resto de América	327	Trinidad y Tobago	Mujeres	1
2010	50	Zaragoza	06	Resto de América	340	Argentina	Hombres	563
2010	50	Zaragoza	06	Resto de América	340	Argentina	Mujeres	710
2010	50	Zaragoza	06	Resto de América	341	Bolivia	Hombres	311
2010	50	Zaragoza	06	Resto de América	341	Bolivia	Mujeres	386
2010	50	Zaragoza	06	Resto de América	342	Brasil	Hombres	544
2010	50	Zaragoza	06	Resto de América	342	Brasil	Mujeres	1191
2010	50	Zaragoza	06	Resto de América	343	Colombia	Hombres	2535
2010	50	Zaragoza	06	Resto de América	343	Colombia	Mujeres	3123
2010	50	Zaragoza	06	Resto de América	344	Chile	Hombres	310
2010	50	Zaragoza	06	Resto de América	344	Chile	Mujeres	330
2010	50	Zaragoza	06	Resto de América	345	Ecuador	Hombres	4704
2010	50	Zaragoza	06	Resto de América	345	Ecuador	Mujeres	4655
2010	50	Zaragoza	06	Resto de América	347	Paraguay	Hombres	73
2010	50	Zaragoza	06	Resto de América	347	Paraguay	Mujeres	194
2010	50	Zaragoza	06	Resto de América	348	Perú	Hombres	1026
2010	50	Zaragoza	06	Resto de América	348	Perú	Mujeres	1026
2010	50	Zaragoza	06	Resto de América	350	Uruguay	Hombres	182
2010	50	Zaragoza	06	Resto de América	350	Uruguay	Mujeres	186
2010	50	Zaragoza	06	Resto de América	351	Venezuela	Hombres	289
2010	50	Zaragoza	06	Resto de América	351	Venezuela	Mujeres	471
2010	50	Zaragoza	07	Asia	402	Arabia Saudí	Hombres	2
2010	50	Zaragoza	07	Asia	404	Bangladesh	Hombres	21
2010	50	Zaragoza	07	Asia	404	Bangladesh	Mujeres	9
2010	50	Zaragoza	07	Asia	407	China	Hombres	2120
2010	50	Zaragoza	07	Asia	407	China	Mujeres	1916
2010	50	Zaragoza	07	Asia	409	Filipinas	Hombres	9
2010	50	Zaragoza	07	Asia	409	Filipinas	Mujeres	21
2010	50	Zaragoza	07	Asia	410	India	Hombres	79
2010	50	Zaragoza	07	Asia	410	India	Mujeres	38
2010	50	Zaragoza	07	Asia	411	Indonesia	Hombres	6
2010	50	Zaragoza	07	Asia	411	Indonesia	Mujeres	10
2010	50	Zaragoza	07	Asia	412	Irak	Mujeres	1
2010	50	Zaragoza	07	Asia	413	Irán	Hombres	6
2010	50	Zaragoza	07	Asia	413	Irán	Mujeres	4
2010	50	Zaragoza	07	Asia	414	Israel	Hombres	4
2010	50	Zaragoza	07	Asia	414	Israel	Mujeres	3
2010	50	Zaragoza	07	Asia	415	Japón	Hombres	15
2010	50	Zaragoza	07	Asia	415	Japón	Mujeres	22
2010	50	Zaragoza	07	Asia	416	Jordania	Hombres	15
2010	50	Zaragoza	07	Asia	416	Jordania	Mujeres	6
2010	50	Zaragoza	07	Asia	420	Líbano	Hombres	7
2010	50	Zaragoza	07	Asia	420	Líbano	Mujeres	10
2010	50	Zaragoza	07	Asia	421	Malasia	Hombres	2
2010	50	Zaragoza	07	Asia	423	Mongolia	Hombres	1
2010	50	Zaragoza	07	Asia	423	Mongolia	Mujeres	1
2010	50	Zaragoza	07	Asia	424	Nepal	Hombres	4
2010	50	Zaragoza	07	Asia	424	Nepal	Mujeres	3
2010	50	Zaragoza	07	Asia	426	Pakistán	Hombres	529
2010	50	Zaragoza	07	Asia	426	Pakistán	Mujeres	62
2010	50	Zaragoza	07	Asia	430	República de Corea	Hombres	9
2010	50	Zaragoza	07	Asia	430	República de Corea	Mujeres	11
2010	50	Zaragoza	07	Asia	431	Corea del norte (R. popular)	Mujeres	1
2010	50	Zaragoza	07	Asia	433	Siria	Hombres	25
2010	50	Zaragoza	07	Asia	433	Siria	Mujeres	10
2010	50	Zaragoza	07	Asia	434	Sri-Lanka	Mujeres	1
2010	50	Zaragoza	07	Asia	435	Tailandia	Mujeres	7
2010	50	Zaragoza	07	Asia	437	Vietnam	Hombres	5
2010	50	Zaragoza	07	Asia	437	Vietnam	Mujeres	7
2010	50	Zaragoza	07	Asia	439	Brunei	Hombres	1
2010	50	Zaragoza	07	Asia	442	Azerbaiyan	Hombres	3
2010	50	Zaragoza	07	Asia	443	Kazajstan	Hombres	2
2010	50	Zaragoza	07	Asia	443	Kazajstan	Mujeres	6
2010	50	Zaragoza	07	Asia	444	Kirgvistan	Hombres	2
2010	50	Zaragoza	07	Asia	444	Kirgvistan	Mujeres	18
2010	50	Zaragoza	07	Asia	447	Uzbekistán	Hombres	3
2010	50	Zaragoza	07	Asia	447	Uzbekistán	Mujeres	11
2010	50	Zaragoza	07	Asia	499	Países sin relaciones diplomáticas	Hombres	4
2010	50	Zaragoza	07	Asia	499	Países sin relaciones diplomáticas	Mujeres	5
2010	50	Zaragoza	08	Oceanía	501	Australia	Hombres	5
2010	50	Zaragoza	08	Oceanía	501	Australia	Mujeres	6
2010	50	Zaragoza	08	Oceanía	504	Nueva Zelanda	Hombres	2
2010	50	Zaragoza	08	Oceanía	504	Nueva Zelanda	Mujeres	3
2010	50	Zaragoza	09	Apátridas y no consta	555	Apátridas	Hombres	20
2010	50	Zaragoza	09	Apátridas y no consta	555	Apátridas	Mujeres	9
2011	22	Huesca	01	UE-27_2007	102	Austria	Hombres	10
2011	22	Huesca	01	UE-27_2007	102	Austria	Mujeres	5
2011	22	Huesca	01	UE-27_2007	103	Bélgica	Hombres	44
2011	22	Huesca	01	UE-27_2007	103	Bélgica	Mujeres	45
2011	22	Huesca	01	UE-27_2007	104	Bulgaria	Hombres	1015
2011	22	Huesca	01	UE-27_2007	104	Bulgaria	Mujeres	923
2011	22	Huesca	01	UE-27_2007	107	Dinamarca	Hombres	5
2011	22	Huesca	01	UE-27_2007	107	Dinamarca	Mujeres	6
2011	22	Huesca	01	UE-27_2007	109	Finlandia	Hombres	2
2011	22	Huesca	01	UE-27_2007	109	Finlandia	Mujeres	4
2011	22	Huesca	01	UE-27_2007	110	Francia	Hombres	277
2011	22	Huesca	01	UE-27_2007	110	Francia	Mujeres	262
2011	22	Huesca	01	UE-27_2007	111	Grecia	Hombres	4
2011	22	Huesca	01	UE-27_2007	111	Grecia	Mujeres	7
2011	22	Huesca	01	UE-27_2007	112	Hungría	Hombres	10
2011	22	Huesca	01	UE-27_2007	112	Hungría	Mujeres	9
2011	22	Huesca	01	UE-27_2007	113	Irlanda	Hombres	12
2011	22	Huesca	01	UE-27_2007	113	Irlanda	Mujeres	9
2011	22	Huesca	01	UE-27_2007	115	Italia	Hombres	141
2011	22	Huesca	01	UE-27_2007	115	Italia	Mujeres	96
2011	22	Huesca	01	UE-27_2007	121	Países Bajos	Hombres	75
2011	22	Huesca	01	UE-27_2007	121	Países Bajos	Mujeres	76
2011	22	Huesca	01	UE-27_2007	122	Polonia	Hombres	447
2011	22	Huesca	01	UE-27_2007	122	Polonia	Mujeres	377
2011	22	Huesca	01	UE-27_2007	123	Portugal	Hombres	698
2011	22	Huesca	01	UE-27_2007	123	Portugal	Mujeres	318
2011	22	Huesca	01	UE-27_2007	125	Reino Unido	Hombres	106
2011	22	Huesca	01	UE-27_2007	125	Reino Unido	Mujeres	98
2011	22	Huesca	01	UE-27_2007	126	Alemania	Hombres	90
2011	22	Huesca	01	UE-27_2007	126	Alemania	Mujeres	96
2011	22	Huesca	01	UE-27_2007	128	Rumanía	Hombres	4335
2011	22	Huesca	01	UE-27_2007	128	Rumanía	Mujeres	4010
2011	22	Huesca	01	UE-27_2007	131	Suecia	Hombres	3
2011	22	Huesca	01	UE-27_2007	131	Suecia	Mujeres	5
2011	22	Huesca	01	UE-27_2007	136	Letonia	Hombres	10
2011	22	Huesca	01	UE-27_2007	136	Letonia	Mujeres	11
2011	22	Huesca	01	UE-27_2007	141	Estonia	Mujeres	3
2011	22	Huesca	01	UE-27_2007	142	Lituania	Hombres	117
2011	22	Huesca	01	UE-27_2007	142	Lituania	Mujeres	129
2011	22	Huesca	01	UE-27_2007	143	República Checa	Hombres	27
2011	22	Huesca	01	UE-27_2007	143	República Checa	Mujeres	18
2011	22	Huesca	01	UE-27_2007	144	Eslovaquia	Hombres	26
2011	22	Huesca	01	UE-27_2007	144	Eslovaquia	Mujeres	13
2011	22	Huesca	01	UE-27_2007	147	Eslovenia	Hombres	1
2011	22	Huesca	01	UE-27_2007	147	Eslovenia	Mujeres	1
2011	22	Huesca	02	Resto de Europa	101	Albania	Hombres	5
2011	22	Huesca	02	Resto de Europa	101	Albania	Mujeres	1
2011	22	Huesca	02	Resto de Europa	124	Andorra	Hombres	7
2011	22	Huesca	02	Resto de Europa	124	Andorra	Mujeres	2
2011	22	Huesca	02	Resto de Europa	132	Suiza	Hombres	20
2011	22	Huesca	02	Resto de Europa	132	Suiza	Mujeres	15
2011	22	Huesca	02	Resto de Europa	135	Ucrania	Hombres	291
2011	22	Huesca	02	Resto de Europa	135	Ucrania	Mujeres	280
2011	22	Huesca	02	Resto de Europa	137	Moldova	Hombres	21
2011	22	Huesca	02	Resto de Europa	137	Moldova	Mujeres	15
2011	22	Huesca	02	Resto de Europa	138	Bielorrusia	Hombres	9
2011	22	Huesca	02	Resto de Europa	138	Bielorrusia	Mujeres	7
2011	22	Huesca	02	Resto de Europa	139	Georgia	Hombres	5
2011	22	Huesca	02	Resto de Europa	139	Georgia	Mujeres	4
2011	22	Huesca	02	Resto de Europa	145	Bosnia-Herzegovina	Mujeres	1
2011	22	Huesca	02	Resto de Europa	148	Armenia	Hombres	29
2011	22	Huesca	02	Resto de Europa	148	Armenia	Mujeres	25
2011	22	Huesca	02	Resto de Europa	154	Rusia	Hombres	36
2011	22	Huesca	02	Resto de Europa	154	Rusia	Mujeres	90
2011	22	Huesca	02	Resto de Europa	156	Macedonia	Mujeres	1
2011	22	Huesca	02	Resto de Europa	157	Serbia	Hombres	9
2011	22	Huesca	02	Resto de Europa	157	Serbia	Mujeres	3
2011	22	Huesca	02	Resto de Europa	436	Turquía	Hombres	2
2011	22	Huesca	02	Resto de Europa	436	Turquía	Mujeres	1
2011	22	Huesca	03	Magreb	203	Argelia	Hombres	608
2011	22	Huesca	03	Magreb	203	Argelia	Mujeres	294
2011	22	Huesca	03	Magreb	228	Marruecos	Hombres	2239
2011	22	Huesca	03	Magreb	228	Marruecos	Mujeres	1559
2011	22	Huesca	03	Magreb	230	Mauritania	Hombres	135
2011	22	Huesca	03	Magreb	230	Mauritania	Mujeres	21
2011	22	Huesca	04	Resto de África	201	Burkina Fasso	Hombres	44
2011	22	Huesca	04	Resto de África	201	Burkina Fasso	Mujeres	16
2011	22	Huesca	04	Resto de África	202	Angola	Hombres	4
2011	22	Huesca	04	Resto de África	202	Angola	Mujeres	4
2011	22	Huesca	04	Resto de África	204	Benin	Hombres	1
2011	22	Huesca	04	Resto de África	204	Benin	Mujeres	1
2011	22	Huesca	04	Resto de África	207	Cabo Verde	Hombres	8
2011	22	Huesca	04	Resto de África	207	Cabo Verde	Mujeres	6
2011	22	Huesca	04	Resto de África	208	Camerún	Hombres	8
2011	22	Huesca	04	Resto de África	208	Camerún	Mujeres	2
2011	22	Huesca	04	Resto de África	210	Congo	Hombres	1
2011	22	Huesca	04	Resto de África	211	Costa de Marfil	Hombres	39
2011	22	Huesca	04	Resto de África	211	Costa de Marfil	Mujeres	15
2011	22	Huesca	04	Resto de África	213	Egipto	Hombres	2
2011	22	Huesca	04	Resto de África	213	Egipto	Mujeres	2
2011	22	Huesca	04	Resto de África	216	Gambia	Hombres	585
2011	22	Huesca	04	Resto de África	216	Gambia	Mujeres	146
2011	22	Huesca	04	Resto de África	217	Ghana	Hombres	58
2011	22	Huesca	04	Resto de África	217	Ghana	Mujeres	25
2011	22	Huesca	04	Resto de África	218	Guinea	Hombres	189
2011	22	Huesca	04	Resto de África	218	Guinea	Mujeres	74
2011	22	Huesca	04	Resto de África	219	Guinea Bissau	Hombres	17
2011	22	Huesca	04	Resto de África	219	Guinea Bissau	Mujeres	2
2011	22	Huesca	04	Resto de África	220	Guinea Ecuatorial	Hombres	10
2011	22	Huesca	04	Resto de África	220	Guinea Ecuatorial	Mujeres	11
2011	22	Huesca	04	Resto de África	221	Kenia	Hombres	3
2011	22	Huesca	04	Resto de África	221	Kenia	Mujeres	22
2011	22	Huesca	04	Resto de África	223	Liberia	Hombres	2
2011	22	Huesca	04	Resto de África	223	Liberia	Mujeres	2
2011	22	Huesca	04	Resto de África	227	Mali	Hombres	837
2011	22	Huesca	04	Resto de África	227	Mali	Mujeres	143
2011	22	Huesca	04	Resto de África	233	Níger	Hombres	13
2011	22	Huesca	04	Resto de África	233	Níger	Mujeres	4
2011	22	Huesca	04	Resto de África	234	Nigeria	Hombres	66
2011	22	Huesca	04	Resto de África	234	Nigeria	Mujeres	42
2011	22	Huesca	04	Resto de África	236	Sudáfrica	Hombres	1
2011	22	Huesca	04	Resto de África	239	Senegal	Hombres	428
2011	22	Huesca	04	Resto de África	239	Senegal	Mujeres	57
2011	22	Huesca	04	Resto de África	241	Sierra Leona	Hombres	1
2011	22	Huesca	04	Resto de África	247	Togo	Hombres	3
2011	22	Huesca	04	Resto de África	247	Togo	Mujeres	2
2011	22	Huesca	04	Resto de África	249	Uganda	Mujeres	1
2011	22	Huesca	05	América del Norte	301	Canadá	Hombres	2
2011	22	Huesca	05	América del Norte	301	Canadá	Mujeres	2
2011	22	Huesca	05	América del Norte	302	Estados Unidos de América	Hombres	24
2011	22	Huesca	05	América del Norte	302	Estados Unidos de América	Mujeres	24
2011	22	Huesca	06	Resto de América	303	México	Hombres	33
2011	22	Huesca	06	Resto de América	303	México	Mujeres	34
2011	22	Huesca	06	Resto de América	314	Costa Rica	Hombres	2
2011	22	Huesca	06	Resto de América	314	Costa Rica	Mujeres	3
2011	22	Huesca	06	Resto de América	315	Cuba	Hombres	63
2011	22	Huesca	06	Resto de América	315	Cuba	Mujeres	106
2011	22	Huesca	06	Resto de América	316	Dominica	Mujeres	3
2011	22	Huesca	06	Resto de América	317	El Salvador	Hombres	1
2011	22	Huesca	06	Resto de América	317	El Salvador	Mujeres	8
2011	22	Huesca	06	Resto de América	319	Guatemala	Hombres	14
2011	22	Huesca	06	Resto de América	319	Guatemala	Mujeres	21
2011	22	Huesca	06	Resto de América	320	Haití	Mujeres	1
2011	22	Huesca	06	Resto de América	321	Honduras	Hombres	13
2011	22	Huesca	06	Resto de América	321	Honduras	Mujeres	40
2011	22	Huesca	06	Resto de América	323	Nicaragua	Hombres	18
2011	22	Huesca	06	Resto de América	323	Nicaragua	Mujeres	120
2011	22	Huesca	06	Resto de América	324	Panamá	Hombres	2
2011	22	Huesca	06	Resto de América	324	Panamá	Mujeres	5
2011	22	Huesca	06	Resto de América	326	República Dominicana	Hombres	193
2011	22	Huesca	06	Resto de América	326	República Dominicana	Mujeres	311
2011	22	Huesca	06	Resto de América	340	Argentina	Hombres	199
2011	22	Huesca	06	Resto de América	340	Argentina	Mujeres	210
2011	22	Huesca	06	Resto de América	341	Bolivia	Hombres	154
2011	22	Huesca	06	Resto de América	341	Bolivia	Mujeres	189
2011	22	Huesca	06	Resto de América	342	Brasil	Hombres	73
2011	22	Huesca	06	Resto de América	342	Brasil	Mujeres	198
2011	22	Huesca	06	Resto de América	343	Colombia	Hombres	449
2011	22	Huesca	06	Resto de América	343	Colombia	Mujeres	552
2011	22	Huesca	06	Resto de América	344	Chile	Hombres	57
2011	22	Huesca	06	Resto de América	344	Chile	Mujeres	52
2011	22	Huesca	06	Resto de América	345	Ecuador	Hombres	463
2011	22	Huesca	06	Resto de América	345	Ecuador	Mujeres	446
2011	22	Huesca	06	Resto de América	347	Paraguay	Hombres	19
2011	22	Huesca	06	Resto de América	347	Paraguay	Mujeres	48
2011	22	Huesca	06	Resto de América	348	Perú	Hombres	103
2011	22	Huesca	06	Resto de América	348	Perú	Mujeres	137
2011	22	Huesca	06	Resto de América	350	Uruguay	Hombres	72
2011	22	Huesca	06	Resto de América	350	Uruguay	Mujeres	74
2011	22	Huesca	06	Resto de América	351	Venezuela	Hombres	69
2011	22	Huesca	06	Resto de América	351	Venezuela	Mujeres	83
2011	22	Huesca	07	Asia	404	Bangladesh	Hombres	1
2011	22	Huesca	07	Asia	404	Bangladesh	Mujeres	1
2011	22	Huesca	07	Asia	407	China	Hombres	214
2011	22	Huesca	07	Asia	407	China	Mujeres	151
2011	22	Huesca	07	Asia	409	Filipinas	Hombres	5
2011	22	Huesca	07	Asia	409	Filipinas	Mujeres	5
2011	22	Huesca	07	Asia	410	India	Hombres	3
2011	22	Huesca	07	Asia	410	India	Mujeres	7
2011	22	Huesca	07	Asia	414	Israel	Hombres	1
2011	22	Huesca	07	Asia	415	Japón	Hombres	2
2011	22	Huesca	07	Asia	415	Japón	Mujeres	3
2011	22	Huesca	07	Asia	418	Kuwait	Hombres	1
2011	22	Huesca	07	Asia	419	Laos	Mujeres	1
2011	22	Huesca	07	Asia	420	Líbano	Hombres	2
2011	22	Huesca	07	Asia	421	Malasia	Hombres	1
2011	22	Huesca	07	Asia	423	Mongolia	Mujeres	2
2011	22	Huesca	07	Asia	424	Nepal	Hombres	1
2011	22	Huesca	07	Asia	424	Nepal	Mujeres	1
2011	22	Huesca	07	Asia	426	Pakistán	Hombres	49
2011	22	Huesca	07	Asia	426	Pakistán	Mujeres	13
2011	22	Huesca	07	Asia	430	República de Corea	Mujeres	3
2011	22	Huesca	07	Asia	433	Siria	Hombres	1
2011	22	Huesca	07	Asia	433	Siria	Mujeres	2
2011	22	Huesca	07	Asia	435	Tailandia	Mujeres	9
2011	22	Huesca	07	Asia	447	Uzbekistán	Mujeres	1
2011	22	Huesca	07	Asia	499	Países sin relaciones diplomáticas	Hombres	8
2011	22	Huesca	07	Asia	499	Países sin relaciones diplomáticas	Mujeres	3
2011	22	Huesca	08	Oceanía	501	Australia	Hombres	3
2011	22	Huesca	08	Oceanía	501	Australia	Mujeres	3
2011	22	Huesca	08	Oceanía	504	Nueva Zelanda	Hombres	1
2011	22	Huesca	08	Oceanía	511	Micronesia	Mujeres	1
2011	22	Huesca	08	Oceanía	512	Tuvalu	Hombres	1
2011	22	Huesca	08	Oceanía	512	Tuvalu	Mujeres	2
2011	22	Huesca	08	Oceanía	515	Nauru	Mujeres	1
2011	22	Huesca	08	Oceanía	516	Palaos	Hombres	3
2011	22	Huesca	08	Oceanía	516	Palaos	Mujeres	3
2011	44	Teruel	01	UE-27_2007	102	Austria	Hombres	2
2011	44	Teruel	01	UE-27_2007	103	Bélgica	Hombres	6
2011	44	Teruel	01	UE-27_2007	103	Bélgica	Mujeres	10
2011	44	Teruel	01	UE-27_2007	104	Bulgaria	Hombres	182
2011	44	Teruel	01	UE-27_2007	104	Bulgaria	Mujeres	145
2011	44	Teruel	01	UE-27_2007	107	Dinamarca	Hombres	1
2011	44	Teruel	01	UE-27_2007	110	Francia	Hombres	53
2011	44	Teruel	01	UE-27_2007	110	Francia	Mujeres	59
2011	44	Teruel	01	UE-27_2007	111	Grecia	Hombres	1
2011	44	Teruel	01	UE-27_2007	112	Hungría	Hombres	11
2011	44	Teruel	01	UE-27_2007	112	Hungría	Mujeres	9
2011	44	Teruel	01	UE-27_2007	113	Irlanda	Hombres	6
2011	44	Teruel	01	UE-27_2007	113	Irlanda	Mujeres	4
2011	44	Teruel	01	UE-27_2007	115	Italia	Hombres	89
2011	44	Teruel	01	UE-27_2007	115	Italia	Mujeres	43
2011	44	Teruel	01	UE-27_2007	121	Países Bajos	Hombres	19
2011	44	Teruel	01	UE-27_2007	121	Países Bajos	Mujeres	14
2011	44	Teruel	01	UE-27_2007	122	Polonia	Hombres	526
2011	44	Teruel	01	UE-27_2007	122	Polonia	Mujeres	360
2011	44	Teruel	01	UE-27_2007	123	Portugal	Hombres	234
2011	44	Teruel	01	UE-27_2007	123	Portugal	Mujeres	122
2011	44	Teruel	01	UE-27_2007	125	Reino Unido	Hombres	65
2011	44	Teruel	01	UE-27_2007	125	Reino Unido	Mujeres	57
2011	44	Teruel	01	UE-27_2007	126	Alemania	Hombres	45
2011	44	Teruel	01	UE-27_2007	126	Alemania	Mujeres	42
2011	44	Teruel	01	UE-27_2007	128	Rumanía	Hombres	3683
2011	44	Teruel	01	UE-27_2007	128	Rumanía	Mujeres	3275
2011	44	Teruel	01	UE-27_2007	131	Suecia	Hombres	4
2011	44	Teruel	01	UE-27_2007	131	Suecia	Mujeres	3
2011	44	Teruel	01	UE-27_2007	136	Letonia	Hombres	3
2011	44	Teruel	01	UE-27_2007	136	Letonia	Mujeres	6
2011	44	Teruel	01	UE-27_2007	142	Lituania	Hombres	8
2011	44	Teruel	01	UE-27_2007	142	Lituania	Mujeres	10
2011	44	Teruel	01	UE-27_2007	143	República Checa	Hombres	25
2011	44	Teruel	01	UE-27_2007	143	República Checa	Mujeres	20
2011	44	Teruel	01	UE-27_2007	144	Eslovaquia	Mujeres	2
2011	44	Teruel	02	Resto de Europa	101	Albania	Hombres	6
2011	44	Teruel	02	Resto de Europa	101	Albania	Mujeres	3
2011	44	Teruel	02	Resto de Europa	114	Islandia	Hombres	1
2011	44	Teruel	02	Resto de Europa	132	Suiza	Hombres	1
2011	44	Teruel	02	Resto de Europa	132	Suiza	Mujeres	6
2011	44	Teruel	02	Resto de Europa	135	Ucrania	Hombres	98
2011	44	Teruel	02	Resto de Europa	135	Ucrania	Mujeres	89
2011	44	Teruel	02	Resto de Europa	137	Moldova	Hombres	20
2011	44	Teruel	02	Resto de Europa	137	Moldova	Mujeres	18
2011	44	Teruel	02	Resto de Europa	138	Bielorrusia	Hombres	1
2011	44	Teruel	02	Resto de Europa	138	Bielorrusia	Mujeres	2
2011	44	Teruel	02	Resto de Europa	139	Georgia	Hombres	1
2011	44	Teruel	02	Resto de Europa	139	Georgia	Mujeres	3
2011	44	Teruel	02	Resto de Europa	145	Bosnia-Herzegovina	Hombres	1
2011	44	Teruel	02	Resto de Europa	146	Croacia	Hombres	1
2011	44	Teruel	02	Resto de Europa	148	Armenia	Hombres	7
2011	44	Teruel	02	Resto de Europa	148	Armenia	Mujeres	4
2011	44	Teruel	02	Resto de Europa	154	Rusia	Hombres	5
2011	44	Teruel	02	Resto de Europa	154	Rusia	Mujeres	16
2011	44	Teruel	02	Resto de Europa	157	Serbia	Hombres	1
2011	44	Teruel	02	Resto de Europa	436	Turquía	Hombres	7
2011	44	Teruel	02	Resto de Europa	436	Turquía	Mujeres	2
2011	44	Teruel	03	Magreb	203	Argelia	Hombres	142
2011	44	Teruel	03	Magreb	203	Argelia	Mujeres	70
2011	44	Teruel	03	Magreb	228	Marruecos	Hombres	2758
2011	44	Teruel	03	Magreb	228	Marruecos	Mujeres	1455
2011	44	Teruel	03	Magreb	230	Mauritania	Hombres	2
2011	44	Teruel	03	Magreb	248	Túnez	Hombres	1
2011	44	Teruel	03	Magreb	248	Túnez	Mujeres	3
2011	44	Teruel	04	Resto de África	207	Cabo Verde	Hombres	20
2011	44	Teruel	04	Resto de África	207	Cabo Verde	Mujeres	20
2011	44	Teruel	04	Resto de África	208	Camerún	Mujeres	1
2011	44	Teruel	04	Resto de África	213	Egipto	Hombres	3
2011	44	Teruel	04	Resto de África	214	Etiopía	Hombres	1
2011	44	Teruel	04	Resto de África	216	Gambia	Hombres	34
2011	44	Teruel	04	Resto de África	216	Gambia	Mujeres	24
2011	44	Teruel	04	Resto de África	217	Ghana	Hombres	10
2011	44	Teruel	04	Resto de África	217	Ghana	Mujeres	3
2011	44	Teruel	04	Resto de África	218	Guinea	Hombres	2
2011	44	Teruel	04	Resto de África	218	Guinea	Mujeres	1
2011	44	Teruel	04	Resto de África	221	Kenia	Mujeres	2
2011	44	Teruel	04	Resto de África	227	Mali	Hombres	11
2011	44	Teruel	04	Resto de África	227	Mali	Mujeres	3
2011	44	Teruel	04	Resto de África	234	Nigeria	Hombres	2
2011	44	Teruel	04	Resto de África	234	Nigeria	Mujeres	1
2011	44	Teruel	04	Resto de África	237	Ruanda	Hombres	1
2011	44	Teruel	04	Resto de África	239	Senegal	Hombres	28
2011	44	Teruel	04	Resto de África	239	Senegal	Mujeres	3
2011	44	Teruel	05	América del Norte	301	Canadá	Hombres	1
2011	44	Teruel	05	América del Norte	301	Canadá	Mujeres	1
2011	44	Teruel	05	América del Norte	302	Estados Unidos de América	Hombres	11
2011	44	Teruel	05	América del Norte	302	Estados Unidos de América	Mujeres	11
2011	44	Teruel	06	Resto de América	303	México	Hombres	5
2011	44	Teruel	06	Resto de América	303	México	Mujeres	9
2011	44	Teruel	06	Resto de América	314	Costa Rica	Mujeres	1
2011	44	Teruel	06	Resto de América	315	Cuba	Hombres	64
2011	44	Teruel	06	Resto de América	315	Cuba	Mujeres	90
2011	44	Teruel	06	Resto de América	316	Dominica	Hombres	1
2011	44	Teruel	06	Resto de América	317	El Salvador	Mujeres	1
2011	44	Teruel	06	Resto de América	320	Haití	Hombres	1
2011	44	Teruel	06	Resto de América	321	Honduras	Hombres	5
2011	44	Teruel	06	Resto de América	321	Honduras	Mujeres	4
2011	44	Teruel	06	Resto de América	323	Nicaragua	Hombres	2
2011	44	Teruel	06	Resto de América	323	Nicaragua	Mujeres	16
2011	44	Teruel	06	Resto de América	326	República Dominicana	Hombres	145
2011	44	Teruel	06	Resto de América	326	República Dominicana	Mujeres	219
2011	44	Teruel	06	Resto de América	340	Argentina	Hombres	129
2011	44	Teruel	06	Resto de América	340	Argentina	Mujeres	142
2011	44	Teruel	06	Resto de América	341	Bolivia	Hombres	50
2011	44	Teruel	06	Resto de América	341	Bolivia	Mujeres	48
2011	44	Teruel	06	Resto de América	342	Brasil	Hombres	87
2011	44	Teruel	06	Resto de América	342	Brasil	Mujeres	203
2011	44	Teruel	06	Resto de América	343	Colombia	Hombres	402
2011	44	Teruel	06	Resto de América	343	Colombia	Mujeres	479
2011	44	Teruel	06	Resto de América	344	Chile	Hombres	35
2011	44	Teruel	06	Resto de América	344	Chile	Mujeres	44
2011	44	Teruel	06	Resto de América	345	Ecuador	Hombres	150
2011	44	Teruel	06	Resto de América	345	Ecuador	Mujeres	124
2011	44	Teruel	06	Resto de América	347	Paraguay	Hombres	21
2011	44	Teruel	06	Resto de América	347	Paraguay	Mujeres	24
2011	44	Teruel	06	Resto de América	348	Perú	Hombres	126
2011	44	Teruel	06	Resto de América	348	Perú	Mujeres	122
2011	44	Teruel	06	Resto de América	350	Uruguay	Hombres	21
2011	44	Teruel	06	Resto de América	350	Uruguay	Mujeres	28
2011	44	Teruel	06	Resto de América	351	Venezuela	Hombres	10
2011	44	Teruel	06	Resto de América	351	Venezuela	Mujeres	20
2011	44	Teruel	07	Asia	407	China	Hombres	76
2011	44	Teruel	07	Asia	407	China	Mujeres	60
2011	44	Teruel	07	Asia	409	Filipinas	Hombres	1
2011	44	Teruel	07	Asia	410	India	Hombres	4
2011	44	Teruel	07	Asia	410	India	Mujeres	4
2011	44	Teruel	07	Asia	412	Irak	Hombres	1
2011	44	Teruel	07	Asia	413	Irán	Hombres	1
2011	44	Teruel	07	Asia	413	Irán	Mujeres	1
2011	44	Teruel	07	Asia	414	Israel	Hombres	1
2011	44	Teruel	07	Asia	416	Jordania	Hombres	1
2011	44	Teruel	07	Asia	420	Líbano	Hombres	3
2011	44	Teruel	07	Asia	426	Pakistán	Hombres	347
2011	44	Teruel	07	Asia	426	Pakistán	Mujeres	163
2011	44	Teruel	07	Asia	433	Siria	Hombres	1
2011	44	Teruel	07	Asia	434	Sri-Lanka	Hombres	1
2011	44	Teruel	07	Asia	434	Sri-Lanka	Mujeres	1
2011	44	Teruel	07	Asia	435	Tailandia	Mujeres	1
2011	44	Teruel	07	Asia	443	Kazajstan	Hombres	4
2011	44	Teruel	07	Asia	443	Kazajstan	Mujeres	6
2011	44	Teruel	07	Asia	444	Kirgvistan	Mujeres	1
2011	44	Teruel	08	Oceanía	501	Australia	Hombres	1
2011	44	Teruel	08	Oceanía	501	Australia	Mujeres	4
2011	50	Zaragoza	01	UE-27_2007	102	Austria	Hombres	22
2011	50	Zaragoza	01	UE-27_2007	102	Austria	Mujeres	28
2011	50	Zaragoza	01	UE-27_2007	103	Bélgica	Hombres	69
2011	50	Zaragoza	01	UE-27_2007	103	Bélgica	Mujeres	51
2011	50	Zaragoza	01	UE-27_2007	104	Bulgaria	Hombres	2017
2011	50	Zaragoza	01	UE-27_2007	104	Bulgaria	Mujeres	1684
2011	50	Zaragoza	01	UE-27_2007	106	Chipre	Hombres	1
2011	50	Zaragoza	01	UE-27_2007	106	Chipre	Mujeres	1
2011	50	Zaragoza	01	UE-27_2007	107	Dinamarca	Hombres	26
2011	50	Zaragoza	01	UE-27_2007	107	Dinamarca	Mujeres	6
2011	50	Zaragoza	01	UE-27_2007	109	Finlandia	Hombres	9
2011	50	Zaragoza	01	UE-27_2007	109	Finlandia	Mujeres	19
2011	50	Zaragoza	01	UE-27_2007	110	Francia	Hombres	617
2011	50	Zaragoza	01	UE-27_2007	110	Francia	Mujeres	667
2011	50	Zaragoza	01	UE-27_2007	111	Grecia	Hombres	28
2011	50	Zaragoza	01	UE-27_2007	111	Grecia	Mujeres	22
2011	50	Zaragoza	01	UE-27_2007	112	Hungría	Hombres	57
2011	50	Zaragoza	01	UE-27_2007	112	Hungría	Mujeres	58
2011	50	Zaragoza	01	UE-27_2007	113	Irlanda	Hombres	35
2011	50	Zaragoza	01	UE-27_2007	113	Irlanda	Mujeres	30
2011	50	Zaragoza	01	UE-27_2007	115	Italia	Hombres	948
2011	50	Zaragoza	01	UE-27_2007	115	Italia	Mujeres	608
2011	50	Zaragoza	01	UE-27_2007	121	Países Bajos	Hombres	170
2011	50	Zaragoza	01	UE-27_2007	121	Países Bajos	Mujeres	137
2011	50	Zaragoza	01	UE-27_2007	122	Polonia	Hombres	1549
2011	50	Zaragoza	01	UE-27_2007	122	Polonia	Mujeres	1047
2011	50	Zaragoza	01	UE-27_2007	123	Portugal	Hombres	2351
2011	50	Zaragoza	01	UE-27_2007	123	Portugal	Mujeres	1135
2011	50	Zaragoza	01	UE-27_2007	125	Reino Unido	Hombres	299
2011	50	Zaragoza	01	UE-27_2007	125	Reino Unido	Mujeres	229
2011	50	Zaragoza	01	UE-27_2007	126	Alemania	Hombres	318
2011	50	Zaragoza	01	UE-27_2007	126	Alemania	Mujeres	291
2011	50	Zaragoza	01	UE-27_2007	128	Rumanía	Hombres	26804
2011	50	Zaragoza	01	UE-27_2007	128	Rumanía	Mujeres	23500
2011	50	Zaragoza	01	UE-27_2007	131	Suecia	Hombres	28
2011	50	Zaragoza	01	UE-27_2007	131	Suecia	Mujeres	29
2011	50	Zaragoza	01	UE-27_2007	136	Letonia	Hombres	13
2011	50	Zaragoza	01	UE-27_2007	136	Letonia	Mujeres	13
2011	50	Zaragoza	01	UE-27_2007	141	Estonia	Hombres	4
2011	50	Zaragoza	01	UE-27_2007	141	Estonia	Mujeres	8
2011	50	Zaragoza	01	UE-27_2007	142	Lituania	Hombres	85
2011	50	Zaragoza	01	UE-27_2007	142	Lituania	Mujeres	83
2011	50	Zaragoza	01	UE-27_2007	143	República Checa	Hombres	51
2011	50	Zaragoza	01	UE-27_2007	143	República Checa	Mujeres	63
2011	50	Zaragoza	01	UE-27_2007	144	Eslovaquia	Hombres	74
2011	50	Zaragoza	01	UE-27_2007	144	Eslovaquia	Mujeres	55
2011	50	Zaragoza	01	UE-27_2007	147	Eslovenia	Hombres	29
2011	50	Zaragoza	01	UE-27_2007	147	Eslovenia	Mujeres	21
2011	50	Zaragoza	02	Resto de Europa	101	Albania	Hombres	20
2011	50	Zaragoza	02	Resto de Europa	101	Albania	Mujeres	21
2011	50	Zaragoza	02	Resto de Europa	120	Noruega	Hombres	24
2011	50	Zaragoza	02	Resto de Europa	120	Noruega	Mujeres	11
2011	50	Zaragoza	02	Resto de Europa	124	Andorra	Hombres	5
2011	50	Zaragoza	02	Resto de Europa	124	Andorra	Mujeres	3
2011	50	Zaragoza	02	Resto de Europa	132	Suiza	Hombres	23
2011	50	Zaragoza	02	Resto de Europa	132	Suiza	Mujeres	12
2011	50	Zaragoza	02	Resto de Europa	135	Ucrania	Hombres	549
2011	50	Zaragoza	02	Resto de Europa	135	Ucrania	Mujeres	727
2011	50	Zaragoza	02	Resto de Europa	137	Moldova	Hombres	112
2011	50	Zaragoza	02	Resto de Europa	137	Moldova	Mujeres	146
2011	50	Zaragoza	02	Resto de Europa	138	Bielorrusia	Hombres	27
2011	50	Zaragoza	02	Resto de Europa	138	Bielorrusia	Mujeres	46
2011	50	Zaragoza	02	Resto de Europa	139	Georgia	Hombres	35
2011	50	Zaragoza	02	Resto de Europa	139	Georgia	Mujeres	14
2011	50	Zaragoza	02	Resto de Europa	145	Bosnia-Herzegovina	Hombres	14
2011	50	Zaragoza	02	Resto de Europa	145	Bosnia-Herzegovina	Mujeres	22
2011	50	Zaragoza	02	Resto de Europa	146	Croacia	Hombres	7
2011	50	Zaragoza	02	Resto de Europa	146	Croacia	Mujeres	9
2011	50	Zaragoza	02	Resto de Europa	148	Armenia	Hombres	33
2011	50	Zaragoza	02	Resto de Europa	148	Armenia	Mujeres	35
2011	50	Zaragoza	02	Resto de Europa	154	Rusia	Hombres	129
2011	50	Zaragoza	02	Resto de Europa	154	Rusia	Mujeres	505
2011	50	Zaragoza	02	Resto de Europa	157	Serbia	Hombres	18
2011	50	Zaragoza	02	Resto de Europa	157	Serbia	Mujeres	16
2011	50	Zaragoza	02	Resto de Europa	158	Montenegro	Hombres	1
2011	50	Zaragoza	02	Resto de Europa	436	Turquía	Hombres	27
2011	50	Zaragoza	02	Resto de Europa	436	Turquía	Mujeres	16
2011	50	Zaragoza	03	Magreb	203	Argelia	Hombres	2864
2011	50	Zaragoza	03	Magreb	203	Argelia	Mujeres	1320
2011	50	Zaragoza	03	Magreb	224	Libia	Hombres	4
2011	50	Zaragoza	03	Magreb	228	Marruecos	Hombres	6227
2011	50	Zaragoza	03	Magreb	228	Marruecos	Mujeres	4034
2011	50	Zaragoza	03	Magreb	230	Mauritania	Hombres	235
2011	50	Zaragoza	03	Magreb	230	Mauritania	Mujeres	43
2011	50	Zaragoza	03	Magreb	248	Túnez	Hombres	43
2011	50	Zaragoza	03	Magreb	248	Túnez	Mujeres	29
2011	50	Zaragoza	04	Resto de África	201	Burkina Fasso	Hombres	40
2011	50	Zaragoza	04	Resto de África	201	Burkina Fasso	Mujeres	8
2011	50	Zaragoza	04	Resto de África	202	Angola	Hombres	29
2011	50	Zaragoza	04	Resto de África	202	Angola	Mujeres	16
2011	50	Zaragoza	04	Resto de África	204	Benin	Hombres	4
2011	50	Zaragoza	04	Resto de África	204	Benin	Mujeres	3
2011	50	Zaragoza	04	Resto de África	206	Burundi	Hombres	5
2011	50	Zaragoza	04	Resto de África	207	Cabo Verde	Hombres	170
2011	50	Zaragoza	04	Resto de África	207	Cabo Verde	Mujeres	176
2011	50	Zaragoza	04	Resto de África	208	Camerún	Hombres	117
2011	50	Zaragoza	04	Resto de África	208	Camerún	Mujeres	72
2011	50	Zaragoza	04	Resto de África	210	Congo	Hombres	25
2011	50	Zaragoza	04	Resto de África	210	Congo	Mujeres	12
2011	50	Zaragoza	04	Resto de África	211	Costa de Marfil	Hombres	30
2011	50	Zaragoza	04	Resto de África	211	Costa de Marfil	Mujeres	20
2011	50	Zaragoza	04	Resto de África	213	Egipto	Hombres	101
2011	50	Zaragoza	04	Resto de África	213	Egipto	Mujeres	64
2011	50	Zaragoza	04	Resto de África	214	Etiopía	Hombres	9
2011	50	Zaragoza	04	Resto de África	214	Etiopía	Mujeres	3
2011	50	Zaragoza	04	Resto de África	215	Gabón	Hombres	4
2011	50	Zaragoza	04	Resto de África	215	Gabón	Mujeres	3
2011	50	Zaragoza	04	Resto de África	216	Gambia	Hombres	1189
2011	50	Zaragoza	04	Resto de África	216	Gambia	Mujeres	444
2011	50	Zaragoza	04	Resto de África	217	Ghana	Hombres	1294
2011	50	Zaragoza	04	Resto de África	217	Ghana	Mujeres	373
2011	50	Zaragoza	04	Resto de África	218	Guinea	Hombres	274
2011	50	Zaragoza	04	Resto de África	218	Guinea	Mujeres	325
2011	50	Zaragoza	04	Resto de África	219	Guinea Bissau	Hombres	68
2011	50	Zaragoza	04	Resto de África	219	Guinea Bissau	Mujeres	18
2011	50	Zaragoza	04	Resto de África	220	Guinea Ecuatorial	Hombres	272
2011	50	Zaragoza	04	Resto de África	220	Guinea Ecuatorial	Mujeres	497
2011	50	Zaragoza	04	Resto de África	221	Kenia	Hombres	3
2011	50	Zaragoza	04	Resto de África	221	Kenia	Mujeres	8
2011	50	Zaragoza	04	Resto de África	223	Liberia	Hombres	7
2011	50	Zaragoza	04	Resto de África	223	Liberia	Mujeres	3
2011	50	Zaragoza	04	Resto de África	227	Mali	Hombres	436
2011	50	Zaragoza	04	Resto de África	227	Mali	Mujeres	114
2011	50	Zaragoza	04	Resto de África	229	Mauricio	Mujeres	1
2011	50	Zaragoza	04	Resto de África	231	Mozambique	Hombres	1
2011	50	Zaragoza	04	Resto de África	231	Mozambique	Mujeres	3
2011	50	Zaragoza	04	Resto de África	233	Níger	Hombres	9
2011	50	Zaragoza	04	Resto de África	233	Níger	Mujeres	2
2011	50	Zaragoza	04	Resto de África	234	Nigeria	Hombres	407
2011	50	Zaragoza	04	Resto de África	234	Nigeria	Mujeres	381
2011	50	Zaragoza	04	Resto de África	235	República Centroafricana	Hombres	2
2011	50	Zaragoza	04	Resto de África	235	República Centroafricana	Mujeres	4
2011	50	Zaragoza	04	Resto de África	236	Sudáfrica	Hombres	5
2011	50	Zaragoza	04	Resto de África	236	Sudáfrica	Mujeres	4
2011	50	Zaragoza	04	Resto de África	237	Ruanda	Mujeres	1
2011	50	Zaragoza	04	Resto de África	238	Santo Tome y Príncipe	Hombres	1
2011	50	Zaragoza	04	Resto de África	239	Senegal	Hombres	2182
2011	50	Zaragoza	04	Resto de África	239	Senegal	Mujeres	470
2011	50	Zaragoza	04	Resto de África	241	Sierra Leona	Hombres	10
2011	50	Zaragoza	04	Resto de África	241	Sierra Leona	Mujeres	6
2011	50	Zaragoza	04	Resto de África	243	Sudán	Hombres	10
2011	50	Zaragoza	04	Resto de África	243	Sudán	Mujeres	3
2011	50	Zaragoza	04	Resto de África	245	Tanzania	Hombres	1
2011	50	Zaragoza	04	Resto de África	246	Chad	Hombres	1
2011	50	Zaragoza	04	Resto de África	246	Chad	Mujeres	1
2011	50	Zaragoza	04	Resto de África	247	Togo	Hombres	17
2011	50	Zaragoza	04	Resto de África	247	Togo	Mujeres	7
2011	50	Zaragoza	04	Resto de África	249	Uganda	Mujeres	1
2011	50	Zaragoza	04	Resto de África	250	Rep. Democrática del Congo	Hombres	39
2011	50	Zaragoza	04	Resto de África	250	Rep. Democrática del Congo	Mujeres	30
2011	50	Zaragoza	04	Resto de África	251	Zambia	Mujeres	1
2011	50	Zaragoza	04	Resto de África	252	Zimbabwe	Mujeres	1
2011	50	Zaragoza	04	Resto de África	253	Eritrea	Mujeres	1
2011	50	Zaragoza	05	América del Norte	301	Canadá	Hombres	11
2011	50	Zaragoza	05	América del Norte	301	Canadá	Mujeres	14
2011	50	Zaragoza	05	América del Norte	302	Estados Unidos de América	Hombres	228
2011	50	Zaragoza	05	América del Norte	302	Estados Unidos de América	Mujeres	141
2011	50	Zaragoza	06	Resto de América	303	México	Hombres	101
2011	50	Zaragoza	06	Resto de América	303	México	Mujeres	198
2011	50	Zaragoza	06	Resto de América	314	Costa Rica	Hombres	19
2011	50	Zaragoza	06	Resto de América	314	Costa Rica	Mujeres	16
2011	50	Zaragoza	06	Resto de América	315	Cuba	Hombres	399
2011	50	Zaragoza	06	Resto de América	315	Cuba	Mujeres	588
2011	50	Zaragoza	06	Resto de América	316	Dominica	Hombres	4
2011	50	Zaragoza	06	Resto de América	316	Dominica	Mujeres	11
2011	50	Zaragoza	06	Resto de América	317	El Salvador	Hombres	86
2011	50	Zaragoza	06	Resto de América	317	El Salvador	Mujeres	138
2011	50	Zaragoza	06	Resto de América	319	Guatemala	Hombres	32
2011	50	Zaragoza	06	Resto de América	319	Guatemala	Mujeres	51
2011	50	Zaragoza	06	Resto de América	320	Haití	Hombres	3
2011	50	Zaragoza	06	Resto de América	320	Haití	Mujeres	2
2011	50	Zaragoza	06	Resto de América	321	Honduras	Hombres	202
2011	50	Zaragoza	06	Resto de América	321	Honduras	Mujeres	459
2011	50	Zaragoza	06	Resto de América	323	Nicaragua	Hombres	731
2011	50	Zaragoza	06	Resto de América	323	Nicaragua	Mujeres	2325
2011	50	Zaragoza	06	Resto de América	324	Panamá	Hombres	45
2011	50	Zaragoza	06	Resto de América	324	Panamá	Mujeres	39
2011	50	Zaragoza	06	Resto de América	326	República Dominicana	Hombres	713
2011	50	Zaragoza	06	Resto de América	326	República Dominicana	Mujeres	1033
2011	50	Zaragoza	06	Resto de América	327	Trinidad y Tobago	Mujeres	1
2011	50	Zaragoza	06	Resto de América	340	Argentina	Hombres	518
2011	50	Zaragoza	06	Resto de América	340	Argentina	Mujeres	632
2011	50	Zaragoza	06	Resto de América	341	Bolivia	Hombres	251
2011	50	Zaragoza	06	Resto de América	341	Bolivia	Mujeres	341
2011	50	Zaragoza	06	Resto de América	342	Brasil	Hombres	458
2011	50	Zaragoza	06	Resto de América	342	Brasil	Mujeres	1110
2011	50	Zaragoza	06	Resto de América	343	Colombia	Hombres	2324
2011	50	Zaragoza	06	Resto de América	343	Colombia	Mujeres	2864
2011	50	Zaragoza	06	Resto de América	344	Chile	Hombres	269
2011	50	Zaragoza	06	Resto de América	344	Chile	Mujeres	308
2011	50	Zaragoza	06	Resto de América	345	Ecuador	Hombres	3982
2011	50	Zaragoza	06	Resto de América	345	Ecuador	Mujeres	4063
2011	50	Zaragoza	06	Resto de América	347	Paraguay	Hombres	71
2011	50	Zaragoza	06	Resto de América	347	Paraguay	Mujeres	183
2011	50	Zaragoza	06	Resto de América	348	Perú	Hombres	912
2011	50	Zaragoza	06	Resto de América	348	Perú	Mujeres	966
2011	50	Zaragoza	06	Resto de América	350	Uruguay	Hombres	177
2011	50	Zaragoza	06	Resto de América	350	Uruguay	Mujeres	181
2011	50	Zaragoza	06	Resto de América	351	Venezuela	Hombres	270
2011	50	Zaragoza	06	Resto de América	351	Venezuela	Mujeres	453
2011	50	Zaragoza	07	Asia	401	Afganistán	Hombres	1
2011	50	Zaragoza	07	Asia	402	Arabia Saudí	Hombres	1
2011	50	Zaragoza	07	Asia	404	Bangladesh	Hombres	19
2011	50	Zaragoza	07	Asia	404	Bangladesh	Mujeres	7
2011	50	Zaragoza	07	Asia	407	China	Hombres	2159
2011	50	Zaragoza	07	Asia	407	China	Mujeres	1901
2011	50	Zaragoza	07	Asia	409	Filipinas	Hombres	8
2011	50	Zaragoza	07	Asia	409	Filipinas	Mujeres	22
2011	50	Zaragoza	07	Asia	410	India	Hombres	84
2011	50	Zaragoza	07	Asia	410	India	Mujeres	41
2011	50	Zaragoza	07	Asia	411	Indonesia	Hombres	5
2011	50	Zaragoza	07	Asia	411	Indonesia	Mujeres	7
2011	50	Zaragoza	07	Asia	412	Irak	Mujeres	1
2011	50	Zaragoza	07	Asia	413	Irán	Hombres	6
2011	50	Zaragoza	07	Asia	413	Irán	Mujeres	5
2011	50	Zaragoza	07	Asia	414	Israel	Hombres	5
2011	50	Zaragoza	07	Asia	414	Israel	Mujeres	3
2011	50	Zaragoza	07	Asia	415	Japón	Hombres	18
2011	50	Zaragoza	07	Asia	415	Japón	Mujeres	23
2011	50	Zaragoza	07	Asia	416	Jordania	Hombres	21
2011	50	Zaragoza	07	Asia	416	Jordania	Mujeres	8
2011	50	Zaragoza	07	Asia	418	Kuwait	Hombres	1
2011	50	Zaragoza	07	Asia	420	Líbano	Hombres	8
2011	50	Zaragoza	07	Asia	420	Líbano	Mujeres	11
2011	50	Zaragoza	07	Asia	421	Malasia	Hombres	2
2011	50	Zaragoza	07	Asia	423	Mongolia	Hombres	1
2011	50	Zaragoza	07	Asia	423	Mongolia	Mujeres	1
2011	50	Zaragoza	07	Asia	424	Nepal	Hombres	5
2011	50	Zaragoza	07	Asia	424	Nepal	Mujeres	2
2011	50	Zaragoza	07	Asia	426	Pakistán	Hombres	603
2011	50	Zaragoza	07	Asia	426	Pakistán	Mujeres	97
2011	50	Zaragoza	07	Asia	430	República de Corea	Hombres	13
2011	50	Zaragoza	07	Asia	430	República de Corea	Mujeres	11
2011	50	Zaragoza	07	Asia	431	Corea del norte (R. popular)	Mujeres	1
2011	50	Zaragoza	07	Asia	432	Singapur	Mujeres	1
2011	50	Zaragoza	07	Asia	433	Siria	Hombres	22
2011	50	Zaragoza	07	Asia	433	Siria	Mujeres	11
2011	50	Zaragoza	07	Asia	434	Sri-Lanka	Mujeres	1
2011	50	Zaragoza	07	Asia	435	Tailandia	Hombres	1
2011	50	Zaragoza	07	Asia	435	Tailandia	Mujeres	6
2011	50	Zaragoza	07	Asia	437	Vietnam	Hombres	6
2011	50	Zaragoza	07	Asia	437	Vietnam	Mujeres	8
2011	50	Zaragoza	07	Asia	441	Yemen	Hombres	1
2011	50	Zaragoza	07	Asia	442	Azerbaiyan	Hombres	2
2011	50	Zaragoza	07	Asia	443	Kazajstan	Hombres	2
2011	50	Zaragoza	07	Asia	443	Kazajstan	Mujeres	6
2011	50	Zaragoza	07	Asia	444	Kirgvistan	Hombres	1
2011	50	Zaragoza	07	Asia	444	Kirgvistan	Mujeres	23
2011	50	Zaragoza	07	Asia	447	Uzbekistán	Hombres	2
2011	50	Zaragoza	07	Asia	447	Uzbekistán	Mujeres	8
2011	50	Zaragoza	07	Asia	499	Países sin relaciones diplomáticas	Hombres	5
2011	50	Zaragoza	07	Asia	499	Países sin relaciones diplomáticas	Mujeres	4
2011	50	Zaragoza	08	Oceanía	501	Australia	Hombres	6
2011	50	Zaragoza	08	Oceanía	501	Australia	Mujeres	5
2011	50	Zaragoza	08	Oceanía	504	Nueva Zelanda	Hombres	3
2011	50	Zaragoza	08	Oceanía	504	Nueva Zelanda	Mujeres	2
2011	50	Zaragoza	09	Apátridas y no consta	555	Apátridas	Hombres	21
2011	50	Zaragoza	09	Apátridas y no consta	555	Apátridas	Mujeres	9
2012	22	Huesca	01	UE-27_2007	102	Austria	Hombres	6
2012	22	Huesca	01	UE-27_2007	102	Austria	Mujeres	6
2012	22	Huesca	01	UE-27_2007	103	Bélgica	Hombres	45
2012	22	Huesca	01	UE-27_2007	103	Bélgica	Mujeres	47
2012	22	Huesca	01	UE-27_2007	104	Bulgaria	Hombres	1110
2012	22	Huesca	01	UE-27_2007	104	Bulgaria	Mujeres	1021
2012	22	Huesca	01	UE-27_2007	107	Dinamarca	Hombres	6
2012	22	Huesca	01	UE-27_2007	107	Dinamarca	Mujeres	7
2012	22	Huesca	01	UE-27_2007	109	Finlandia	Hombres	2
2012	22	Huesca	01	UE-27_2007	109	Finlandia	Mujeres	4
2012	22	Huesca	01	UE-27_2007	110	Francia	Hombres	277
2012	22	Huesca	01	UE-27_2007	110	Francia	Mujeres	260
2012	22	Huesca	01	UE-27_2007	111	Grecia	Hombres	4
2012	22	Huesca	01	UE-27_2007	111	Grecia	Mujeres	7
2012	22	Huesca	01	UE-27_2007	112	Hungría	Hombres	11
2012	22	Huesca	01	UE-27_2007	112	Hungría	Mujeres	11
2012	22	Huesca	01	UE-27_2007	113	Irlanda	Hombres	13
2012	22	Huesca	01	UE-27_2007	113	Irlanda	Mujeres	9
2012	22	Huesca	01	UE-27_2007	115	Italia	Hombres	144
2012	22	Huesca	01	UE-27_2007	115	Italia	Mujeres	107
2012	22	Huesca	01	UE-27_2007	121	Países Bajos	Hombres	73
2012	22	Huesca	01	UE-27_2007	121	Países Bajos	Mujeres	76
2012	22	Huesca	01	UE-27_2007	122	Polonia	Hombres	444
2012	22	Huesca	01	UE-27_2007	122	Polonia	Mujeres	381
2012	22	Huesca	01	UE-27_2007	123	Portugal	Hombres	654
2012	22	Huesca	01	UE-27_2007	123	Portugal	Mujeres	316
2012	22	Huesca	01	UE-27_2007	125	Reino Unido	Hombres	110
2012	22	Huesca	01	UE-27_2007	125	Reino Unido	Mujeres	101
2012	22	Huesca	01	UE-27_2007	126	Alemania	Hombres	84
2012	22	Huesca	01	UE-27_2007	126	Alemania	Mujeres	84
2012	22	Huesca	01	UE-27_2007	128	Rumanía	Hombres	4509
2012	22	Huesca	01	UE-27_2007	128	Rumanía	Mujeres	4296
2012	22	Huesca	01	UE-27_2007	131	Suecia	Hombres	2
2012	22	Huesca	01	UE-27_2007	131	Suecia	Mujeres	6
2012	22	Huesca	01	UE-27_2007	136	Letonia	Hombres	11
2012	22	Huesca	01	UE-27_2007	136	Letonia	Mujeres	11
2012	22	Huesca	01	UE-27_2007	141	Estonia	Hombres	1
2012	22	Huesca	01	UE-27_2007	141	Estonia	Mujeres	3
2012	22	Huesca	01	UE-27_2007	142	Lituania	Hombres	119
2012	22	Huesca	01	UE-27_2007	142	Lituania	Mujeres	129
2012	22	Huesca	01	UE-27_2007	143	República Checa	Hombres	25
2012	22	Huesca	01	UE-27_2007	143	República Checa	Mujeres	18
2012	22	Huesca	01	UE-27_2007	144	Eslovaquia	Hombres	23
2012	22	Huesca	01	UE-27_2007	144	Eslovaquia	Mujeres	15
2012	22	Huesca	01	UE-27_2007	147	Eslovenia	Hombres	2
2012	22	Huesca	01	UE-27_2007	147	Eslovenia	Mujeres	1
2012	22	Huesca	02	Resto de Europa	101	Albania	Hombres	6
2012	22	Huesca	02	Resto de Europa	101	Albania	Mujeres	2
2012	22	Huesca	02	Resto de Europa	120	Noruega	Mujeres	1
2012	22	Huesca	02	Resto de Europa	124	Andorra	Hombres	5
2012	22	Huesca	02	Resto de Europa	124	Andorra	Mujeres	3
2012	22	Huesca	02	Resto de Europa	132	Suiza	Hombres	19
2012	22	Huesca	02	Resto de Europa	132	Suiza	Mujeres	14
2012	22	Huesca	02	Resto de Europa	135	Ucrania	Hombres	291
2012	22	Huesca	02	Resto de Europa	135	Ucrania	Mujeres	276
2012	22	Huesca	02	Resto de Europa	137	Moldova	Hombres	26
2012	22	Huesca	02	Resto de Europa	137	Moldova	Mujeres	18
2012	22	Huesca	02	Resto de Europa	138	Bielorrusia	Hombres	9
2012	22	Huesca	02	Resto de Europa	138	Bielorrusia	Mujeres	7
2012	22	Huesca	02	Resto de Europa	139	Georgia	Hombres	7
2012	22	Huesca	02	Resto de Europa	139	Georgia	Mujeres	4
2012	22	Huesca	02	Resto de Europa	148	Armenia	Hombres	28
2012	22	Huesca	02	Resto de Europa	148	Armenia	Mujeres	25
2012	22	Huesca	02	Resto de Europa	154	Rusia	Hombres	34
2012	22	Huesca	02	Resto de Europa	154	Rusia	Mujeres	92
2012	22	Huesca	02	Resto de Europa	156	Macedonia	Mujeres	1
2012	22	Huesca	02	Resto de Europa	157	Serbia	Hombres	9
2012	22	Huesca	02	Resto de Europa	157	Serbia	Mujeres	7
2012	22	Huesca	02	Resto de Europa	199	Países sin relaciones diplomáticas	Hombres	1
2012	22	Huesca	02	Resto de Europa	436	Turquía	Hombres	5
2012	22	Huesca	02	Resto de Europa	436	Turquía	Mujeres	3
2012	22	Huesca	03	Magreb	203	Argelia	Hombres	570
2012	22	Huesca	03	Magreb	203	Argelia	Mujeres	287
2012	22	Huesca	03	Magreb	228	Marruecos	Hombres	2140
2012	22	Huesca	03	Magreb	228	Marruecos	Mujeres	1563
2012	22	Huesca	03	Magreb	230	Mauritania	Hombres	122
2012	22	Huesca	03	Magreb	230	Mauritania	Mujeres	17
2012	22	Huesca	04	Resto de África	201	Burkina Fasso	Hombres	42
2012	22	Huesca	04	Resto de África	201	Burkina Fasso	Mujeres	15
2012	22	Huesca	04	Resto de África	202	Angola	Hombres	3
2012	22	Huesca	04	Resto de África	202	Angola	Mujeres	3
2012	22	Huesca	04	Resto de África	204	Benin	Hombres	1
2012	22	Huesca	04	Resto de África	204	Benin	Mujeres	3
2012	22	Huesca	04	Resto de África	207	Cabo Verde	Hombres	8
2012	22	Huesca	04	Resto de África	207	Cabo Verde	Mujeres	4
2012	22	Huesca	04	Resto de África	208	Camerún	Hombres	7
2012	22	Huesca	04	Resto de África	208	Camerún	Mujeres	2
2012	22	Huesca	04	Resto de África	210	Congo	Hombres	1
2012	22	Huesca	04	Resto de África	211	Costa de Marfil	Hombres	37
2012	22	Huesca	04	Resto de África	211	Costa de Marfil	Mujeres	14
2012	22	Huesca	04	Resto de África	213	Egipto	Hombres	7
2012	22	Huesca	04	Resto de África	213	Egipto	Mujeres	3
2012	22	Huesca	04	Resto de África	214	Etiopía	Mujeres	2
2012	22	Huesca	04	Resto de África	216	Gambia	Hombres	594
2012	22	Huesca	04	Resto de África	216	Gambia	Mujeres	142
2012	22	Huesca	04	Resto de África	217	Ghana	Hombres	67
2012	22	Huesca	04	Resto de África	217	Ghana	Mujeres	30
2012	22	Huesca	04	Resto de África	218	Guinea	Hombres	199
2012	22	Huesca	04	Resto de África	218	Guinea	Mujeres	68
2012	22	Huesca	04	Resto de África	219	Guinea Bissau	Hombres	19
2012	22	Huesca	04	Resto de África	219	Guinea Bissau	Mujeres	1
2012	22	Huesca	04	Resto de África	220	Guinea Ecuatorial	Hombres	11
2012	22	Huesca	04	Resto de África	220	Guinea Ecuatorial	Mujeres	15
2012	22	Huesca	04	Resto de África	221	Kenia	Hombres	3
2012	22	Huesca	04	Resto de África	221	Kenia	Mujeres	20
2012	22	Huesca	04	Resto de África	223	Liberia	Hombres	2
2012	22	Huesca	04	Resto de África	223	Liberia	Mujeres	2
2012	22	Huesca	04	Resto de África	227	Mali	Hombres	832
2012	22	Huesca	04	Resto de África	227	Mali	Mujeres	149
2012	22	Huesca	04	Resto de África	233	Níger	Hombres	12
2012	22	Huesca	04	Resto de África	233	Níger	Mujeres	4
2012	22	Huesca	04	Resto de África	234	Nigeria	Hombres	52
2012	22	Huesca	04	Resto de África	234	Nigeria	Mujeres	35
2012	22	Huesca	04	Resto de África	236	Sudáfrica	Hombres	1
2012	22	Huesca	04	Resto de África	239	Senegal	Hombres	420
2012	22	Huesca	04	Resto de África	239	Senegal	Mujeres	68
2012	22	Huesca	04	Resto de África	247	Togo	Hombres	3
2012	22	Huesca	04	Resto de África	247	Togo	Mujeres	2
2012	22	Huesca	04	Resto de África	249	Uganda	Mujeres	1
2012	22	Huesca	05	América del Norte	301	Canadá	Hombres	2
2012	22	Huesca	05	América del Norte	301	Canadá	Mujeres	4
2012	22	Huesca	05	América del Norte	302	Estados Unidos de América	Hombres	22
2012	22	Huesca	05	América del Norte	302	Estados Unidos de América	Mujeres	26
2012	22	Huesca	06	Resto de América	303	México	Hombres	28
2012	22	Huesca	06	Resto de América	303	México	Mujeres	35
2012	22	Huesca	06	Resto de América	314	Costa Rica	Hombres	1
2012	22	Huesca	06	Resto de América	314	Costa Rica	Mujeres	1
2012	22	Huesca	06	Resto de América	315	Cuba	Hombres	69
2012	22	Huesca	06	Resto de América	315	Cuba	Mujeres	112
2012	22	Huesca	06	Resto de América	316	Dominica	Hombres	1
2012	22	Huesca	06	Resto de América	316	Dominica	Mujeres	3
2012	22	Huesca	06	Resto de América	317	El Salvador	Hombres	1
2012	22	Huesca	06	Resto de América	317	El Salvador	Mujeres	12
2012	22	Huesca	06	Resto de América	319	Guatemala	Hombres	11
2012	22	Huesca	06	Resto de América	319	Guatemala	Mujeres	19
2012	22	Huesca	06	Resto de América	320	Haití	Mujeres	1
2012	22	Huesca	06	Resto de América	321	Honduras	Hombres	11
2012	22	Huesca	06	Resto de América	321	Honduras	Mujeres	52
2012	22	Huesca	06	Resto de América	323	Nicaragua	Hombres	24
2012	22	Huesca	06	Resto de América	323	Nicaragua	Mujeres	147
2012	22	Huesca	06	Resto de América	324	Panamá	Hombres	2
2012	22	Huesca	06	Resto de América	324	Panamá	Mujeres	6
2012	22	Huesca	06	Resto de América	325	San Vicente y las Granadinas	Mujeres	1
2012	22	Huesca	06	Resto de América	326	República Dominicana	Hombres	183
2012	22	Huesca	06	Resto de América	326	República Dominicana	Mujeres	290
2012	22	Huesca	06	Resto de América	340	Argentina	Hombres	164
2012	22	Huesca	06	Resto de América	340	Argentina	Mujeres	195
2012	22	Huesca	06	Resto de América	341	Bolivia	Hombres	130
2012	22	Huesca	06	Resto de América	341	Bolivia	Mujeres	168
2012	22	Huesca	06	Resto de América	342	Brasil	Hombres	71
2012	22	Huesca	06	Resto de América	342	Brasil	Mujeres	196
2012	22	Huesca	06	Resto de América	343	Colombia	Hombres	350
2012	22	Huesca	06	Resto de América	343	Colombia	Mujeres	473
2012	22	Huesca	06	Resto de América	344	Chile	Hombres	58
2012	22	Huesca	06	Resto de América	344	Chile	Mujeres	57
2012	22	Huesca	06	Resto de América	345	Ecuador	Hombres	386
2012	22	Huesca	06	Resto de América	345	Ecuador	Mujeres	373
2012	22	Huesca	06	Resto de América	347	Paraguay	Hombres	15
2012	22	Huesca	06	Resto de América	347	Paraguay	Mujeres	42
2012	22	Huesca	06	Resto de América	348	Perú	Hombres	91
2012	22	Huesca	06	Resto de América	348	Perú	Mujeres	123
2012	22	Huesca	06	Resto de América	350	Uruguay	Hombres	64
2012	22	Huesca	06	Resto de América	350	Uruguay	Mujeres	71
2012	22	Huesca	06	Resto de América	351	Venezuela	Hombres	56
2012	22	Huesca	06	Resto de América	351	Venezuela	Mujeres	80
2012	22	Huesca	07	Asia	404	Bangladesh	Hombres	1
2012	22	Huesca	07	Asia	404	Bangladesh	Mujeres	1
2012	22	Huesca	07	Asia	407	China	Hombres	173
2012	22	Huesca	07	Asia	407	China	Mujeres	169
2012	22	Huesca	07	Asia	409	Filipinas	Hombres	2
2012	22	Huesca	07	Asia	409	Filipinas	Mujeres	4
2012	22	Huesca	07	Asia	410	India	Hombres	7
2012	22	Huesca	07	Asia	410	India	Mujeres	7
2012	22	Huesca	07	Asia	413	Irán	Mujeres	1
2012	22	Huesca	07	Asia	414	Israel	Hombres	1
2012	22	Huesca	07	Asia	415	Japón	Hombres	2
2012	22	Huesca	07	Asia	415	Japón	Mujeres	4
2012	22	Huesca	07	Asia	418	Kuwait	Hombres	1
2012	22	Huesca	07	Asia	419	Laos	Mujeres	1
2012	22	Huesca	07	Asia	420	Líbano	Hombres	3
2012	22	Huesca	07	Asia	421	Malasia	Hombres	1
2012	22	Huesca	07	Asia	423	Mongolia	Mujeres	2
2012	22	Huesca	07	Asia	424	Nepal	Hombres	2
2012	22	Huesca	07	Asia	424	Nepal	Mujeres	1
2012	22	Huesca	07	Asia	426	Pakistán	Hombres	68
2012	22	Huesca	07	Asia	426	Pakistán	Mujeres	31
2012	22	Huesca	07	Asia	430	República de Corea	Mujeres	1
2012	22	Huesca	07	Asia	433	Siria	Hombres	2
2012	22	Huesca	07	Asia	433	Siria	Mujeres	3
2012	22	Huesca	07	Asia	435	Tailandia	Mujeres	9
2012	22	Huesca	07	Asia	447	Uzbekistán	Mujeres	1
2012	22	Huesca	07	Asia	448	Bhután	Hombres	2
2012	22	Huesca	07	Asia	448	Bhután	Mujeres	1
2012	22	Huesca	07	Asia	499	Países sin relaciones diplomáticas	Hombres	5
2012	22	Huesca	07	Asia	499	Países sin relaciones diplomáticas	Mujeres	4
2012	22	Huesca	08	Oceanía	501	Australia	Hombres	3
2012	22	Huesca	08	Oceanía	501	Australia	Mujeres	3
2012	22	Huesca	08	Oceanía	504	Nueva Zelanda	Hombres	1
2012	22	Huesca	08	Oceanía	511	Micronesia	Mujeres	1
2012	22	Huesca	08	Oceanía	512	Tuvalu	Hombres	1
2012	22	Huesca	08	Oceanía	515	Nauru	Mujeres	1
2012	22	Huesca	08	Oceanía	516	Palaos	Hombres	4
2012	22	Huesca	08	Oceanía	516	Palaos	Mujeres	2
2012	44	Teruel	01	UE-27_2007	102	Austria	Hombres	3
2012	44	Teruel	01	UE-27_2007	103	Bélgica	Hombres	5
2012	44	Teruel	01	UE-27_2007	103	Bélgica	Mujeres	7
2012	44	Teruel	01	UE-27_2007	104	Bulgaria	Hombres	175
2012	44	Teruel	01	UE-27_2007	104	Bulgaria	Mujeres	153
2012	44	Teruel	01	UE-27_2007	107	Dinamarca	Hombres	1
2012	44	Teruel	01	UE-27_2007	109	Finlandia	Mujeres	1
2012	44	Teruel	01	UE-27_2007	110	Francia	Hombres	52
2012	44	Teruel	01	UE-27_2007	110	Francia	Mujeres	61
2012	44	Teruel	01	UE-27_2007	111	Grecia	Hombres	1
2012	44	Teruel	01	UE-27_2007	111	Grecia	Mujeres	1
2012	44	Teruel	01	UE-27_2007	112	Hungría	Hombres	7
2012	44	Teruel	01	UE-27_2007	112	Hungría	Mujeres	8
2012	44	Teruel	01	UE-27_2007	113	Irlanda	Hombres	7
2012	44	Teruel	01	UE-27_2007	113	Irlanda	Mujeres	3
2012	44	Teruel	01	UE-27_2007	115	Italia	Hombres	83
2012	44	Teruel	01	UE-27_2007	115	Italia	Mujeres	50
2012	44	Teruel	01	UE-27_2007	121	Países Bajos	Hombres	23
2012	44	Teruel	01	UE-27_2007	121	Países Bajos	Mujeres	24
2012	44	Teruel	01	UE-27_2007	122	Polonia	Hombres	498
2012	44	Teruel	01	UE-27_2007	122	Polonia	Mujeres	345
2012	44	Teruel	01	UE-27_2007	123	Portugal	Hombres	230
2012	44	Teruel	01	UE-27_2007	123	Portugal	Mujeres	117
2012	44	Teruel	01	UE-27_2007	125	Reino Unido	Hombres	72
2012	44	Teruel	01	UE-27_2007	125	Reino Unido	Mujeres	60
2012	44	Teruel	01	UE-27_2007	126	Alemania	Hombres	49
2012	44	Teruel	01	UE-27_2007	126	Alemania	Mujeres	44
2012	44	Teruel	01	UE-27_2007	128	Rumanía	Hombres	3696
2012	44	Teruel	01	UE-27_2007	128	Rumanía	Mujeres	3342
2012	44	Teruel	01	UE-27_2007	131	Suecia	Hombres	4
2012	44	Teruel	01	UE-27_2007	131	Suecia	Mujeres	3
2012	44	Teruel	01	UE-27_2007	136	Letonia	Hombres	3
2012	44	Teruel	01	UE-27_2007	136	Letonia	Mujeres	6
2012	44	Teruel	01	UE-27_2007	142	Lituania	Hombres	8
2012	44	Teruel	01	UE-27_2007	142	Lituania	Mujeres	12
2012	44	Teruel	01	UE-27_2007	143	República Checa	Hombres	24
2012	44	Teruel	01	UE-27_2007	143	República Checa	Mujeres	20
2012	44	Teruel	01	UE-27_2007	144	Eslovaquia	Mujeres	2
2012	44	Teruel	02	Resto de Europa	101	Albania	Hombres	4
2012	44	Teruel	02	Resto de Europa	101	Albania	Mujeres	3
2012	44	Teruel	02	Resto de Europa	114	Islandia	Hombres	1
2012	44	Teruel	02	Resto de Europa	120	Noruega	Mujeres	1
2012	44	Teruel	02	Resto de Europa	132	Suiza	Mujeres	5
2012	44	Teruel	02	Resto de Europa	135	Ucrania	Hombres	109
2012	44	Teruel	02	Resto de Europa	135	Ucrania	Mujeres	99
2012	44	Teruel	02	Resto de Europa	137	Moldova	Hombres	20
2012	44	Teruel	02	Resto de Europa	137	Moldova	Mujeres	20
2012	44	Teruel	02	Resto de Europa	138	Bielorrusia	Hombres	2
2012	44	Teruel	02	Resto de Europa	138	Bielorrusia	Mujeres	3
2012	44	Teruel	02	Resto de Europa	139	Georgia	Hombres	2
2012	44	Teruel	02	Resto de Europa	139	Georgia	Mujeres	3
2012	44	Teruel	02	Resto de Europa	145	Bosnia-Herzegovina	Hombres	1
2012	44	Teruel	02	Resto de Europa	146	Croacia	Hombres	1
2012	44	Teruel	02	Resto de Europa	148	Armenia	Hombres	2
2012	44	Teruel	02	Resto de Europa	148	Armenia	Mujeres	4
2012	44	Teruel	02	Resto de Europa	154	Rusia	Hombres	9
2012	44	Teruel	02	Resto de Europa	154	Rusia	Mujeres	23
2012	44	Teruel	02	Resto de Europa	157	Serbia	Hombres	1
2012	44	Teruel	02	Resto de Europa	436	Turquía	Hombres	8
2012	44	Teruel	02	Resto de Europa	436	Turquía	Mujeres	5
2012	44	Teruel	03	Magreb	203	Argelia	Hombres	146
2012	44	Teruel	03	Magreb	203	Argelia	Mujeres	78
2012	44	Teruel	03	Magreb	228	Marruecos	Hombres	2793
2012	44	Teruel	03	Magreb	228	Marruecos	Mujeres	1584
2012	44	Teruel	03	Magreb	230	Mauritania	Hombres	2
2012	44	Teruel	03	Magreb	248	Túnez	Hombres	1
2012	44	Teruel	03	Magreb	248	Túnez	Mujeres	2
2012	44	Teruel	04	Resto de África	207	Cabo Verde	Hombres	18
2012	44	Teruel	04	Resto de África	207	Cabo Verde	Mujeres	17
2012	44	Teruel	04	Resto de África	208	Camerún	Hombres	2
2012	44	Teruel	04	Resto de África	208	Camerún	Mujeres	3
2012	44	Teruel	04	Resto de África	213	Egipto	Hombres	4
2012	44	Teruel	04	Resto de África	214	Etiopía	Hombres	1
2012	44	Teruel	04	Resto de África	216	Gambia	Hombres	46
2012	44	Teruel	04	Resto de África	216	Gambia	Mujeres	25
2012	44	Teruel	04	Resto de África	217	Ghana	Hombres	9
2012	44	Teruel	04	Resto de África	217	Ghana	Mujeres	4
2012	44	Teruel	04	Resto de África	218	Guinea	Hombres	1
2012	44	Teruel	04	Resto de África	218	Guinea	Mujeres	1
2012	44	Teruel	04	Resto de África	220	Guinea Ecuatorial	Hombres	1
2012	44	Teruel	04	Resto de África	220	Guinea Ecuatorial	Mujeres	2
2012	44	Teruel	04	Resto de África	221	Kenia	Mujeres	3
2012	44	Teruel	04	Resto de África	227	Mali	Hombres	15
2012	44	Teruel	04	Resto de África	227	Mali	Mujeres	3
2012	44	Teruel	04	Resto de África	234	Nigeria	Hombres	2
2012	44	Teruel	04	Resto de África	234	Nigeria	Mujeres	3
2012	44	Teruel	04	Resto de África	237	Ruanda	Hombres	1
2012	44	Teruel	04	Resto de África	239	Senegal	Hombres	33
2012	44	Teruel	04	Resto de África	239	Senegal	Mujeres	9
2012	44	Teruel	04	Resto de África	242	Somalia	Hombres	1
2012	44	Teruel	05	América del Norte	301	Canadá	Hombres	1
2012	44	Teruel	05	América del Norte	302	Estados Unidos de América	Hombres	12
2012	44	Teruel	05	América del Norte	302	Estados Unidos de América	Mujeres	10
2012	44	Teruel	06	Resto de América	303	México	Hombres	6
2012	44	Teruel	06	Resto de América	303	México	Mujeres	12
2012	44	Teruel	06	Resto de América	314	Costa Rica	Mujeres	1
2012	44	Teruel	06	Resto de América	315	Cuba	Hombres	71
2012	44	Teruel	06	Resto de América	315	Cuba	Mujeres	98
2012	44	Teruel	06	Resto de América	316	Dominica	Hombres	1
2012	44	Teruel	06	Resto de América	317	El Salvador	Hombres	4
2012	44	Teruel	06	Resto de América	317	El Salvador	Mujeres	3
2012	44	Teruel	06	Resto de América	319	Guatemala	Mujeres	1
2012	44	Teruel	06	Resto de América	320	Haití	Hombres	1
2012	44	Teruel	06	Resto de América	321	Honduras	Hombres	5
2012	44	Teruel	06	Resto de América	321	Honduras	Mujeres	3
2012	44	Teruel	06	Resto de América	323	Nicaragua	Hombres	2
2012	44	Teruel	06	Resto de América	323	Nicaragua	Mujeres	21
2012	44	Teruel	06	Resto de América	326	República Dominicana	Hombres	144
2012	44	Teruel	06	Resto de América	326	República Dominicana	Mujeres	235
2012	44	Teruel	06	Resto de América	340	Argentina	Hombres	97
2012	44	Teruel	06	Resto de América	340	Argentina	Mujeres	118
2012	44	Teruel	06	Resto de América	341	Bolivia	Hombres	49
2012	44	Teruel	06	Resto de América	341	Bolivia	Mujeres	48
2012	44	Teruel	06	Resto de América	342	Brasil	Hombres	77
2012	44	Teruel	06	Resto de América	342	Brasil	Mujeres	191
2012	44	Teruel	06	Resto de América	343	Colombia	Hombres	356
2012	44	Teruel	06	Resto de América	343	Colombia	Mujeres	456
2012	44	Teruel	06	Resto de América	344	Chile	Hombres	34
2012	44	Teruel	06	Resto de América	344	Chile	Mujeres	41
2012	44	Teruel	06	Resto de América	345	Ecuador	Hombres	124
2012	44	Teruel	06	Resto de América	345	Ecuador	Mujeres	108
2012	44	Teruel	06	Resto de América	347	Paraguay	Hombres	23
2012	44	Teruel	06	Resto de América	347	Paraguay	Mujeres	21
2012	44	Teruel	06	Resto de América	348	Perú	Hombres	131
2012	44	Teruel	06	Resto de América	348	Perú	Mujeres	135
2012	44	Teruel	06	Resto de América	350	Uruguay	Hombres	19
2012	44	Teruel	06	Resto de América	350	Uruguay	Mujeres	25
2012	44	Teruel	06	Resto de América	351	Venezuela	Hombres	14
2012	44	Teruel	06	Resto de América	351	Venezuela	Mujeres	26
2012	44	Teruel	07	Asia	404	Bangladesh	Hombres	1
2012	44	Teruel	07	Asia	407	China	Hombres	88
2012	44	Teruel	07	Asia	407	China	Mujeres	71
2012	44	Teruel	07	Asia	410	India	Hombres	4
2012	44	Teruel	07	Asia	410	India	Mujeres	2
2012	44	Teruel	07	Asia	412	Irak	Hombres	1
2012	44	Teruel	07	Asia	413	Irán	Hombres	1
2012	44	Teruel	07	Asia	414	Israel	Hombres	1
2012	44	Teruel	07	Asia	416	Jordania	Hombres	1
2012	44	Teruel	07	Asia	420	Líbano	Hombres	1
2012	44	Teruel	07	Asia	426	Pakistán	Hombres	354
2012	44	Teruel	07	Asia	426	Pakistán	Mujeres	192
2012	44	Teruel	07	Asia	433	Siria	Hombres	2
2012	44	Teruel	07	Asia	434	Sri-Lanka	Hombres	1
2012	44	Teruel	07	Asia	435	Tailandia	Mujeres	1
2012	44	Teruel	07	Asia	443	Kazajstan	Hombres	3
2012	44	Teruel	07	Asia	443	Kazajstan	Mujeres	6
2012	44	Teruel	07	Asia	444	Kirgvistan	Mujeres	2
2012	44	Teruel	08	Oceanía	501	Australia	Hombres	1
2012	44	Teruel	08	Oceanía	501	Australia	Mujeres	4
2012	44	Teruel	08	Oceanía	511	Micronesia	Mujeres	1
2012	50	Zaragoza	01	UE-27_2007	102	Austria	Hombres	29
2012	50	Zaragoza	01	UE-27_2007	102	Austria	Mujeres	31
2012	50	Zaragoza	01	UE-27_2007	103	Bélgica	Hombres	70
2012	50	Zaragoza	01	UE-27_2007	103	Bélgica	Mujeres	53
2012	50	Zaragoza	01	UE-27_2007	104	Bulgaria	Hombres	2093
2012	50	Zaragoza	01	UE-27_2007	104	Bulgaria	Mujeres	1751
2012	50	Zaragoza	01	UE-27_2007	106	Chipre	Hombres	1
2012	50	Zaragoza	01	UE-27_2007	106	Chipre	Mujeres	2
2012	50	Zaragoza	01	UE-27_2007	107	Dinamarca	Hombres	27
2012	50	Zaragoza	01	UE-27_2007	107	Dinamarca	Mujeres	7
2012	50	Zaragoza	01	UE-27_2007	109	Finlandia	Hombres	9
2012	50	Zaragoza	01	UE-27_2007	109	Finlandia	Mujeres	25
2012	50	Zaragoza	01	UE-27_2007	110	Francia	Hombres	630
2012	50	Zaragoza	01	UE-27_2007	110	Francia	Mujeres	696
2012	50	Zaragoza	01	UE-27_2007	111	Grecia	Hombres	32
2012	50	Zaragoza	01	UE-27_2007	111	Grecia	Mujeres	27
2012	50	Zaragoza	01	UE-27_2007	112	Hungría	Hombres	53
2012	50	Zaragoza	01	UE-27_2007	112	Hungría	Mujeres	60
2012	50	Zaragoza	01	UE-27_2007	113	Irlanda	Hombres	46
2012	50	Zaragoza	01	UE-27_2007	113	Irlanda	Mujeres	33
2012	50	Zaragoza	01	UE-27_2007	115	Italia	Hombres	978
2012	50	Zaragoza	01	UE-27_2007	115	Italia	Mujeres	633
2012	50	Zaragoza	01	UE-27_2007	121	Países Bajos	Hombres	168
2012	50	Zaragoza	01	UE-27_2007	121	Países Bajos	Mujeres	146
2012	50	Zaragoza	01	UE-27_2007	122	Polonia	Hombres	1545
2012	50	Zaragoza	01	UE-27_2007	122	Polonia	Mujeres	1089
2012	50	Zaragoza	01	UE-27_2007	123	Portugal	Hombres	2282
2012	50	Zaragoza	01	UE-27_2007	123	Portugal	Mujeres	1093
2012	50	Zaragoza	01	UE-27_2007	125	Reino Unido	Hombres	319
2012	50	Zaragoza	01	UE-27_2007	125	Reino Unido	Mujeres	235
2012	50	Zaragoza	01	UE-27_2007	126	Alemania	Hombres	321
2012	50	Zaragoza	01	UE-27_2007	126	Alemania	Mujeres	303
2012	50	Zaragoza	01	UE-27_2007	128	Rumanía	Hombres	27472
2012	50	Zaragoza	01	UE-27_2007	128	Rumanía	Mujeres	24552
2012	50	Zaragoza	01	UE-27_2007	131	Suecia	Hombres	28
2012	50	Zaragoza	01	UE-27_2007	131	Suecia	Mujeres	29
2012	50	Zaragoza	01	UE-27_2007	136	Letonia	Hombres	15
2012	50	Zaragoza	01	UE-27_2007	136	Letonia	Mujeres	14
2012	50	Zaragoza	01	UE-27_2007	141	Estonia	Hombres	4
2012	50	Zaragoza	01	UE-27_2007	141	Estonia	Mujeres	8
2012	50	Zaragoza	01	UE-27_2007	142	Lituania	Hombres	73
2012	50	Zaragoza	01	UE-27_2007	142	Lituania	Mujeres	86
2012	50	Zaragoza	01	UE-27_2007	143	República Checa	Hombres	52
2012	50	Zaragoza	01	UE-27_2007	143	República Checa	Mujeres	67
2012	50	Zaragoza	01	UE-27_2007	144	Eslovaquia	Hombres	75
2012	50	Zaragoza	01	UE-27_2007	144	Eslovaquia	Mujeres	57
2012	50	Zaragoza	01	UE-27_2007	147	Eslovenia	Hombres	26
2012	50	Zaragoza	01	UE-27_2007	147	Eslovenia	Mujeres	21
2012	50	Zaragoza	02	Resto de Europa	101	Albania	Hombres	19
2012	50	Zaragoza	02	Resto de Europa	101	Albania	Mujeres	27
2012	50	Zaragoza	02	Resto de Europa	114	Islandia	Hombres	2
2012	50	Zaragoza	02	Resto de Europa	114	Islandia	Mujeres	1
2012	50	Zaragoza	02	Resto de Europa	120	Noruega	Hombres	23
2012	50	Zaragoza	02	Resto de Europa	120	Noruega	Mujeres	11
2012	50	Zaragoza	02	Resto de Europa	124	Andorra	Hombres	5
2012	50	Zaragoza	02	Resto de Europa	124	Andorra	Mujeres	3
2012	50	Zaragoza	02	Resto de Europa	132	Suiza	Hombres	23
2012	50	Zaragoza	02	Resto de Europa	132	Suiza	Mujeres	16
2012	50	Zaragoza	02	Resto de Europa	135	Ucrania	Hombres	570
2012	50	Zaragoza	02	Resto de Europa	135	Ucrania	Mujeres	776
2012	50	Zaragoza	02	Resto de Europa	137	Moldova	Hombres	126
2012	50	Zaragoza	02	Resto de Europa	137	Moldova	Mujeres	165
2012	50	Zaragoza	02	Resto de Europa	138	Bielorrusia	Hombres	30
2012	50	Zaragoza	02	Resto de Europa	138	Bielorrusia	Mujeres	51
2012	50	Zaragoza	02	Resto de Europa	139	Georgia	Hombres	39
2012	50	Zaragoza	02	Resto de Europa	139	Georgia	Mujeres	13
2012	50	Zaragoza	02	Resto de Europa	145	Bosnia-Herzegovina	Hombres	12
2012	50	Zaragoza	02	Resto de Europa	145	Bosnia-Herzegovina	Mujeres	25
2012	50	Zaragoza	02	Resto de Europa	146	Croacia	Hombres	7
2012	50	Zaragoza	02	Resto de Europa	146	Croacia	Mujeres	10
2012	50	Zaragoza	02	Resto de Europa	148	Armenia	Hombres	38
2012	50	Zaragoza	02	Resto de Europa	148	Armenia	Mujeres	37
2012	50	Zaragoza	02	Resto de Europa	154	Rusia	Hombres	137
2012	50	Zaragoza	02	Resto de Europa	154	Rusia	Mujeres	519
2012	50	Zaragoza	02	Resto de Europa	157	Serbia	Hombres	23
2012	50	Zaragoza	02	Resto de Europa	157	Serbia	Mujeres	18
2012	50	Zaragoza	02	Resto de Europa	436	Turquía	Hombres	26
2012	50	Zaragoza	02	Resto de Europa	436	Turquía	Mujeres	15
2012	50	Zaragoza	03	Magreb	203	Argelia	Hombres	2918
2012	50	Zaragoza	03	Magreb	203	Argelia	Mujeres	1476
2012	50	Zaragoza	03	Magreb	224	Libia	Hombres	3
2012	50	Zaragoza	03	Magreb	228	Marruecos	Hombres	6386
2012	50	Zaragoza	03	Magreb	228	Marruecos	Mujeres	4316
2012	50	Zaragoza	03	Magreb	230	Mauritania	Hombres	246
2012	50	Zaragoza	03	Magreb	230	Mauritania	Mujeres	52
2012	50	Zaragoza	03	Magreb	248	Túnez	Hombres	47
2012	50	Zaragoza	03	Magreb	248	Túnez	Mujeres	28
2012	50	Zaragoza	04	Resto de África	201	Burkina Fasso	Hombres	41
2012	50	Zaragoza	04	Resto de África	201	Burkina Fasso	Mujeres	13
2012	50	Zaragoza	04	Resto de África	202	Angola	Hombres	32
2012	50	Zaragoza	04	Resto de África	202	Angola	Mujeres	13
2012	50	Zaragoza	04	Resto de África	204	Benin	Hombres	5
2012	50	Zaragoza	04	Resto de África	204	Benin	Mujeres	3
2012	50	Zaragoza	04	Resto de África	206	Burundi	Mujeres	1
2012	50	Zaragoza	04	Resto de África	207	Cabo Verde	Hombres	169
2012	50	Zaragoza	04	Resto de África	207	Cabo Verde	Mujeres	160
2012	50	Zaragoza	04	Resto de África	208	Camerún	Hombres	116
2012	50	Zaragoza	04	Resto de África	208	Camerún	Mujeres	80
2012	50	Zaragoza	04	Resto de África	210	Congo	Hombres	28
2012	50	Zaragoza	04	Resto de África	210	Congo	Mujeres	15
2012	50	Zaragoza	04	Resto de África	211	Costa de Marfil	Hombres	37
2012	50	Zaragoza	04	Resto de África	211	Costa de Marfil	Mujeres	23
2012	50	Zaragoza	04	Resto de África	213	Egipto	Hombres	102
2012	50	Zaragoza	04	Resto de África	213	Egipto	Mujeres	61
2012	50	Zaragoza	04	Resto de África	214	Etiopía	Hombres	4
2012	50	Zaragoza	04	Resto de África	214	Etiopía	Mujeres	7
2012	50	Zaragoza	04	Resto de África	215	Gabón	Hombres	4
2012	50	Zaragoza	04	Resto de África	215	Gabón	Mujeres	5
2012	50	Zaragoza	04	Resto de África	216	Gambia	Hombres	1127
2012	50	Zaragoza	04	Resto de África	216	Gambia	Mujeres	438
2012	50	Zaragoza	04	Resto de África	217	Ghana	Hombres	1301
2012	50	Zaragoza	04	Resto de África	217	Ghana	Mujeres	414
2012	50	Zaragoza	04	Resto de África	218	Guinea	Hombres	286
2012	50	Zaragoza	04	Resto de África	218	Guinea	Mujeres	330
2012	50	Zaragoza	04	Resto de África	219	Guinea Bissau	Hombres	68
2012	50	Zaragoza	04	Resto de África	219	Guinea Bissau	Mujeres	21
2012	50	Zaragoza	04	Resto de África	220	Guinea Ecuatorial	Hombres	269
2012	50	Zaragoza	04	Resto de África	220	Guinea Ecuatorial	Mujeres	473
2012	50	Zaragoza	04	Resto de África	221	Kenia	Hombres	2
2012	50	Zaragoza	04	Resto de África	221	Kenia	Mujeres	11
2012	50	Zaragoza	04	Resto de África	223	Liberia	Hombres	7
2012	50	Zaragoza	04	Resto de África	223	Liberia	Mujeres	2
2012	50	Zaragoza	04	Resto de África	227	Mali	Hombres	492
2012	50	Zaragoza	04	Resto de África	227	Mali	Mujeres	132
2012	50	Zaragoza	04	Resto de África	231	Mozambique	Hombres	1
2012	50	Zaragoza	04	Resto de África	231	Mozambique	Mujeres	2
2012	50	Zaragoza	04	Resto de África	233	Níger	Hombres	8
2012	50	Zaragoza	04	Resto de África	233	Níger	Mujeres	3
2012	50	Zaragoza	04	Resto de África	234	Nigeria	Hombres	426
2012	50	Zaragoza	04	Resto de África	234	Nigeria	Mujeres	415
2012	50	Zaragoza	04	Resto de África	235	República Centroafricana	Hombres	1
2012	50	Zaragoza	04	Resto de África	235	República Centroafricana	Mujeres	6
2012	50	Zaragoza	04	Resto de África	236	Sudáfrica	Hombres	6
2012	50	Zaragoza	04	Resto de África	236	Sudáfrica	Mujeres	5
2012	50	Zaragoza	04	Resto de África	238	Santo Tome y Príncipe	Hombres	1
2012	50	Zaragoza	04	Resto de África	239	Senegal	Hombres	2168
2012	50	Zaragoza	04	Resto de África	239	Senegal	Mujeres	509
2012	50	Zaragoza	04	Resto de África	241	Sierra Leona	Hombres	8
2012	50	Zaragoza	04	Resto de África	241	Sierra Leona	Mujeres	6
2012	50	Zaragoza	04	Resto de África	243	Sudán	Hombres	9
2012	50	Zaragoza	04	Resto de África	243	Sudán	Mujeres	3
2012	50	Zaragoza	04	Resto de África	246	Chad	Hombres	1
2012	50	Zaragoza	04	Resto de África	247	Togo	Hombres	15
2012	50	Zaragoza	04	Resto de África	247	Togo	Mujeres	10
2012	50	Zaragoza	04	Resto de África	249	Uganda	Mujeres	1
2012	50	Zaragoza	04	Resto de África	250	Rep. Democrática del Congo	Hombres	44
2012	50	Zaragoza	04	Resto de África	250	Rep. Democrática del Congo	Mujeres	25
2012	50	Zaragoza	04	Resto de África	251	Zambia	Mujeres	1
2012	50	Zaragoza	04	Resto de África	252	Zimbabwe	Mujeres	1
2012	50	Zaragoza	04	Resto de África	253	Eritrea	Mujeres	1
2012	50	Zaragoza	05	América del Norte	301	Canadá	Hombres	14
2012	50	Zaragoza	05	América del Norte	301	Canadá	Mujeres	18
2012	50	Zaragoza	05	América del Norte	302	Estados Unidos de América	Hombres	227
2012	50	Zaragoza	05	América del Norte	302	Estados Unidos de América	Mujeres	174
2012	50	Zaragoza	06	Resto de América	303	México	Hombres	107
2012	50	Zaragoza	06	Resto de América	303	México	Mujeres	189
2012	50	Zaragoza	06	Resto de América	314	Costa Rica	Hombres	20
2012	50	Zaragoza	06	Resto de América	314	Costa Rica	Mujeres	14
2012	50	Zaragoza	06	Resto de América	315	Cuba	Hombres	386
2012	50	Zaragoza	06	Resto de América	315	Cuba	Mujeres	552
2012	50	Zaragoza	06	Resto de América	316	Dominica	Hombres	2
2012	50	Zaragoza	06	Resto de América	316	Dominica	Mujeres	8
2012	50	Zaragoza	06	Resto de América	317	El Salvador	Hombres	94
2012	50	Zaragoza	06	Resto de América	317	El Salvador	Mujeres	167
2012	50	Zaragoza	06	Resto de América	319	Guatemala	Hombres	40
2012	50	Zaragoza	06	Resto de América	319	Guatemala	Mujeres	55
2012	50	Zaragoza	06	Resto de América	320	Haití	Hombres	2
2012	50	Zaragoza	06	Resto de América	320	Haití	Mujeres	2
2012	50	Zaragoza	06	Resto de América	321	Honduras	Hombres	230
2012	50	Zaragoza	06	Resto de América	321	Honduras	Mujeres	529
2012	50	Zaragoza	06	Resto de América	322	Jamaica	Mujeres	1
2012	50	Zaragoza	06	Resto de América	323	Nicaragua	Hombres	813
2012	50	Zaragoza	06	Resto de América	323	Nicaragua	Mujeres	2658
2012	50	Zaragoza	06	Resto de América	324	Panamá	Hombres	27
2012	50	Zaragoza	06	Resto de América	324	Panamá	Mujeres	31
2012	50	Zaragoza	06	Resto de América	326	República Dominicana	Hombres	772
2012	50	Zaragoza	06	Resto de América	326	República Dominicana	Mujeres	1065
2012	50	Zaragoza	06	Resto de América	327	Trinidad y Tobago	Mujeres	1
2012	50	Zaragoza	06	Resto de América	340	Argentina	Hombres	448
2012	50	Zaragoza	06	Resto de América	340	Argentina	Mujeres	550
2012	50	Zaragoza	06	Resto de América	341	Bolivia	Hombres	244
2012	50	Zaragoza	06	Resto de América	341	Bolivia	Mujeres	309
2012	50	Zaragoza	06	Resto de América	342	Brasil	Hombres	429
2012	50	Zaragoza	06	Resto de América	342	Brasil	Mujeres	1060
2012	50	Zaragoza	06	Resto de América	343	Colombia	Hombres	2092
2012	50	Zaragoza	06	Resto de América	343	Colombia	Mujeres	2552
2012	50	Zaragoza	06	Resto de América	344	Chile	Hombres	260
2012	50	Zaragoza	06	Resto de América	344	Chile	Mujeres	297
2012	50	Zaragoza	06	Resto de América	345	Ecuador	Hombres	3310
2012	50	Zaragoza	06	Resto de América	345	Ecuador	Mujeres	3280
2012	50	Zaragoza	06	Resto de América	347	Paraguay	Hombres	67
2012	50	Zaragoza	06	Resto de América	347	Paraguay	Mujeres	192
2012	50	Zaragoza	06	Resto de América	348	Perú	Hombres	852
2012	50	Zaragoza	06	Resto de América	348	Perú	Mujeres	883
2012	50	Zaragoza	06	Resto de América	350	Uruguay	Hombres	166
2012	50	Zaragoza	06	Resto de América	350	Uruguay	Mujeres	169
2012	50	Zaragoza	06	Resto de América	351	Venezuela	Hombres	264
2012	50	Zaragoza	06	Resto de América	351	Venezuela	Mujeres	443
2012	50	Zaragoza	07	Asia	401	Afganistán	Hombres	1
2012	50	Zaragoza	07	Asia	401	Afganistán	Mujeres	2
2012	50	Zaragoza	07	Asia	402	Arabia Saudí	Hombres	1
2012	50	Zaragoza	07	Asia	404	Bangladesh	Hombres	17
2012	50	Zaragoza	07	Asia	404	Bangladesh	Mujeres	5
2012	50	Zaragoza	07	Asia	407	China	Hombres	2339
2012	50	Zaragoza	07	Asia	407	China	Mujeres	2066
2012	50	Zaragoza	07	Asia	409	Filipinas	Hombres	7
2012	50	Zaragoza	07	Asia	409	Filipinas	Mujeres	23
2012	50	Zaragoza	07	Asia	410	India	Hombres	86
2012	50	Zaragoza	07	Asia	410	India	Mujeres	46
2012	50	Zaragoza	07	Asia	411	Indonesia	Hombres	2
2012	50	Zaragoza	07	Asia	411	Indonesia	Mujeres	7
2012	50	Zaragoza	07	Asia	412	Irak	Hombres	1
2012	50	Zaragoza	07	Asia	412	Irak	Mujeres	1
2012	50	Zaragoza	07	Asia	413	Irán	Hombres	7
2012	50	Zaragoza	07	Asia	413	Irán	Mujeres	5
2012	50	Zaragoza	07	Asia	414	Israel	Hombres	8
2012	50	Zaragoza	07	Asia	414	Israel	Mujeres	9
2012	50	Zaragoza	07	Asia	415	Japón	Hombres	18
2012	50	Zaragoza	07	Asia	415	Japón	Mujeres	24
2012	50	Zaragoza	07	Asia	416	Jordania	Hombres	19
2012	50	Zaragoza	07	Asia	416	Jordania	Mujeres	9
2012	50	Zaragoza	07	Asia	418	Kuwait	Hombres	1
2012	50	Zaragoza	07	Asia	418	Kuwait	Mujeres	3
2012	50	Zaragoza	07	Asia	420	Líbano	Hombres	8
2012	50	Zaragoza	07	Asia	420	Líbano	Mujeres	9
2012	50	Zaragoza	07	Asia	421	Malasia	Hombres	5
2012	50	Zaragoza	07	Asia	421	Malasia	Mujeres	2
2012	50	Zaragoza	07	Asia	423	Mongolia	Mujeres	1
2012	50	Zaragoza	07	Asia	424	Nepal	Hombres	6
2012	50	Zaragoza	07	Asia	424	Nepal	Mujeres	2
2012	50	Zaragoza	07	Asia	426	Pakistán	Hombres	769
2012	50	Zaragoza	07	Asia	426	Pakistán	Mujeres	133
2012	50	Zaragoza	07	Asia	430	República de Corea	Hombres	13
2012	50	Zaragoza	07	Asia	430	República de Corea	Mujeres	15
2012	50	Zaragoza	07	Asia	432	Singapur	Mujeres	1
2012	50	Zaragoza	07	Asia	433	Siria	Hombres	27
2012	50	Zaragoza	07	Asia	433	Siria	Mujeres	15
2012	50	Zaragoza	07	Asia	434	Sri-Lanka	Hombres	1
2012	50	Zaragoza	07	Asia	434	Sri-Lanka	Mujeres	1
2012	50	Zaragoza	07	Asia	435	Tailandia	Hombres	2
2012	50	Zaragoza	07	Asia	435	Tailandia	Mujeres	6
2012	50	Zaragoza	07	Asia	437	Vietnam	Hombres	5
2012	50	Zaragoza	07	Asia	437	Vietnam	Mujeres	6
2012	50	Zaragoza	07	Asia	441	Yemen	Hombres	1
2012	50	Zaragoza	07	Asia	442	Azerbaiyan	Hombres	2
2012	50	Zaragoza	07	Asia	442	Azerbaiyan	Mujeres	1
2012	50	Zaragoza	07	Asia	443	Kazajstan	Hombres	3
2012	50	Zaragoza	07	Asia	443	Kazajstan	Mujeres	6
2012	50	Zaragoza	07	Asia	444	Kirgvistan	Hombres	3
2012	50	Zaragoza	07	Asia	444	Kirgvistan	Mujeres	18
2012	50	Zaragoza	07	Asia	447	Uzbekistán	Hombres	2
2012	50	Zaragoza	07	Asia	447	Uzbekistán	Mujeres	8
2012	50	Zaragoza	07	Asia	499	Países sin relaciones diplomáticas	Hombres	5
2012	50	Zaragoza	07	Asia	499	Países sin relaciones diplomáticas	Mujeres	4
2012	50	Zaragoza	08	Oceanía	501	Australia	Hombres	6
2012	50	Zaragoza	08	Oceanía	501	Australia	Mujeres	5
2012	50	Zaragoza	08	Oceanía	504	Nueva Zelanda	Hombres	4
2012	50	Zaragoza	08	Oceanía	504	Nueva Zelanda	Mujeres	3
2012	50	Zaragoza	09	Apátridas y no consta	555	Apátridas	Hombres	20
2012	50	Zaragoza	09	Apátridas y no consta	555	Apátridas	Mujeres	10
2013	22	Huesca	01	UE-27_2007	102	Austria	Hombres	6
2013	22	Huesca	01	UE-27_2007	102	Austria	Mujeres	7
2013	22	Huesca	01	UE-27_2007	103	Bélgica	Hombres	43
2013	22	Huesca	01	UE-27_2007	103	Bélgica	Mujeres	45
2013	22	Huesca	01	UE-27_2007	104	Bulgaria	Hombres	1109
2013	22	Huesca	01	UE-27_2007	104	Bulgaria	Mujeres	1039
2013	22	Huesca	01	UE-27_2007	107	Dinamarca	Hombres	7
2013	22	Huesca	01	UE-27_2007	107	Dinamarca	Mujeres	7
2013	22	Huesca	01	UE-27_2007	109	Finlandia	Hombres	1
2013	22	Huesca	01	UE-27_2007	109	Finlandia	Mujeres	3
2013	22	Huesca	01	UE-27_2007	110	Francia	Hombres	246
2013	22	Huesca	01	UE-27_2007	110	Francia	Mujeres	244
2013	22	Huesca	01	UE-27_2007	111	Grecia	Hombres	4
2013	22	Huesca	01	UE-27_2007	111	Grecia	Mujeres	10
2013	22	Huesca	01	UE-27_2007	112	Hungría	Hombres	11
2013	22	Huesca	01	UE-27_2007	112	Hungría	Mujeres	13
2013	22	Huesca	01	UE-27_2007	113	Irlanda	Hombres	14
2013	22	Huesca	01	UE-27_2007	113	Irlanda	Mujeres	8
2013	22	Huesca	01	UE-27_2007	115	Italia	Hombres	137
2013	22	Huesca	01	UE-27_2007	115	Italia	Mujeres	111
2013	22	Huesca	01	UE-27_2007	121	Países Bajos	Hombres	71
2013	22	Huesca	01	UE-27_2007	121	Países Bajos	Mujeres	76
2013	22	Huesca	01	UE-27_2007	122	Polonia	Hombres	379
2013	22	Huesca	01	UE-27_2007	122	Polonia	Mujeres	342
2013	22	Huesca	01	UE-27_2007	123	Portugal	Hombres	604
2013	22	Huesca	01	UE-27_2007	123	Portugal	Mujeres	306
2013	22	Huesca	01	UE-27_2007	125	Reino Unido	Hombres	95
2013	22	Huesca	01	UE-27_2007	125	Reino Unido	Mujeres	94
2013	22	Huesca	01	UE-27_2007	126	Alemania	Hombres	79
2013	22	Huesca	01	UE-27_2007	126	Alemania	Mujeres	80
2013	22	Huesca	01	UE-27_2007	128	Rumanía	Hombres	4481
2013	22	Huesca	01	UE-27_2007	128	Rumanía	Mujeres	4319
2013	22	Huesca	01	UE-27_2007	131	Suecia	Hombres	3
2013	22	Huesca	01	UE-27_2007	131	Suecia	Mujeres	6
2013	22	Huesca	01	UE-27_2007	136	Letonia	Hombres	12
2013	22	Huesca	01	UE-27_2007	136	Letonia	Mujeres	11
2013	22	Huesca	01	UE-27_2007	141	Estonia	Hombres	1
2013	22	Huesca	01	UE-27_2007	141	Estonia	Mujeres	1
2013	22	Huesca	01	UE-27_2007	142	Lituania	Hombres	111
2013	22	Huesca	01	UE-27_2007	142	Lituania	Mujeres	129
2013	22	Huesca	01	UE-27_2007	143	República Checa	Hombres	19
2013	22	Huesca	01	UE-27_2007	143	República Checa	Mujeres	18
2013	22	Huesca	01	UE-27_2007	144	Eslovaquia	Hombres	20
2013	22	Huesca	01	UE-27_2007	144	Eslovaquia	Mujeres	15
2013	22	Huesca	01	UE-27_2007	147	Eslovenia	Hombres	2
2013	22	Huesca	01	UE-27_2007	147	Eslovenia	Mujeres	1
2013	22	Huesca	02	Resto de Europa	101	Albania	Hombres	4
2013	22	Huesca	02	Resto de Europa	101	Albania	Mujeres	2
2013	22	Huesca	02	Resto de Europa	120	Noruega	Mujeres	1
2013	22	Huesca	02	Resto de Europa	124	Andorra	Hombres	5
2013	22	Huesca	02	Resto de Europa	124	Andorra	Mujeres	2
2013	22	Huesca	02	Resto de Europa	132	Suiza	Hombres	16
2013	22	Huesca	02	Resto de Europa	132	Suiza	Mujeres	12
2013	22	Huesca	02	Resto de Europa	135	Ucrania	Hombres	289
2013	22	Huesca	02	Resto de Europa	135	Ucrania	Mujeres	284
2013	22	Huesca	02	Resto de Europa	137	Moldova	Hombres	26
2013	22	Huesca	02	Resto de Europa	137	Moldova	Mujeres	17
2013	22	Huesca	02	Resto de Europa	138	Bielorrusia	Hombres	9
2013	22	Huesca	02	Resto de Europa	138	Bielorrusia	Mujeres	7
2013	22	Huesca	02	Resto de Europa	139	Georgia	Hombres	4
2013	22	Huesca	02	Resto de Europa	139	Georgia	Mujeres	1
2013	22	Huesca	02	Resto de Europa	148	Armenia	Hombres	28
2013	22	Huesca	02	Resto de Europa	148	Armenia	Mujeres	26
2013	22	Huesca	02	Resto de Europa	154	Rusia	Hombres	32
2013	22	Huesca	02	Resto de Europa	154	Rusia	Mujeres	99
2013	22	Huesca	02	Resto de Europa	156	Macedonia	Mujeres	1
2013	22	Huesca	02	Resto de Europa	157	Serbia	Hombres	11
2013	22	Huesca	02	Resto de Europa	157	Serbia	Mujeres	8
2013	22	Huesca	02	Resto de Europa	199	Países sin relaciones diplomáticas	Hombres	1
2013	22	Huesca	02	Resto de Europa	436	Turquía	Hombres	7
2013	22	Huesca	02	Resto de Europa	436	Turquía	Mujeres	2
2013	22	Huesca	03	Magreb	203	Argelia	Hombres	535
2013	22	Huesca	03	Magreb	203	Argelia	Mujeres	301
2013	22	Huesca	03	Magreb	228	Marruecos	Hombres	2153
2013	22	Huesca	03	Magreb	228	Marruecos	Mujeres	1631
2013	22	Huesca	03	Magreb	230	Mauritania	Hombres	115
2013	22	Huesca	03	Magreb	230	Mauritania	Mujeres	17
2013	22	Huesca	03	Magreb	248	Túnez	Mujeres	1
2013	22	Huesca	04	Resto de África	201	Burkina Fasso	Hombres	45
2013	22	Huesca	04	Resto de África	201	Burkina Fasso	Mujeres	15
2013	22	Huesca	04	Resto de África	202	Angola	Hombres	3
2013	22	Huesca	04	Resto de África	202	Angola	Mujeres	3
2013	22	Huesca	04	Resto de África	204	Benin	Hombres	3
2013	22	Huesca	04	Resto de África	204	Benin	Mujeres	3
2013	22	Huesca	04	Resto de África	207	Cabo Verde	Hombres	11
2013	22	Huesca	04	Resto de África	207	Cabo Verde	Mujeres	6
2013	22	Huesca	04	Resto de África	208	Camerún	Hombres	6
2013	22	Huesca	04	Resto de África	208	Camerún	Mujeres	2
2013	22	Huesca	04	Resto de África	211	Costa de Marfil	Hombres	40
2013	22	Huesca	04	Resto de África	211	Costa de Marfil	Mujeres	15
2013	22	Huesca	04	Resto de África	213	Egipto	Hombres	4
2013	22	Huesca	04	Resto de África	213	Egipto	Mujeres	2
2013	22	Huesca	04	Resto de África	214	Etiopía	Mujeres	2
2013	22	Huesca	04	Resto de África	216	Gambia	Hombres	591
2013	22	Huesca	04	Resto de África	216	Gambia	Mujeres	141
2013	22	Huesca	04	Resto de África	217	Ghana	Hombres	65
2013	22	Huesca	04	Resto de África	217	Ghana	Mujeres	30
2013	22	Huesca	04	Resto de África	218	Guinea	Hombres	206
2013	22	Huesca	04	Resto de África	218	Guinea	Mujeres	75
2013	22	Huesca	04	Resto de África	219	Guinea Bissau	Hombres	24
2013	22	Huesca	04	Resto de África	219	Guinea Bissau	Mujeres	2
2013	22	Huesca	04	Resto de África	220	Guinea Ecuatorial	Hombres	6
2013	22	Huesca	04	Resto de África	220	Guinea Ecuatorial	Mujeres	12
2013	22	Huesca	04	Resto de África	221	Kenia	Hombres	6
2013	22	Huesca	04	Resto de África	221	Kenia	Mujeres	20
2013	22	Huesca	04	Resto de África	223	Liberia	Hombres	2
2013	22	Huesca	04	Resto de África	223	Liberia	Mujeres	2
2013	22	Huesca	04	Resto de África	227	Mali	Hombres	839
2013	22	Huesca	04	Resto de África	227	Mali	Mujeres	151
2013	22	Huesca	04	Resto de África	233	Níger	Hombres	12
2013	22	Huesca	04	Resto de África	233	Níger	Mujeres	5
2013	22	Huesca	04	Resto de África	234	Nigeria	Hombres	52
2013	22	Huesca	04	Resto de África	234	Nigeria	Mujeres	31
2013	22	Huesca	04	Resto de África	236	Sudáfrica	Hombres	1
2013	22	Huesca	04	Resto de África	239	Senegal	Hombres	439
2013	22	Huesca	04	Resto de África	239	Senegal	Mujeres	72
2013	22	Huesca	04	Resto de África	247	Togo	Hombres	5
2013	22	Huesca	04	Resto de África	247	Togo	Mujeres	3
2013	22	Huesca	05	América del Norte	301	Canadá	Hombres	2
2013	22	Huesca	05	América del Norte	301	Canadá	Mujeres	3
2013	22	Huesca	05	América del Norte	302	Estados Unidos de América	Hombres	20
2013	22	Huesca	05	América del Norte	302	Estados Unidos de América	Mujeres	28
2013	22	Huesca	06	Resto de América	303	México	Hombres	26
2013	22	Huesca	06	Resto de América	303	México	Mujeres	31
2013	22	Huesca	06	Resto de América	314	Costa Rica	Hombres	3
2013	22	Huesca	06	Resto de América	314	Costa Rica	Mujeres	1
2013	22	Huesca	06	Resto de América	315	Cuba	Hombres	72
2013	22	Huesca	06	Resto de América	315	Cuba	Mujeres	106
2013	22	Huesca	06	Resto de América	316	Dominica	Hombres	1
2013	22	Huesca	06	Resto de América	316	Dominica	Mujeres	4
2013	22	Huesca	06	Resto de América	317	El Salvador	Hombres	1
2013	22	Huesca	06	Resto de América	317	El Salvador	Mujeres	13
2013	22	Huesca	06	Resto de América	319	Guatemala	Hombres	10
2013	22	Huesca	06	Resto de América	319	Guatemala	Mujeres	16
2013	22	Huesca	06	Resto de América	320	Haití	Mujeres	1
2013	22	Huesca	06	Resto de América	321	Honduras	Hombres	19
2013	22	Huesca	06	Resto de América	321	Honduras	Mujeres	58
2013	22	Huesca	06	Resto de América	323	Nicaragua	Hombres	29
2013	22	Huesca	06	Resto de América	323	Nicaragua	Mujeres	177
2013	22	Huesca	06	Resto de América	324	Panamá	Hombres	1
2013	22	Huesca	06	Resto de América	324	Panamá	Mujeres	7
2013	22	Huesca	06	Resto de América	326	República Dominicana	Hombres	186
2013	22	Huesca	06	Resto de América	326	República Dominicana	Mujeres	301
2013	22	Huesca	06	Resto de América	340	Argentina	Hombres	160
2013	22	Huesca	06	Resto de América	340	Argentina	Mujeres	176
2013	22	Huesca	06	Resto de América	341	Bolivia	Hombres	126
2013	22	Huesca	06	Resto de América	341	Bolivia	Mujeres	162
2013	22	Huesca	06	Resto de América	342	Brasil	Hombres	69
2013	22	Huesca	06	Resto de América	342	Brasil	Mujeres	177
2013	22	Huesca	06	Resto de América	343	Colombia	Hombres	334
2013	22	Huesca	06	Resto de América	343	Colombia	Mujeres	434
2013	22	Huesca	06	Resto de América	344	Chile	Hombres	44
2013	22	Huesca	06	Resto de América	344	Chile	Mujeres	51
2013	22	Huesca	06	Resto de América	345	Ecuador	Hombres	348
2013	22	Huesca	06	Resto de América	345	Ecuador	Mujeres	307
2013	22	Huesca	06	Resto de América	347	Paraguay	Hombres	14
2013	22	Huesca	06	Resto de América	347	Paraguay	Mujeres	40
2013	22	Huesca	06	Resto de América	348	Perú	Hombres	85
2013	22	Huesca	06	Resto de América	348	Perú	Mujeres	106
2013	22	Huesca	06	Resto de América	350	Uruguay	Hombres	60
2013	22	Huesca	06	Resto de América	350	Uruguay	Mujeres	62
2013	22	Huesca	06	Resto de América	351	Venezuela	Hombres	54
2013	22	Huesca	06	Resto de América	351	Venezuela	Mujeres	86
2013	22	Huesca	07	Asia	404	Bangladesh	Hombres	5
2013	22	Huesca	07	Asia	404	Bangladesh	Mujeres	1
2013	22	Huesca	07	Asia	407	China	Hombres	178
2013	22	Huesca	07	Asia	407	China	Mujeres	167
2013	22	Huesca	07	Asia	409	Filipinas	Hombres	2
2013	22	Huesca	07	Asia	409	Filipinas	Mujeres	4
2013	22	Huesca	07	Asia	410	India	Hombres	10
2013	22	Huesca	07	Asia	410	India	Mujeres	6
2013	22	Huesca	07	Asia	413	Irán	Mujeres	1
2013	22	Huesca	07	Asia	414	Israel	Hombres	1
2013	22	Huesca	07	Asia	415	Japón	Hombres	2
2013	22	Huesca	07	Asia	415	Japón	Mujeres	4
2013	22	Huesca	07	Asia	416	Jordania	Hombres	1
2013	22	Huesca	07	Asia	419	Laos	Mujeres	1
2013	22	Huesca	07	Asia	420	Líbano	Hombres	2
2013	22	Huesca	07	Asia	421	Malasia	Hombres	1
2013	22	Huesca	07	Asia	423	Mongolia	Mujeres	1
2013	22	Huesca	07	Asia	424	Nepal	Hombres	1
2013	22	Huesca	07	Asia	424	Nepal	Mujeres	1
2013	22	Huesca	07	Asia	426	Pakistán	Hombres	79
2013	22	Huesca	07	Asia	426	Pakistán	Mujeres	29
2013	22	Huesca	07	Asia	430	República de Corea	Mujeres	1
2013	22	Huesca	07	Asia	433	Siria	Hombres	2
2013	22	Huesca	07	Asia	433	Siria	Mujeres	2
2013	22	Huesca	07	Asia	435	Tailandia	Mujeres	8
2013	22	Huesca	07	Asia	437	Vietnam	Mujeres	1
2013	22	Huesca	07	Asia	447	Uzbekistán	Mujeres	1
2013	22	Huesca	07	Asia	448	Bhután	Hombres	2
2013	22	Huesca	07	Asia	448	Bhután	Mujeres	1
2013	22	Huesca	07	Asia	499	Países sin relaciones diplomáticas	Hombres	5
2013	22	Huesca	07	Asia	499	Países sin relaciones diplomáticas	Mujeres	5
2013	22	Huesca	08	Oceanía	501	Australia	Hombres	2
2013	22	Huesca	08	Oceanía	501	Australia	Mujeres	2
2013	22	Huesca	08	Oceanía	511	Micronesia	Mujeres	4
2013	22	Huesca	08	Oceanía	512	Tuvalu	Hombres	1
2013	22	Huesca	08	Oceanía	516	Palaos	Hombres	7
2013	22	Huesca	08	Oceanía	516	Palaos	Mujeres	4
2013	44	Teruel	01	UE-27_2007	102	Austria	Hombres	3
2013	44	Teruel	01	UE-27_2007	102	Austria	Mujeres	1
2013	44	Teruel	01	UE-27_2007	103	Bélgica	Hombres	3
2013	44	Teruel	01	UE-27_2007	103	Bélgica	Mujeres	4
2013	44	Teruel	01	UE-27_2007	104	Bulgaria	Hombres	158
2013	44	Teruel	01	UE-27_2007	104	Bulgaria	Mujeres	147
2013	44	Teruel	01	UE-27_2007	107	Dinamarca	Hombres	1
2013	44	Teruel	01	UE-27_2007	109	Finlandia	Mujeres	1
2013	44	Teruel	01	UE-27_2007	110	Francia	Hombres	46
2013	44	Teruel	01	UE-27_2007	110	Francia	Mujeres	56
2013	44	Teruel	01	UE-27_2007	111	Grecia	Hombres	1
2013	44	Teruel	01	UE-27_2007	111	Grecia	Mujeres	1
2013	44	Teruel	01	UE-27_2007	112	Hungría	Hombres	7
2013	44	Teruel	01	UE-27_2007	112	Hungría	Mujeres	10
2013	44	Teruel	01	UE-27_2007	113	Irlanda	Hombres	7
2013	44	Teruel	01	UE-27_2007	113	Irlanda	Mujeres	4
2013	44	Teruel	01	UE-27_2007	115	Italia	Hombres	79
2013	44	Teruel	01	UE-27_2007	115	Italia	Mujeres	50
2013	44	Teruel	01	UE-27_2007	121	Países Bajos	Hombres	19
2013	44	Teruel	01	UE-27_2007	121	Países Bajos	Mujeres	20
2013	44	Teruel	01	UE-27_2007	122	Polonia	Hombres	422
2013	44	Teruel	01	UE-27_2007	122	Polonia	Mujeres	319
2013	44	Teruel	01	UE-27_2007	123	Portugal	Hombres	202
2013	44	Teruel	01	UE-27_2007	123	Portugal	Mujeres	98
2013	44	Teruel	01	UE-27_2007	125	Reino Unido	Hombres	66
2013	44	Teruel	01	UE-27_2007	125	Reino Unido	Mujeres	61
2013	44	Teruel	01	UE-27_2007	126	Alemania	Hombres	49
2013	44	Teruel	01	UE-27_2007	126	Alemania	Mujeres	42
2013	44	Teruel	01	UE-27_2007	128	Rumanía	Hombres	3490
2013	44	Teruel	01	UE-27_2007	128	Rumanía	Mujeres	3258
2013	44	Teruel	01	UE-27_2007	131	Suecia	Hombres	3
2013	44	Teruel	01	UE-27_2007	131	Suecia	Mujeres	3
2013	44	Teruel	01	UE-27_2007	136	Letonia	Hombres	3
2013	44	Teruel	01	UE-27_2007	136	Letonia	Mujeres	6
2013	44	Teruel	01	UE-27_2007	142	Lituania	Hombres	7
2013	44	Teruel	01	UE-27_2007	142	Lituania	Mujeres	13
2013	44	Teruel	01	UE-27_2007	143	República Checa	Hombres	26
2013	44	Teruel	01	UE-27_2007	143	República Checa	Mujeres	18
2013	44	Teruel	01	UE-27_2007	144	Eslovaquia	Hombres	1
2013	44	Teruel	01	UE-27_2007	144	Eslovaquia	Mujeres	2
2013	44	Teruel	02	Resto de Europa	101	Albania	Hombres	3
2013	44	Teruel	02	Resto de Europa	101	Albania	Mujeres	5
2013	44	Teruel	02	Resto de Europa	114	Islandia	Hombres	1
2013	44	Teruel	02	Resto de Europa	120	Noruega	Mujeres	1
2013	44	Teruel	02	Resto de Europa	132	Suiza	Hombres	2
2013	44	Teruel	02	Resto de Europa	132	Suiza	Mujeres	5
2013	44	Teruel	02	Resto de Europa	135	Ucrania	Hombres	101
2013	44	Teruel	02	Resto de Europa	135	Ucrania	Mujeres	99
2013	44	Teruel	02	Resto de Europa	137	Moldova	Hombres	18
2013	44	Teruel	02	Resto de Europa	137	Moldova	Mujeres	19
2013	44	Teruel	02	Resto de Europa	138	Bielorrusia	Hombres	2
2013	44	Teruel	02	Resto de Europa	138	Bielorrusia	Mujeres	3
2013	44	Teruel	02	Resto de Europa	139	Georgia	Hombres	2
2013	44	Teruel	02	Resto de Europa	139	Georgia	Mujeres	1
2013	44	Teruel	02	Resto de Europa	145	Bosnia-Herzegovina	Hombres	1
2013	44	Teruel	02	Resto de Europa	146	Croacia	Hombres	1
2013	44	Teruel	02	Resto de Europa	146	Croacia	Mujeres	1
2013	44	Teruel	02	Resto de Europa	148	Armenia	Hombres	3
2013	44	Teruel	02	Resto de Europa	148	Armenia	Mujeres	4
2013	44	Teruel	02	Resto de Europa	154	Rusia	Hombres	7
2013	44	Teruel	02	Resto de Europa	154	Rusia	Mujeres	19
2013	44	Teruel	02	Resto de Europa	157	Serbia	Hombres	2
2013	44	Teruel	02	Resto de Europa	157	Serbia	Mujeres	1
2013	44	Teruel	02	Resto de Europa	436	Turquía	Hombres	2
2013	44	Teruel	02	Resto de Europa	436	Turquía	Mujeres	6
2013	44	Teruel	03	Magreb	203	Argelia	Hombres	131
2013	44	Teruel	03	Magreb	203	Argelia	Mujeres	79
2013	44	Teruel	03	Magreb	228	Marruecos	Hombres	2833
2013	44	Teruel	03	Magreb	228	Marruecos	Mujeres	1705
2013	44	Teruel	03	Magreb	230	Mauritania	Hombres	2
2013	44	Teruel	03	Magreb	248	Túnez	Mujeres	1
2013	44	Teruel	04	Resto de África	207	Cabo Verde	Hombres	18
2013	44	Teruel	04	Resto de África	207	Cabo Verde	Mujeres	18
2013	44	Teruel	04	Resto de África	208	Camerún	Hombres	1
2013	44	Teruel	04	Resto de África	208	Camerún	Mujeres	3
2013	44	Teruel	04	Resto de África	213	Egipto	Hombres	4
2013	44	Teruel	04	Resto de África	214	Etiopía	Hombres	1
2013	44	Teruel	04	Resto de África	216	Gambia	Hombres	43
2013	44	Teruel	04	Resto de África	216	Gambia	Mujeres	23
2013	44	Teruel	04	Resto de África	217	Ghana	Hombres	10
2013	44	Teruel	04	Resto de África	217	Ghana	Mujeres	5
2013	44	Teruel	04	Resto de África	218	Guinea	Hombres	1
2013	44	Teruel	04	Resto de África	220	Guinea Ecuatorial	Hombres	1
2013	44	Teruel	04	Resto de África	220	Guinea Ecuatorial	Mujeres	1
2013	44	Teruel	04	Resto de África	221	Kenia	Mujeres	3
2013	44	Teruel	04	Resto de África	227	Mali	Hombres	15
2013	44	Teruel	04	Resto de África	227	Mali	Mujeres	2
2013	44	Teruel	04	Resto de África	234	Nigeria	Hombres	1
2013	44	Teruel	04	Resto de África	234	Nigeria	Mujeres	3
2013	44	Teruel	04	Resto de África	237	Ruanda	Hombres	1
2013	44	Teruel	04	Resto de África	239	Senegal	Hombres	32
2013	44	Teruel	04	Resto de África	239	Senegal	Mujeres	13
2013	44	Teruel	04	Resto de África	242	Somalia	Hombres	1
2013	44	Teruel	05	América del Norte	301	Canadá	Hombres	1
2013	44	Teruel	05	América del Norte	302	Estados Unidos de América	Hombres	11
2013	44	Teruel	05	América del Norte	302	Estados Unidos de América	Mujeres	9
2013	44	Teruel	06	Resto de América	303	México	Hombres	6
2013	44	Teruel	06	Resto de América	303	México	Mujeres	15
2013	44	Teruel	06	Resto de América	314	Costa Rica	Mujeres	1
2013	44	Teruel	06	Resto de América	315	Cuba	Hombres	61
2013	44	Teruel	06	Resto de América	315	Cuba	Mujeres	104
2013	44	Teruel	06	Resto de América	316	Dominica	Hombres	1
2013	44	Teruel	06	Resto de América	317	El Salvador	Hombres	4
2013	44	Teruel	06	Resto de América	317	El Salvador	Mujeres	3
2013	44	Teruel	06	Resto de América	319	Guatemala	Hombres	1
2013	44	Teruel	06	Resto de América	319	Guatemala	Mujeres	1
2013	44	Teruel	06	Resto de América	321	Honduras	Hombres	4
2013	44	Teruel	06	Resto de América	321	Honduras	Mujeres	6
2013	44	Teruel	06	Resto de América	323	Nicaragua	Hombres	4
2013	44	Teruel	06	Resto de América	323	Nicaragua	Mujeres	26
2013	44	Teruel	06	Resto de América	326	República Dominicana	Hombres	143
2013	44	Teruel	06	Resto de América	326	República Dominicana	Mujeres	247
2013	44	Teruel	06	Resto de América	340	Argentina	Hombres	84
2013	44	Teruel	06	Resto de América	340	Argentina	Mujeres	99
2013	44	Teruel	06	Resto de América	341	Bolivia	Hombres	42
2013	44	Teruel	06	Resto de América	341	Bolivia	Mujeres	44
2013	44	Teruel	06	Resto de América	342	Brasil	Hombres	71
2013	44	Teruel	06	Resto de América	342	Brasil	Mujeres	192
2013	44	Teruel	06	Resto de América	343	Colombia	Hombres	329
2013	44	Teruel	06	Resto de América	343	Colombia	Mujeres	398
2013	44	Teruel	06	Resto de América	344	Chile	Hombres	28
2013	44	Teruel	06	Resto de América	344	Chile	Mujeres	38
2013	44	Teruel	06	Resto de América	345	Ecuador	Hombres	112
2013	44	Teruel	06	Resto de América	345	Ecuador	Mujeres	100
2013	44	Teruel	06	Resto de América	347	Paraguay	Hombres	21
2013	44	Teruel	06	Resto de América	347	Paraguay	Mujeres	22
2013	44	Teruel	06	Resto de América	348	Perú	Hombres	121
2013	44	Teruel	06	Resto de América	348	Perú	Mujeres	120
2013	44	Teruel	06	Resto de América	350	Uruguay	Hombres	21
2013	44	Teruel	06	Resto de América	350	Uruguay	Mujeres	23
2013	44	Teruel	06	Resto de América	351	Venezuela	Hombres	15
2013	44	Teruel	06	Resto de América	351	Venezuela	Mujeres	25
2013	44	Teruel	07	Asia	404	Bangladesh	Hombres	2
2013	44	Teruel	07	Asia	407	China	Hombres	74
2013	44	Teruel	07	Asia	407	China	Mujeres	66
2013	44	Teruel	07	Asia	409	Filipinas	Mujeres	2
2013	44	Teruel	07	Asia	410	India	Hombres	8
2013	44	Teruel	07	Asia	410	India	Mujeres	3
2013	44	Teruel	07	Asia	413	Irán	Hombres	1
2013	44	Teruel	07	Asia	414	Israel	Hombres	1
2013	44	Teruel	07	Asia	416	Jordania	Hombres	1
2013	44	Teruel	07	Asia	420	Líbano	Hombres	1
2013	44	Teruel	07	Asia	421	Malasia	Hombres	1
2013	44	Teruel	07	Asia	426	Pakistán	Hombres	387
2013	44	Teruel	07	Asia	426	Pakistán	Mujeres	209
2013	44	Teruel	07	Asia	433	Siria	Hombres	2
2013	44	Teruel	07	Asia	434	Sri-Lanka	Hombres	1
2013	44	Teruel	07	Asia	435	Tailandia	Mujeres	2
2013	44	Teruel	07	Asia	443	Kazajstan	Hombres	1
2013	44	Teruel	07	Asia	443	Kazajstan	Mujeres	3
2013	44	Teruel	07	Asia	444	Kirgvistan	Mujeres	2
2013	44	Teruel	08	Oceanía	501	Australia	Hombres	1
2013	44	Teruel	08	Oceanía	501	Australia	Mujeres	3
2013	44	Teruel	08	Oceanía	511	Micronesia	Mujeres	1
2013	44	Teruel	08	Oceanía	513	Islas Cook	Hombres	1
2013	50	Zaragoza	01	UE-27_2007	102	Austria	Hombres	29
2013	50	Zaragoza	01	UE-27_2007	102	Austria	Mujeres	31
2013	50	Zaragoza	01	UE-27_2007	103	Bélgica	Hombres	77
2013	50	Zaragoza	01	UE-27_2007	103	Bélgica	Mujeres	59
2013	50	Zaragoza	01	UE-27_2007	104	Bulgaria	Hombres	1949
2013	50	Zaragoza	01	UE-27_2007	104	Bulgaria	Mujeres	1647
2013	50	Zaragoza	01	UE-27_2007	106	Chipre	Hombres	1
2013	50	Zaragoza	01	UE-27_2007	106	Chipre	Mujeres	1
2013	50	Zaragoza	01	UE-27_2007	107	Dinamarca	Hombres	30
2013	50	Zaragoza	01	UE-27_2007	107	Dinamarca	Mujeres	11
2013	50	Zaragoza	01	UE-27_2007	109	Finlandia	Hombres	10
2013	50	Zaragoza	01	UE-27_2007	109	Finlandia	Mujeres	24
2013	50	Zaragoza	01	UE-27_2007	110	Francia	Hombres	663
2013	50	Zaragoza	01	UE-27_2007	110	Francia	Mujeres	740
2013	50	Zaragoza	01	UE-27_2007	111	Grecia	Hombres	35
2013	50	Zaragoza	01	UE-27_2007	111	Grecia	Mujeres	30
2013	50	Zaragoza	01	UE-27_2007	112	Hungría	Hombres	52
2013	50	Zaragoza	01	UE-27_2007	112	Hungría	Mujeres	64
2013	50	Zaragoza	01	UE-27_2007	113	Irlanda	Hombres	40
2013	50	Zaragoza	01	UE-27_2007	113	Irlanda	Mujeres	34
2013	50	Zaragoza	01	UE-27_2007	115	Italia	Hombres	972
2013	50	Zaragoza	01	UE-27_2007	115	Italia	Mujeres	644
2013	50	Zaragoza	01	UE-27_2007	117	Luxemburgo	Mujeres	1
2013	50	Zaragoza	01	UE-27_2007	121	Países Bajos	Hombres	167
2013	50	Zaragoza	01	UE-27_2007	121	Países Bajos	Mujeres	137
2013	50	Zaragoza	01	UE-27_2007	122	Polonia	Hombres	1415
2013	50	Zaragoza	01	UE-27_2007	122	Polonia	Mujeres	1051
2013	50	Zaragoza	01	UE-27_2007	123	Portugal	Hombres	2166
2013	50	Zaragoza	01	UE-27_2007	123	Portugal	Mujeres	1041
2013	50	Zaragoza	01	UE-27_2007	125	Reino Unido	Hombres	327
2013	50	Zaragoza	01	UE-27_2007	125	Reino Unido	Mujeres	242
2013	50	Zaragoza	01	UE-27_2007	126	Alemania	Hombres	325
2013	50	Zaragoza	01	UE-27_2007	126	Alemania	Mujeres	299
2013	50	Zaragoza	01	UE-27_2007	128	Rumanía	Hombres	26974
2013	50	Zaragoza	01	UE-27_2007	128	Rumanía	Mujeres	24516
2013	50	Zaragoza	01	UE-27_2007	131	Suecia	Hombres	34
2013	50	Zaragoza	01	UE-27_2007	131	Suecia	Mujeres	37
2013	50	Zaragoza	01	UE-27_2007	136	Letonia	Hombres	16
2013	50	Zaragoza	01	UE-27_2007	136	Letonia	Mujeres	18
2013	50	Zaragoza	01	UE-27_2007	141	Estonia	Hombres	6
2013	50	Zaragoza	01	UE-27_2007	141	Estonia	Mujeres	8
2013	50	Zaragoza	01	UE-27_2007	142	Lituania	Hombres	73
2013	50	Zaragoza	01	UE-27_2007	142	Lituania	Mujeres	91
2013	50	Zaragoza	01	UE-27_2007	143	República Checa	Hombres	57
2013	50	Zaragoza	01	UE-27_2007	143	República Checa	Mujeres	73
2013	50	Zaragoza	01	UE-27_2007	144	Eslovaquia	Hombres	69
2013	50	Zaragoza	01	UE-27_2007	144	Eslovaquia	Mujeres	55
2013	50	Zaragoza	01	UE-27_2007	147	Eslovenia	Hombres	18
2013	50	Zaragoza	01	UE-27_2007	147	Eslovenia	Mujeres	19
2013	50	Zaragoza	02	Resto de Europa	101	Albania	Hombres	18
2013	50	Zaragoza	02	Resto de Europa	101	Albania	Mujeres	24
2013	50	Zaragoza	02	Resto de Europa	114	Islandia	Hombres	3
2013	50	Zaragoza	02	Resto de Europa	114	Islandia	Mujeres	1
2013	50	Zaragoza	02	Resto de Europa	120	Noruega	Hombres	22
2013	50	Zaragoza	02	Resto de Europa	120	Noruega	Mujeres	12
2013	50	Zaragoza	02	Resto de Europa	124	Andorra	Hombres	5
2013	50	Zaragoza	02	Resto de Europa	124	Andorra	Mujeres	3
2013	50	Zaragoza	02	Resto de Europa	132	Suiza	Hombres	20
2013	50	Zaragoza	02	Resto de Europa	132	Suiza	Mujeres	16
2013	50	Zaragoza	02	Resto de Europa	135	Ucrania	Hombres	587
2013	50	Zaragoza	02	Resto de Europa	135	Ucrania	Mujeres	812
2013	50	Zaragoza	02	Resto de Europa	137	Moldova	Hombres	131
2013	50	Zaragoza	02	Resto de Europa	137	Moldova	Mujeres	172
2013	50	Zaragoza	02	Resto de Europa	138	Bielorrusia	Hombres	29
2013	50	Zaragoza	02	Resto de Europa	138	Bielorrusia	Mujeres	53
2013	50	Zaragoza	02	Resto de Europa	139	Georgia	Hombres	39
2013	50	Zaragoza	02	Resto de Europa	139	Georgia	Mujeres	21
2013	50	Zaragoza	02	Resto de Europa	145	Bosnia-Herzegovina	Hombres	11
2013	50	Zaragoza	02	Resto de Europa	145	Bosnia-Herzegovina	Mujeres	23
2013	50	Zaragoza	02	Resto de Europa	146	Croacia	Hombres	5
2013	50	Zaragoza	02	Resto de Europa	146	Croacia	Mujeres	9
2013	50	Zaragoza	02	Resto de Europa	148	Armenia	Hombres	39
2013	50	Zaragoza	02	Resto de Europa	148	Armenia	Mujeres	41
2013	50	Zaragoza	02	Resto de Europa	154	Rusia	Hombres	142
2013	50	Zaragoza	02	Resto de Europa	154	Rusia	Mujeres	553
2013	50	Zaragoza	02	Resto de Europa	156	Macedonia	Hombres	1
2013	50	Zaragoza	02	Resto de Europa	157	Serbia	Hombres	21
2013	50	Zaragoza	02	Resto de Europa	157	Serbia	Mujeres	19
2013	50	Zaragoza	02	Resto de Europa	436	Turquía	Hombres	28
2013	50	Zaragoza	02	Resto de Europa	436	Turquía	Mujeres	20
2013	50	Zaragoza	03	Magreb	203	Argelia	Hombres	3031
2013	50	Zaragoza	03	Magreb	203	Argelia	Mujeres	1567
2013	50	Zaragoza	03	Magreb	224	Libia	Hombres	4
2013	50	Zaragoza	03	Magreb	228	Marruecos	Hombres	6754
2013	50	Zaragoza	03	Magreb	228	Marruecos	Mujeres	4664
2013	50	Zaragoza	03	Magreb	230	Mauritania	Hombres	234
2013	50	Zaragoza	03	Magreb	230	Mauritania	Mujeres	48
2013	50	Zaragoza	03	Magreb	248	Túnez	Hombres	45
2013	50	Zaragoza	03	Magreb	248	Túnez	Mujeres	28
2013	50	Zaragoza	04	Resto de África	201	Burkina Fasso	Hombres	45
2013	50	Zaragoza	04	Resto de África	201	Burkina Fasso	Mujeres	17
2013	50	Zaragoza	04	Resto de África	202	Angola	Hombres	38
2013	50	Zaragoza	04	Resto de África	202	Angola	Mujeres	13
2013	50	Zaragoza	04	Resto de África	204	Benin	Hombres	7
2013	50	Zaragoza	04	Resto de África	204	Benin	Mujeres	3
2013	50	Zaragoza	04	Resto de África	206	Burundi	Hombres	1
2013	50	Zaragoza	04	Resto de África	206	Burundi	Mujeres	1
2013	50	Zaragoza	04	Resto de África	207	Cabo Verde	Hombres	177
2013	50	Zaragoza	04	Resto de África	207	Cabo Verde	Mujeres	154
2013	50	Zaragoza	04	Resto de África	208	Camerún	Hombres	128
2013	50	Zaragoza	04	Resto de África	208	Camerún	Mujeres	88
2013	50	Zaragoza	04	Resto de África	210	Congo	Hombres	30
2013	50	Zaragoza	04	Resto de África	210	Congo	Mujeres	12
2013	50	Zaragoza	04	Resto de África	211	Costa de Marfil	Hombres	41
2013	50	Zaragoza	04	Resto de África	211	Costa de Marfil	Mujeres	24
2013	50	Zaragoza	04	Resto de África	213	Egipto	Hombres	97
2013	50	Zaragoza	04	Resto de África	213	Egipto	Mujeres	63
2013	50	Zaragoza	04	Resto de África	214	Etiopía	Hombres	5
2013	50	Zaragoza	04	Resto de África	214	Etiopía	Mujeres	3
2013	50	Zaragoza	04	Resto de África	215	Gabón	Hombres	5
2013	50	Zaragoza	04	Resto de África	215	Gabón	Mujeres	6
2013	50	Zaragoza	04	Resto de África	216	Gambia	Hombres	1182
2013	50	Zaragoza	04	Resto de África	216	Gambia	Mujeres	489
2013	50	Zaragoza	04	Resto de África	217	Ghana	Hombres	1288
2013	50	Zaragoza	04	Resto de África	217	Ghana	Mujeres	456
2013	50	Zaragoza	04	Resto de África	218	Guinea	Hombres	292
2013	50	Zaragoza	04	Resto de África	218	Guinea	Mujeres	358
2013	50	Zaragoza	04	Resto de África	219	Guinea Bissau	Hombres	67
2013	50	Zaragoza	04	Resto de África	219	Guinea Bissau	Mujeres	26
2013	50	Zaragoza	04	Resto de África	220	Guinea Ecuatorial	Hombres	264
2013	50	Zaragoza	04	Resto de África	220	Guinea Ecuatorial	Mujeres	430
2013	50	Zaragoza	04	Resto de África	221	Kenia	Hombres	5
2013	50	Zaragoza	04	Resto de África	221	Kenia	Mujeres	8
2013	50	Zaragoza	04	Resto de África	223	Liberia	Hombres	7
2013	50	Zaragoza	04	Resto de África	223	Liberia	Mujeres	2
2013	50	Zaragoza	04	Resto de África	227	Mali	Hombres	619
2013	50	Zaragoza	04	Resto de África	227	Mali	Mujeres	131
2013	50	Zaragoza	04	Resto de África	229	Mauricio	Mujeres	1
2013	50	Zaragoza	04	Resto de África	231	Mozambique	Hombres	1
2013	50	Zaragoza	04	Resto de África	231	Mozambique	Mujeres	3
2013	50	Zaragoza	04	Resto de África	233	Níger	Hombres	11
2013	50	Zaragoza	04	Resto de África	233	Níger	Mujeres	5
2013	50	Zaragoza	04	Resto de África	234	Nigeria	Hombres	435
2013	50	Zaragoza	04	Resto de África	234	Nigeria	Mujeres	449
2013	50	Zaragoza	04	Resto de África	235	República Centroafricana	Hombres	2
2013	50	Zaragoza	04	Resto de África	235	República Centroafricana	Mujeres	6
2013	50	Zaragoza	04	Resto de África	236	Sudáfrica	Hombres	5
2013	50	Zaragoza	04	Resto de África	236	Sudáfrica	Mujeres	4
2013	50	Zaragoza	04	Resto de África	239	Senegal	Hombres	2202
2013	50	Zaragoza	04	Resto de África	239	Senegal	Mujeres	536
2013	50	Zaragoza	04	Resto de África	241	Sierra Leona	Hombres	9
2013	50	Zaragoza	04	Resto de África	241	Sierra Leona	Mujeres	6
2013	50	Zaragoza	04	Resto de África	243	Sudán	Hombres	10
2013	50	Zaragoza	04	Resto de África	243	Sudán	Mujeres	4
2013	50	Zaragoza	04	Resto de África	246	Chad	Hombres	2
2013	50	Zaragoza	04	Resto de África	246	Chad	Mujeres	1
2013	50	Zaragoza	04	Resto de África	247	Togo	Hombres	12
2013	50	Zaragoza	04	Resto de África	247	Togo	Mujeres	9
2013	50	Zaragoza	04	Resto de África	249	Uganda	Mujeres	1
2013	50	Zaragoza	04	Resto de África	250	Rep. Democrática del Congo	Hombres	42
2013	50	Zaragoza	04	Resto de África	250	Rep. Democrática del Congo	Mujeres	27
2013	50	Zaragoza	04	Resto de África	251	Zambia	Mujeres	1
2013	50	Zaragoza	04	Resto de África	252	Zimbabwe	Mujeres	1
2013	50	Zaragoza	04	Resto de África	253	Eritrea	Mujeres	1
2013	50	Zaragoza	05	América del Norte	301	Canadá	Hombres	13
2013	50	Zaragoza	05	América del Norte	301	Canadá	Mujeres	18
2013	50	Zaragoza	05	América del Norte	302	Estados Unidos de América	Hombres	222
2013	50	Zaragoza	05	América del Norte	302	Estados Unidos de América	Mujeres	175
2013	50	Zaragoza	06	Resto de América	303	México	Hombres	116
2013	50	Zaragoza	06	Resto de América	303	México	Mujeres	209
2013	50	Zaragoza	06	Resto de América	314	Costa Rica	Hombres	24
2013	50	Zaragoza	06	Resto de América	314	Costa Rica	Mujeres	14
2013	50	Zaragoza	06	Resto de América	315	Cuba	Hombres	403
2013	50	Zaragoza	06	Resto de América	315	Cuba	Mujeres	581
2013	50	Zaragoza	06	Resto de América	316	Dominica	Hombres	4
2013	50	Zaragoza	06	Resto de América	316	Dominica	Mujeres	10
2013	50	Zaragoza	06	Resto de América	317	El Salvador	Hombres	105
2013	50	Zaragoza	06	Resto de América	317	El Salvador	Mujeres	182
2013	50	Zaragoza	06	Resto de América	319	Guatemala	Hombres	40
2013	50	Zaragoza	06	Resto de América	319	Guatemala	Mujeres	56
2013	50	Zaragoza	06	Resto de América	320	Haití	Hombres	6
2013	50	Zaragoza	06	Resto de América	320	Haití	Mujeres	2
2013	50	Zaragoza	06	Resto de América	321	Honduras	Hombres	246
2013	50	Zaragoza	06	Resto de América	321	Honduras	Mujeres	581
2013	50	Zaragoza	06	Resto de América	322	Jamaica	Mujeres	1
2013	50	Zaragoza	06	Resto de América	323	Nicaragua	Hombres	963
2013	50	Zaragoza	06	Resto de América	323	Nicaragua	Mujeres	3087
2013	50	Zaragoza	06	Resto de América	324	Panamá	Hombres	17
2013	50	Zaragoza	06	Resto de América	324	Panamá	Mujeres	23
2013	50	Zaragoza	06	Resto de América	326	República Dominicana	Hombres	898
2013	50	Zaragoza	06	Resto de América	326	República Dominicana	Mujeres	1146
2013	50	Zaragoza	06	Resto de América	327	Trinidad y Tobago	Mujeres	1
2013	50	Zaragoza	06	Resto de América	340	Argentina	Hombres	399
2013	50	Zaragoza	06	Resto de América	340	Argentina	Mujeres	524
2013	50	Zaragoza	06	Resto de América	341	Bolivia	Hombres	245
2013	50	Zaragoza	06	Resto de América	341	Bolivia	Mujeres	305
2013	50	Zaragoza	06	Resto de América	342	Brasil	Hombres	420
2013	50	Zaragoza	06	Resto de América	342	Brasil	Mujeres	1076
2013	50	Zaragoza	06	Resto de América	343	Colombia	Hombres	2046
2013	50	Zaragoza	06	Resto de América	343	Colombia	Mujeres	2561
2013	50	Zaragoza	06	Resto de América	344	Chile	Hombres	224
2013	50	Zaragoza	06	Resto de América	344	Chile	Mujeres	254
2013	50	Zaragoza	06	Resto de América	345	Ecuador	Hombres	3083
2013	50	Zaragoza	06	Resto de América	345	Ecuador	Mujeres	3048
2013	50	Zaragoza	06	Resto de América	347	Paraguay	Hombres	66
2013	50	Zaragoza	06	Resto de América	347	Paraguay	Mujeres	186
2013	50	Zaragoza	06	Resto de América	348	Perú	Hombres	827
2013	50	Zaragoza	06	Resto de América	348	Perú	Mujeres	887
2013	50	Zaragoza	06	Resto de América	350	Uruguay	Hombres	146
2013	50	Zaragoza	06	Resto de América	350	Uruguay	Mujeres	146
2013	50	Zaragoza	06	Resto de América	351	Venezuela	Hombres	275
2013	50	Zaragoza	06	Resto de América	351	Venezuela	Mujeres	441
2013	50	Zaragoza	07	Asia	402	Arabia Saudí	Hombres	1
2013	50	Zaragoza	07	Asia	404	Bangladesh	Hombres	23
2013	50	Zaragoza	07	Asia	404	Bangladesh	Mujeres	5
2013	50	Zaragoza	07	Asia	405	Myanmar (Birmania)	Hombres	1
2013	50	Zaragoza	07	Asia	407	China	Hombres	2544
2013	50	Zaragoza	07	Asia	407	China	Mujeres	2324
2013	50	Zaragoza	07	Asia	409	Filipinas	Hombres	7
2013	50	Zaragoza	07	Asia	409	Filipinas	Mujeres	22
2013	50	Zaragoza	07	Asia	410	India	Hombres	107
2013	50	Zaragoza	07	Asia	410	India	Mujeres	37
2013	50	Zaragoza	07	Asia	411	Indonesia	Hombres	1
2013	50	Zaragoza	07	Asia	411	Indonesia	Mujeres	6
2013	50	Zaragoza	07	Asia	412	Irak	Hombres	1
2013	50	Zaragoza	07	Asia	412	Irak	Mujeres	1
2013	50	Zaragoza	07	Asia	413	Irán	Hombres	12
2013	50	Zaragoza	07	Asia	413	Irán	Mujeres	6
2013	50	Zaragoza	07	Asia	414	Israel	Hombres	9
2013	50	Zaragoza	07	Asia	414	Israel	Mujeres	9
2013	50	Zaragoza	07	Asia	415	Japón	Hombres	11
2013	50	Zaragoza	07	Asia	415	Japón	Mujeres	26
2013	50	Zaragoza	07	Asia	416	Jordania	Hombres	16
2013	50	Zaragoza	07	Asia	416	Jordania	Mujeres	12
2013	50	Zaragoza	07	Asia	418	Kuwait	Hombres	1
2013	50	Zaragoza	07	Asia	418	Kuwait	Mujeres	3
2013	50	Zaragoza	07	Asia	420	Líbano	Hombres	7
2013	50	Zaragoza	07	Asia	420	Líbano	Mujeres	9
2013	50	Zaragoza	07	Asia	421	Malasia	Hombres	5
2013	50	Zaragoza	07	Asia	421	Malasia	Mujeres	3
2013	50	Zaragoza	07	Asia	423	Mongolia	Hombres	1
2013	50	Zaragoza	07	Asia	423	Mongolia	Mujeres	2
2013	50	Zaragoza	07	Asia	424	Nepal	Hombres	10
2013	50	Zaragoza	07	Asia	426	Pakistán	Hombres	1013
2013	50	Zaragoza	07	Asia	426	Pakistán	Mujeres	165
2013	50	Zaragoza	07	Asia	430	República de Corea	Hombres	10
2013	50	Zaragoza	07	Asia	430	República de Corea	Mujeres	11
2013	50	Zaragoza	07	Asia	433	Siria	Hombres	29
2013	50	Zaragoza	07	Asia	433	Siria	Mujeres	14
2013	50	Zaragoza	07	Asia	434	Sri-Lanka	Hombres	1
2013	50	Zaragoza	07	Asia	434	Sri-Lanka	Mujeres	1
2013	50	Zaragoza	07	Asia	435	Tailandia	Hombres	2
2013	50	Zaragoza	07	Asia	435	Tailandia	Mujeres	4
2013	50	Zaragoza	07	Asia	437	Vietnam	Hombres	3
2013	50	Zaragoza	07	Asia	437	Vietnam	Mujeres	6
2013	50	Zaragoza	07	Asia	442	Azerbaiyan	Hombres	2
2013	50	Zaragoza	07	Asia	442	Azerbaiyan	Mujeres	1
2013	50	Zaragoza	07	Asia	443	Kazajstan	Hombres	4
2013	50	Zaragoza	07	Asia	443	Kazajstan	Mujeres	6
2013	50	Zaragoza	07	Asia	444	Kirgvistan	Hombres	2
2013	50	Zaragoza	07	Asia	444	Kirgvistan	Mujeres	15
2013	50	Zaragoza	07	Asia	447	Uzbekistán	Hombres	1
2013	50	Zaragoza	07	Asia	447	Uzbekistán	Mujeres	4
2013	50	Zaragoza	07	Asia	499	Países sin relaciones diplomáticas	Hombres	4
2013	50	Zaragoza	07	Asia	499	Países sin relaciones diplomáticas	Mujeres	3
2013	50	Zaragoza	08	Oceanía	501	Australia	Hombres	6
2013	50	Zaragoza	08	Oceanía	501	Australia	Mujeres	5
2013	50	Zaragoza	08	Oceanía	504	Nueva Zelanda	Hombres	4
2013	50	Zaragoza	08	Oceanía	504	Nueva Zelanda	Mujeres	3
2013	50	Zaragoza	09	Apátridas y no consta	555	Apátridas	Hombres	15
2013	50	Zaragoza	09	Apátridas y no consta	555	Apátridas	Mujeres	6
2014	22	Huesca	01	UE-28	102	Austria	Hombres	5
2014	22	Huesca	01	UE-28	102	Austria	Mujeres	4
2014	22	Huesca	01	UE-28	103	Bélgica	Hombres	36
2014	22	Huesca	01	UE-28	103	Bélgica	Mujeres	40
2014	22	Huesca	01	UE-28	104	Bulgaria	Hombres	1053
2014	22	Huesca	01	UE-28	104	Bulgaria	Mujeres	1010
2014	22	Huesca	01	UE-28	107	Dinamarca	Hombres	8
2014	22	Huesca	01	UE-28	107	Dinamarca	Mujeres	7
2014	22	Huesca	01	UE-28	109	Finlandia	Hombres	1
2014	22	Huesca	01	UE-28	109	Finlandia	Mujeres	2
2014	22	Huesca	01	UE-28	110	Francia	Hombres	222
2014	22	Huesca	01	UE-28	110	Francia	Mujeres	227
2014	22	Huesca	01	UE-28	111	Grecia	Hombres	3
2014	22	Huesca	01	UE-28	111	Grecia	Mujeres	6
2014	22	Huesca	01	UE-28	112	Hungría	Hombres	11
2014	22	Huesca	01	UE-28	112	Hungría	Mujeres	12
2014	22	Huesca	01	UE-28	113	Irlanda	Hombres	15
2014	22	Huesca	01	UE-28	113	Irlanda	Mujeres	7
2014	22	Huesca	01	UE-28	115	Italia	Hombres	137
2014	22	Huesca	01	UE-28	115	Italia	Mujeres	110
2014	22	Huesca	01	UE-28	121	Países Bajos	Hombres	66
2014	22	Huesca	01	UE-28	121	Países Bajos	Mujeres	64
2014	22	Huesca	01	UE-28	122	Polonia	Hombres	304
2014	22	Huesca	01	UE-28	122	Polonia	Mujeres	360
2014	22	Huesca	01	UE-28	123	Portugal	Hombres	497
2014	22	Huesca	01	UE-28	123	Portugal	Mujeres	273
2014	22	Huesca	01	UE-28	125	Reino Unido	Hombres	87
2014	22	Huesca	01	UE-28	125	Reino Unido	Mujeres	96
2014	22	Huesca	01	UE-28	126	Alemania	Hombres	69
2014	22	Huesca	01	UE-28	126	Alemania	Mujeres	67
2014	22	Huesca	01	UE-28	128	Rumanía	Hombres	4220
2014	22	Huesca	01	UE-28	128	Rumanía	Mujeres	4116
2014	22	Huesca	01	UE-28	131	Suecia	Hombres	3
2014	22	Huesca	01	UE-28	131	Suecia	Mujeres	6
2014	22	Huesca	01	UE-28	136	Letonia	Hombres	10
2014	22	Huesca	01	UE-28	136	Letonia	Mujeres	9
2014	22	Huesca	01	UE-28	141	Estonia	Hombres	2
2014	22	Huesca	01	UE-28	141	Estonia	Mujeres	1
2014	22	Huesca	01	UE-28	142	Lituania	Hombres	109
2014	22	Huesca	01	UE-28	142	Lituania	Mujeres	127
2014	22	Huesca	01	UE-28	143	República Checa	Hombres	17
2014	22	Huesca	01	UE-28	143	República Checa	Mujeres	15
2014	22	Huesca	01	UE-28	144	Eslovaquia	Hombres	10
2014	22	Huesca	01	UE-28	144	Eslovaquia	Mujeres	16
2014	22	Huesca	01	UE-28	146	Croacia	Hombres	1
2014	22	Huesca	01	UE-28	147	Eslovenia	Hombres	2
2014	22	Huesca	01	UE-28	147	Eslovenia	Mujeres	1
2014	22	Huesca	02	Resto de Europa	101	Albania	Hombres	5
2014	22	Huesca	02	Resto de Europa	101	Albania	Mujeres	1
2014	22	Huesca	02	Resto de Europa	120	Noruega	Mujeres	1
2014	22	Huesca	02	Resto de Europa	124	Andorra	Hombres	4
2014	22	Huesca	02	Resto de Europa	124	Andorra	Mujeres	2
2014	22	Huesca	02	Resto de Europa	132	Suiza	Hombres	17
2014	22	Huesca	02	Resto de Europa	132	Suiza	Mujeres	11
2014	22	Huesca	02	Resto de Europa	135	Ucrania	Hombres	275
2014	22	Huesca	02	Resto de Europa	135	Ucrania	Mujeres	274
2014	22	Huesca	02	Resto de Europa	137	Moldova	Hombres	21
2014	22	Huesca	02	Resto de Europa	137	Moldova	Mujeres	18
2014	22	Huesca	02	Resto de Europa	138	Bielorrusia	Hombres	9
2014	22	Huesca	02	Resto de Europa	138	Bielorrusia	Mujeres	7
2014	22	Huesca	02	Resto de Europa	139	Georgia	Hombres	4
2014	22	Huesca	02	Resto de Europa	139	Georgia	Mujeres	2
2014	22	Huesca	02	Resto de Europa	148	Armenia	Hombres	24
2014	22	Huesca	02	Resto de Europa	148	Armenia	Mujeres	26
2014	22	Huesca	02	Resto de Europa	154	Rusia	Hombres	29
2014	22	Huesca	02	Resto de Europa	154	Rusia	Mujeres	88
2014	22	Huesca	02	Resto de Europa	156	Macedonia	Mujeres	1
2014	22	Huesca	02	Resto de Europa	157	Serbia	Hombres	10
2014	22	Huesca	02	Resto de Europa	157	Serbia	Mujeres	7
2014	22	Huesca	02	Resto de Europa	436	Turquía	Hombres	8
2014	22	Huesca	02	Resto de Europa	436	Turquía	Mujeres	2
2014	22	Huesca	03	Magreb	203	Argelia	Hombres	477
2014	22	Huesca	03	Magreb	203	Argelia	Mujeres	284
2014	22	Huesca	03	Magreb	228	Marruecos	Hombres	1958
2014	22	Huesca	03	Magreb	228	Marruecos	Mujeres	1574
2014	22	Huesca	03	Magreb	230	Mauritania	Hombres	92
2014	22	Huesca	03	Magreb	230	Mauritania	Mujeres	14
2014	22	Huesca	03	Magreb	248	Túnez	Hombres	1
2014	22	Huesca	03	Magreb	248	Túnez	Mujeres	1
2014	22	Huesca	04	Resto de África	201	Burkina Fasso	Hombres	37
2014	22	Huesca	04	Resto de África	201	Burkina Fasso	Mujeres	17
2014	22	Huesca	04	Resto de África	202	Angola	Hombres	3
2014	22	Huesca	04	Resto de África	202	Angola	Mujeres	2
2014	22	Huesca	04	Resto de África	204	Benin	Hombres	3
2014	22	Huesca	04	Resto de África	204	Benin	Mujeres	3
2014	22	Huesca	04	Resto de África	207	Cabo Verde	Hombres	13
2014	22	Huesca	04	Resto de África	207	Cabo Verde	Mujeres	6
2014	22	Huesca	04	Resto de África	208	Camerún	Hombres	6
2014	22	Huesca	04	Resto de África	208	Camerún	Mujeres	2
2014	22	Huesca	04	Resto de África	211	Costa de Marfil	Hombres	36
2014	22	Huesca	04	Resto de África	211	Costa de Marfil	Mujeres	18
2014	22	Huesca	04	Resto de África	213	Egipto	Hombres	2
2014	22	Huesca	04	Resto de África	216	Gambia	Hombres	540
2014	22	Huesca	04	Resto de África	216	Gambia	Mujeres	127
2014	22	Huesca	04	Resto de África	217	Ghana	Hombres	59
2014	22	Huesca	04	Resto de África	217	Ghana	Mujeres	29
2014	22	Huesca	04	Resto de África	218	Guinea	Hombres	189
2014	22	Huesca	04	Resto de África	218	Guinea	Mujeres	64
2014	22	Huesca	04	Resto de África	219	Guinea Bissau	Hombres	22
2014	22	Huesca	04	Resto de África	219	Guinea Bissau	Mujeres	2
2014	22	Huesca	04	Resto de África	220	Guinea Ecuatorial	Hombres	5
2014	22	Huesca	04	Resto de África	220	Guinea Ecuatorial	Mujeres	13
2014	22	Huesca	04	Resto de África	221	Kenia	Hombres	4
2014	22	Huesca	04	Resto de África	221	Kenia	Mujeres	19
2014	22	Huesca	04	Resto de África	223	Liberia	Hombres	1
2014	22	Huesca	04	Resto de África	227	Mali	Hombres	814
2014	22	Huesca	04	Resto de África	227	Mali	Mujeres	145
2014	22	Huesca	04	Resto de África	233	Níger	Hombres	13
2014	22	Huesca	04	Resto de África	233	Níger	Mujeres	3
2014	22	Huesca	04	Resto de África	234	Nigeria	Hombres	46
2014	22	Huesca	04	Resto de África	234	Nigeria	Mujeres	34
2014	22	Huesca	04	Resto de África	236	Sudáfrica	Hombres	1
2014	22	Huesca	04	Resto de África	236	Sudáfrica	Mujeres	1
2014	22	Huesca	04	Resto de África	239	Senegal	Hombres	444
2014	22	Huesca	04	Resto de África	239	Senegal	Mujeres	73
2014	22	Huesca	04	Resto de África	241	Sierra Leona	Hombres	1
2014	22	Huesca	04	Resto de África	247	Togo	Hombres	5
2014	22	Huesca	04	Resto de África	247	Togo	Mujeres	2
2014	22	Huesca	05	América del Norte	301	Canadá	Hombres	3
2014	22	Huesca	05	América del Norte	301	Canadá	Mujeres	1
2014	22	Huesca	05	América del Norte	302	Estados Unidos de América	Hombres	22
2014	22	Huesca	05	América del Norte	302	Estados Unidos de América	Mujeres	31
2014	22	Huesca	06	Resto de América	303	México	Hombres	29
2014	22	Huesca	06	Resto de América	303	México	Mujeres	33
2014	22	Huesca	06	Resto de América	314	Costa Rica	Hombres	3
2014	22	Huesca	06	Resto de América	314	Costa Rica	Mujeres	1
2014	22	Huesca	06	Resto de América	315	Cuba	Hombres	62
2014	22	Huesca	06	Resto de América	315	Cuba	Mujeres	100
2014	22	Huesca	06	Resto de América	316	Dominica	Mujeres	2
2014	22	Huesca	06	Resto de América	317	El Salvador	Mujeres	15
2014	22	Huesca	06	Resto de América	319	Guatemala	Hombres	5
2014	22	Huesca	06	Resto de América	319	Guatemala	Mujeres	13
2014	22	Huesca	06	Resto de América	320	Haití	Mujeres	1
2014	22	Huesca	06	Resto de América	321	Honduras	Hombres	24
2014	22	Huesca	06	Resto de América	321	Honduras	Mujeres	69
2014	22	Huesca	06	Resto de América	323	Nicaragua	Hombres	25
2014	22	Huesca	06	Resto de América	323	Nicaragua	Mujeres	193
2014	22	Huesca	06	Resto de América	324	Panamá	Hombres	1
2014	22	Huesca	06	Resto de América	324	Panamá	Mujeres	4
2014	22	Huesca	06	Resto de América	326	República Dominicana	Hombres	167
2014	22	Huesca	06	Resto de América	326	República Dominicana	Mujeres	266
2014	22	Huesca	06	Resto de América	340	Argentina	Hombres	126
2014	22	Huesca	06	Resto de América	340	Argentina	Mujeres	137
2014	22	Huesca	06	Resto de América	341	Bolivia	Hombres	85
2014	22	Huesca	06	Resto de América	341	Bolivia	Mujeres	124
2014	22	Huesca	06	Resto de América	342	Brasil	Hombres	55
2014	22	Huesca	06	Resto de América	342	Brasil	Mujeres	172
2014	22	Huesca	06	Resto de América	343	Colombia	Hombres	251
2014	22	Huesca	06	Resto de América	343	Colombia	Mujeres	301
2014	22	Huesca	06	Resto de América	344	Chile	Hombres	44
2014	22	Huesca	06	Resto de América	344	Chile	Mujeres	44
2014	22	Huesca	06	Resto de América	345	Ecuador	Hombres	287
2014	22	Huesca	06	Resto de América	345	Ecuador	Mujeres	233
2014	22	Huesca	06	Resto de América	347	Paraguay	Hombres	13
2014	22	Huesca	06	Resto de América	347	Paraguay	Mujeres	44
2014	22	Huesca	06	Resto de América	348	Perú	Hombres	61
2014	22	Huesca	06	Resto de América	348	Perú	Mujeres	82
2014	22	Huesca	06	Resto de América	350	Uruguay	Hombres	44
2014	22	Huesca	06	Resto de América	350	Uruguay	Mujeres	47
2014	22	Huesca	06	Resto de América	351	Venezuela	Hombres	44
2014	22	Huesca	06	Resto de América	351	Venezuela	Mujeres	73
2014	22	Huesca	07	Asia	404	Bangladesh	Hombres	2
2014	22	Huesca	07	Asia	404	Bangladesh	Mujeres	1
2014	22	Huesca	07	Asia	407	China	Hombres	189
2014	22	Huesca	07	Asia	407	China	Mujeres	184
2014	22	Huesca	07	Asia	409	Filipinas	Hombres	2
2014	22	Huesca	07	Asia	409	Filipinas	Mujeres	4
2014	22	Huesca	07	Asia	410	India	Hombres	11
2014	22	Huesca	07	Asia	410	India	Mujeres	7
2014	22	Huesca	07	Asia	411	Indonesia	Hombres	1
2014	22	Huesca	07	Asia	413	Irán	Mujeres	1
2014	22	Huesca	07	Asia	414	Israel	Hombres	1
2014	22	Huesca	07	Asia	415	Japón	Hombres	2
2014	22	Huesca	07	Asia	415	Japón	Mujeres	6
2014	22	Huesca	07	Asia	419	Laos	Mujeres	1
2014	22	Huesca	07	Asia	420	Líbano	Hombres	4
2014	22	Huesca	07	Asia	421	Malasia	Hombres	1
2014	22	Huesca	07	Asia	423	Mongolia	Mujeres	2
2014	22	Huesca	07	Asia	424	Nepal	Mujeres	1
2014	22	Huesca	07	Asia	426	Pakistán	Hombres	83
2014	22	Huesca	07	Asia	426	Pakistán	Mujeres	25
2014	22	Huesca	07	Asia	430	República de Corea	Mujeres	1
2014	22	Huesca	07	Asia	433	Siria	Hombres	2
2014	22	Huesca	07	Asia	433	Siria	Mujeres	2
2014	22	Huesca	07	Asia	435	Tailandia	Mujeres	8
2014	22	Huesca	07	Asia	437	Vietnam	Mujeres	2
2014	22	Huesca	07	Asia	448	Bhután	Hombres	2
2014	22	Huesca	07	Asia	499	Países sin relaciones diplomáticas	Hombres	5
2014	22	Huesca	07	Asia	499	Países sin relaciones diplomáticas	Mujeres	4
2014	22	Huesca	08	Oceanía	501	Australia	Hombres	2
2014	22	Huesca	08	Oceanía	501	Australia	Mujeres	3
2014	22	Huesca	08	Oceanía	511	Micronesia	Mujeres	4
2014	22	Huesca	08	Oceanía	513	Islas Cook	Hombres	1
2014	22	Huesca	08	Oceanía	516	Palaos	Hombres	10
2014	22	Huesca	08	Oceanía	516	Palaos	Mujeres	11
2014	44	Teruel	01	UE-28	102	Austria	Hombres	3
2014	44	Teruel	01	UE-28	103	Bélgica	Hombres	5
2014	44	Teruel	01	UE-28	103	Bélgica	Mujeres	8
2014	44	Teruel	01	UE-28	104	Bulgaria	Hombres	142
2014	44	Teruel	01	UE-28	104	Bulgaria	Mujeres	136
2014	44	Teruel	01	UE-28	106	Chipre	Mujeres	1
2014	44	Teruel	01	UE-28	109	Finlandia	Mujeres	1
2014	44	Teruel	01	UE-28	110	Francia	Hombres	45
2014	44	Teruel	01	UE-28	110	Francia	Mujeres	49
2014	44	Teruel	01	UE-28	111	Grecia	Hombres	2
2014	44	Teruel	01	UE-28	111	Grecia	Mujeres	1
2014	44	Teruel	01	UE-28	112	Hungría	Hombres	7
2014	44	Teruel	01	UE-28	112	Hungría	Mujeres	9
2014	44	Teruel	01	UE-28	113	Irlanda	Hombres	7
2014	44	Teruel	01	UE-28	113	Irlanda	Mujeres	4
2014	44	Teruel	01	UE-28	115	Italia	Hombres	64
2014	44	Teruel	01	UE-28	115	Italia	Mujeres	42
2014	44	Teruel	01	UE-28	121	Países Bajos	Hombres	20
2014	44	Teruel	01	UE-28	121	Países Bajos	Mujeres	19
2014	44	Teruel	01	UE-28	122	Polonia	Hombres	361
2014	44	Teruel	01	UE-28	122	Polonia	Mujeres	288
2014	44	Teruel	01	UE-28	123	Portugal	Hombres	141
2014	44	Teruel	01	UE-28	123	Portugal	Mujeres	80
2014	44	Teruel	01	UE-28	125	Reino Unido	Hombres	66
2014	44	Teruel	01	UE-28	125	Reino Unido	Mujeres	58
2014	44	Teruel	01	UE-28	126	Alemania	Hombres	40
2014	44	Teruel	01	UE-28	126	Alemania	Mujeres	28
2014	44	Teruel	01	UE-28	128	Rumanía	Hombres	3139
2014	44	Teruel	01	UE-28	128	Rumanía	Mujeres	3053
2014	44	Teruel	01	UE-28	131	Suecia	Hombres	3
2014	44	Teruel	01	UE-28	131	Suecia	Mujeres	2
2014	44	Teruel	01	UE-28	136	Letonia	Hombres	4
2014	44	Teruel	01	UE-28	136	Letonia	Mujeres	6
2014	44	Teruel	01	UE-28	142	Lituania	Hombres	7
2014	44	Teruel	01	UE-28	142	Lituania	Mujeres	14
2014	44	Teruel	01	UE-28	143	República Checa	Hombres	19
2014	44	Teruel	01	UE-28	143	República Checa	Mujeres	16
2014	44	Teruel	01	UE-28	144	Eslovaquia	Mujeres	1
2014	44	Teruel	02	Resto de Europa	101	Albania	Hombres	2
2014	44	Teruel	02	Resto de Europa	101	Albania	Mujeres	4
2014	44	Teruel	02	Resto de Europa	114	Islandia	Hombres	1
2014	44	Teruel	02	Resto de Europa	132	Suiza	Hombres	1
2014	44	Teruel	02	Resto de Europa	132	Suiza	Mujeres	5
2014	44	Teruel	02	Resto de Europa	135	Ucrania	Hombres	94
2014	44	Teruel	02	Resto de Europa	135	Ucrania	Mujeres	90
2014	44	Teruel	02	Resto de Europa	137	Moldova	Hombres	15
2014	44	Teruel	02	Resto de Europa	137	Moldova	Mujeres	19
2014	44	Teruel	02	Resto de Europa	138	Bielorrusia	Hombres	1
2014	44	Teruel	02	Resto de Europa	138	Bielorrusia	Mujeres	3
2014	44	Teruel	02	Resto de Europa	139	Georgia	Hombres	1
2014	44	Teruel	02	Resto de Europa	139	Georgia	Mujeres	1
2014	44	Teruel	02	Resto de Europa	145	Bosnia-Herzegovina	Hombres	1
2014	44	Teruel	02	Resto de Europa	148	Armenia	Hombres	3
2014	44	Teruel	02	Resto de Europa	148	Armenia	Mujeres	4
2014	44	Teruel	02	Resto de Europa	154	Rusia	Hombres	7
2014	44	Teruel	02	Resto de Europa	154	Rusia	Mujeres	18
2014	44	Teruel	02	Resto de Europa	157	Serbia	Hombres	1
2014	44	Teruel	02	Resto de Europa	436	Turquía	Hombres	5
2014	44	Teruel	02	Resto de Europa	436	Turquía	Mujeres	8
2014	44	Teruel	03	Magreb	203	Argelia	Hombres	114
2014	44	Teruel	03	Magreb	203	Argelia	Mujeres	64
2014	44	Teruel	03	Magreb	228	Marruecos	Hombres	2708
2014	44	Teruel	03	Magreb	228	Marruecos	Mujeres	1760
2014	44	Teruel	03	Magreb	248	Túnez	Mujeres	1
2014	44	Teruel	04	Resto de África	207	Cabo Verde	Hombres	16
2014	44	Teruel	04	Resto de África	207	Cabo Verde	Mujeres	17
2014	44	Teruel	04	Resto de África	208	Camerún	Hombres	2
2014	44	Teruel	04	Resto de África	208	Camerún	Mujeres	6
2014	44	Teruel	04	Resto de África	213	Egipto	Hombres	3
2014	44	Teruel	04	Resto de África	214	Etiopía	Hombres	1
2014	44	Teruel	04	Resto de África	216	Gambia	Hombres	26
2014	44	Teruel	04	Resto de África	216	Gambia	Mujeres	15
2014	44	Teruel	04	Resto de África	217	Ghana	Hombres	10
2014	44	Teruel	04	Resto de África	217	Ghana	Mujeres	4
2014	44	Teruel	04	Resto de África	218	Guinea	Hombres	1
2014	44	Teruel	04	Resto de África	219	Guinea Bissau	Hombres	1
2014	44	Teruel	04	Resto de África	220	Guinea Ecuatorial	Hombres	2
2014	44	Teruel	04	Resto de África	220	Guinea Ecuatorial	Mujeres	2
2014	44	Teruel	04	Resto de África	221	Kenia	Mujeres	1
2014	44	Teruel	04	Resto de África	227	Mali	Hombres	18
2014	44	Teruel	04	Resto de África	227	Mali	Mujeres	3
2014	44	Teruel	04	Resto de África	234	Nigeria	Hombres	2
2014	44	Teruel	04	Resto de África	234	Nigeria	Mujeres	1
2014	44	Teruel	04	Resto de África	237	Ruanda	Hombres	1
2014	44	Teruel	04	Resto de África	239	Senegal	Hombres	34
2014	44	Teruel	04	Resto de África	239	Senegal	Mujeres	13
2014	44	Teruel	04	Resto de África	241	Sierra Leona	Hombres	1
2014	44	Teruel	05	América del Norte	301	Canadá	Hombres	3
2014	44	Teruel	05	América del Norte	302	Estados Unidos de América	Hombres	9
2014	44	Teruel	05	América del Norte	302	Estados Unidos de América	Mujeres	13
2014	44	Teruel	06	Resto de América	303	México	Hombres	5
2014	44	Teruel	06	Resto de América	303	México	Mujeres	12
2014	44	Teruel	06	Resto de América	314	Costa Rica	Mujeres	1
2014	44	Teruel	06	Resto de América	315	Cuba	Hombres	45
2014	44	Teruel	06	Resto de América	315	Cuba	Mujeres	71
2014	44	Teruel	06	Resto de América	316	Dominica	Hombres	1
2014	44	Teruel	06	Resto de América	317	El Salvador	Hombres	4
2014	44	Teruel	06	Resto de América	317	El Salvador	Mujeres	4
2014	44	Teruel	06	Resto de América	319	Guatemala	Mujeres	2
2014	44	Teruel	06	Resto de América	320	Haití	Hombres	2
2014	44	Teruel	06	Resto de América	320	Haití	Mujeres	2
2014	44	Teruel	06	Resto de América	321	Honduras	Hombres	3
2014	44	Teruel	06	Resto de América	321	Honduras	Mujeres	7
2014	44	Teruel	06	Resto de América	323	Nicaragua	Hombres	2
2014	44	Teruel	06	Resto de América	323	Nicaragua	Mujeres	29
2014	44	Teruel	06	Resto de América	324	Panamá	Mujeres	1
2014	44	Teruel	06	Resto de América	326	República Dominicana	Hombres	109
2014	44	Teruel	06	Resto de América	326	República Dominicana	Mujeres	175
2014	44	Teruel	06	Resto de América	340	Argentina	Hombres	70
2014	44	Teruel	06	Resto de América	340	Argentina	Mujeres	85
2014	44	Teruel	06	Resto de América	341	Bolivia	Hombres	24
2014	44	Teruel	06	Resto de América	341	Bolivia	Mujeres	26
2014	44	Teruel	06	Resto de América	342	Brasil	Hombres	55
2014	44	Teruel	06	Resto de América	342	Brasil	Mujeres	162
2014	44	Teruel	06	Resto de América	343	Colombia	Hombres	232
2014	44	Teruel	06	Resto de América	343	Colombia	Mujeres	260
2014	44	Teruel	06	Resto de América	344	Chile	Hombres	25
2014	44	Teruel	06	Resto de América	344	Chile	Mujeres	31
2014	44	Teruel	06	Resto de América	345	Ecuador	Hombres	59
2014	44	Teruel	06	Resto de América	345	Ecuador	Mujeres	54
2014	44	Teruel	06	Resto de América	347	Paraguay	Hombres	17
2014	44	Teruel	06	Resto de América	347	Paraguay	Mujeres	17
2014	44	Teruel	06	Resto de América	348	Perú	Hombres	73
2014	44	Teruel	06	Resto de América	348	Perú	Mujeres	87
2014	44	Teruel	06	Resto de América	350	Uruguay	Hombres	18
2014	44	Teruel	06	Resto de América	350	Uruguay	Mujeres	20
2014	44	Teruel	06	Resto de América	351	Venezuela	Hombres	12
2014	44	Teruel	06	Resto de América	351	Venezuela	Mujeres	19
2014	44	Teruel	07	Asia	404	Bangladesh	Hombres	2
2014	44	Teruel	07	Asia	407	China	Hombres	70
2014	44	Teruel	07	Asia	407	China	Mujeres	57
2014	44	Teruel	07	Asia	409	Filipinas	Mujeres	3
2014	44	Teruel	07	Asia	410	India	Hombres	8
2014	44	Teruel	07	Asia	410	India	Mujeres	2
2014	44	Teruel	07	Asia	413	Irán	Hombres	1
2014	44	Teruel	07	Asia	414	Israel	Hombres	1
2014	44	Teruel	07	Asia	416	Jordania	Hombres	1
2014	44	Teruel	07	Asia	420	Líbano	Hombres	1
2014	44	Teruel	07	Asia	421	Malasia	Hombres	1
2014	44	Teruel	07	Asia	426	Pakistán	Hombres	323
2014	44	Teruel	07	Asia	426	Pakistán	Mujeres	180
2014	44	Teruel	07	Asia	433	Siria	Hombres	1
2014	44	Teruel	07	Asia	433	Siria	Mujeres	1
2014	44	Teruel	07	Asia	434	Sri-Lanka	Hombres	1
2014	44	Teruel	07	Asia	435	Tailandia	Mujeres	2
2014	44	Teruel	07	Asia	443	Kazajstan	Hombres	2
2014	44	Teruel	07	Asia	443	Kazajstan	Mujeres	3
2014	44	Teruel	07	Asia	444	Kirgvistan	Mujeres	1
2014	44	Teruel	08	Oceanía	501	Australia	Hombres	1
2014	44	Teruel	08	Oceanía	501	Australia	Mujeres	3
2014	44	Teruel	08	Oceanía	504	Nueva Zelanda	Hombres	1
2014	44	Teruel	08	Oceanía	513	Islas Cook	Hombres	1
2014	50	Zaragoza	01	UE-28	102	Austria	Hombres	27
2014	50	Zaragoza	01	UE-28	102	Austria	Mujeres	20
2014	50	Zaragoza	01	UE-28	103	Bélgica	Hombres	45
2014	50	Zaragoza	01	UE-28	103	Bélgica	Mujeres	43
2014	50	Zaragoza	01	UE-28	104	Bulgaria	Hombres	1551
2014	50	Zaragoza	01	UE-28	104	Bulgaria	Mujeres	1354
2014	50	Zaragoza	01	UE-28	106	Chipre	Hombres	1
2014	50	Zaragoza	01	UE-28	106	Chipre	Mujeres	2
2014	50	Zaragoza	01	UE-28	107	Dinamarca	Hombres	23
2014	50	Zaragoza	01	UE-28	107	Dinamarca	Mujeres	8
2014	50	Zaragoza	01	UE-28	109	Finlandia	Hombres	7
2014	50	Zaragoza	01	UE-28	109	Finlandia	Mujeres	15
2014	50	Zaragoza	01	UE-28	110	Francia	Hombres	422
2014	50	Zaragoza	01	UE-28	110	Francia	Mujeres	481
2014	50	Zaragoza	01	UE-28	111	Grecia	Hombres	14
2014	50	Zaragoza	01	UE-28	111	Grecia	Mujeres	26
2014	50	Zaragoza	01	UE-28	112	Hungría	Hombres	38
2014	50	Zaragoza	01	UE-28	112	Hungría	Mujeres	53
2014	50	Zaragoza	01	UE-28	113	Irlanda	Hombres	29
2014	50	Zaragoza	01	UE-28	113	Irlanda	Mujeres	28
2014	50	Zaragoza	01	UE-28	115	Italia	Hombres	678
2014	50	Zaragoza	01	UE-28	115	Italia	Mujeres	464
2014	50	Zaragoza	01	UE-28	117	Luxemburgo	Mujeres	1
2014	50	Zaragoza	01	UE-28	121	Países Bajos	Hombres	130
2014	50	Zaragoza	01	UE-28	121	Países Bajos	Mujeres	96
2014	50	Zaragoza	01	UE-28	122	Polonia	Hombres	846
2014	50	Zaragoza	01	UE-28	122	Polonia	Mujeres	853
2014	50	Zaragoza	01	UE-28	123	Portugal	Hombres	1151
2014	50	Zaragoza	01	UE-28	123	Portugal	Mujeres	686
2014	50	Zaragoza	01	UE-28	125	Reino Unido	Hombres	246
2014	50	Zaragoza	01	UE-28	125	Reino Unido	Mujeres	168
2014	50	Zaragoza	01	UE-28	126	Alemania	Hombres	199
2014	50	Zaragoza	01	UE-28	126	Alemania	Mujeres	188
2014	50	Zaragoza	01	UE-28	128	Rumanía	Hombres	19683
2014	50	Zaragoza	01	UE-28	128	Rumanía	Mujeres	19292
2014	50	Zaragoza	01	UE-28	131	Suecia	Hombres	18
2014	50	Zaragoza	01	UE-28	131	Suecia	Mujeres	19
2014	50	Zaragoza	01	UE-28	136	Letonia	Hombres	21
2014	50	Zaragoza	01	UE-28	136	Letonia	Mujeres	24
2014	50	Zaragoza	01	UE-28	141	Estonia	Hombres	3
2014	50	Zaragoza	01	UE-28	141	Estonia	Mujeres	5
2014	50	Zaragoza	01	UE-28	142	Lituania	Hombres	52
2014	50	Zaragoza	01	UE-28	142	Lituania	Mujeres	75
2014	50	Zaragoza	01	UE-28	143	República Checa	Hombres	47
2014	50	Zaragoza	01	UE-28	143	República Checa	Mujeres	53
2014	50	Zaragoza	01	UE-28	144	Eslovaquia	Hombres	38
2014	50	Zaragoza	01	UE-28	144	Eslovaquia	Mujeres	42
2014	50	Zaragoza	01	UE-28	146	Croacia	Hombres	7
2014	50	Zaragoza	01	UE-28	146	Croacia	Mujeres	10
2014	50	Zaragoza	01	UE-28	147	Eslovenia	Hombres	3
2014	50	Zaragoza	01	UE-28	147	Eslovenia	Mujeres	12
2014	50	Zaragoza	02	Resto de Europa	101	Albania	Hombres	14
2014	50	Zaragoza	02	Resto de Europa	101	Albania	Mujeres	21
2014	50	Zaragoza	02	Resto de Europa	114	Islandia	Hombres	2
2014	50	Zaragoza	02	Resto de Europa	120	Noruega	Hombres	9
2014	50	Zaragoza	02	Resto de Europa	120	Noruega	Mujeres	8
2014	50	Zaragoza	02	Resto de Europa	124	Andorra	Hombres	4
2014	50	Zaragoza	02	Resto de Europa	124	Andorra	Mujeres	4
2014	50	Zaragoza	02	Resto de Europa	132	Suiza	Hombres	14
2014	50	Zaragoza	02	Resto de Europa	132	Suiza	Mujeres	12
2014	50	Zaragoza	02	Resto de Europa	135	Ucrania	Hombres	556
2014	50	Zaragoza	02	Resto de Europa	135	Ucrania	Mujeres	770
2014	50	Zaragoza	02	Resto de Europa	137	Moldova	Hombres	126
2014	50	Zaragoza	02	Resto de Europa	137	Moldova	Mujeres	160
2014	50	Zaragoza	02	Resto de Europa	138	Bielorrusia	Hombres	25
2014	50	Zaragoza	02	Resto de Europa	138	Bielorrusia	Mujeres	52
2014	50	Zaragoza	02	Resto de Europa	139	Georgia	Hombres	36
2014	50	Zaragoza	02	Resto de Europa	139	Georgia	Mujeres	21
2014	50	Zaragoza	02	Resto de Europa	145	Bosnia-Herzegovina	Hombres	12
2014	50	Zaragoza	02	Resto de Europa	145	Bosnia-Herzegovina	Mujeres	22
2014	50	Zaragoza	02	Resto de Europa	148	Armenia	Hombres	36
2014	50	Zaragoza	02	Resto de Europa	148	Armenia	Mujeres	44
2014	50	Zaragoza	02	Resto de Europa	154	Rusia	Hombres	133
2014	50	Zaragoza	02	Resto de Europa	154	Rusia	Mujeres	534
2014	50	Zaragoza	02	Resto de Europa	156	Macedonia	Hombres	1
2014	50	Zaragoza	02	Resto de Europa	156	Macedonia	Mujeres	1
2014	50	Zaragoza	02	Resto de Europa	157	Serbia	Hombres	18
2014	50	Zaragoza	02	Resto de Europa	157	Serbia	Mujeres	15
2014	50	Zaragoza	02	Resto de Europa	158	Montenegro	Hombres	1
2014	50	Zaragoza	02	Resto de Europa	199	Países sin relaciones diplomáticas	Mujeres	1
2014	50	Zaragoza	02	Resto de Europa	436	Turquía	Hombres	32
2014	50	Zaragoza	02	Resto de Europa	436	Turquía	Mujeres	19
2014	50	Zaragoza	03	Magreb	203	Argelia	Hombres	2969
2014	50	Zaragoza	03	Magreb	203	Argelia	Mujeres	1555
2014	50	Zaragoza	03	Magreb	224	Libia	Hombres	5
2014	50	Zaragoza	03	Magreb	228	Marruecos	Hombres	6701
2014	50	Zaragoza	03	Magreb	228	Marruecos	Mujeres	4762
2014	50	Zaragoza	03	Magreb	230	Mauritania	Hombres	209
2014	50	Zaragoza	03	Magreb	230	Mauritania	Mujeres	46
2014	50	Zaragoza	03	Magreb	248	Túnez	Hombres	44
2014	50	Zaragoza	03	Magreb	248	Túnez	Mujeres	25
2014	50	Zaragoza	04	Resto de África	201	Burkina Fasso	Hombres	44
2014	50	Zaragoza	04	Resto de África	201	Burkina Fasso	Mujeres	18
2014	50	Zaragoza	04	Resto de África	202	Angola	Hombres	29
2014	50	Zaragoza	04	Resto de África	202	Angola	Mujeres	13
2014	50	Zaragoza	04	Resto de África	204	Benin	Hombres	7
2014	50	Zaragoza	04	Resto de África	204	Benin	Mujeres	3
2014	50	Zaragoza	04	Resto de África	206	Burundi	Hombres	2
2014	50	Zaragoza	04	Resto de África	206	Burundi	Mujeres	1
2014	50	Zaragoza	04	Resto de África	207	Cabo Verde	Hombres	161
2014	50	Zaragoza	04	Resto de África	207	Cabo Verde	Mujeres	155
2014	50	Zaragoza	04	Resto de África	208	Camerún	Hombres	142
2014	50	Zaragoza	04	Resto de África	208	Camerún	Mujeres	100
2014	50	Zaragoza	04	Resto de África	210	Congo	Hombres	31
2014	50	Zaragoza	04	Resto de África	210	Congo	Mujeres	11
2014	50	Zaragoza	04	Resto de África	211	Costa de Marfil	Hombres	46
2014	50	Zaragoza	04	Resto de África	211	Costa de Marfil	Mujeres	33
2014	50	Zaragoza	04	Resto de África	213	Egipto	Hombres	79
2014	50	Zaragoza	04	Resto de África	213	Egipto	Mujeres	59
2014	50	Zaragoza	04	Resto de África	214	Etiopía	Hombres	3
2014	50	Zaragoza	04	Resto de África	214	Etiopía	Mujeres	4
2014	50	Zaragoza	04	Resto de África	215	Gabón	Hombres	6
2014	50	Zaragoza	04	Resto de África	215	Gabón	Mujeres	5
2014	50	Zaragoza	04	Resto de África	216	Gambia	Hombres	1076
2014	50	Zaragoza	04	Resto de África	216	Gambia	Mujeres	470
2014	50	Zaragoza	04	Resto de África	217	Ghana	Hombres	1296
2014	50	Zaragoza	04	Resto de África	217	Ghana	Mujeres	467
2014	50	Zaragoza	04	Resto de África	218	Guinea	Hombres	282
2014	50	Zaragoza	04	Resto de África	218	Guinea	Mujeres	343
2014	50	Zaragoza	04	Resto de África	219	Guinea Bissau	Hombres	65
2014	50	Zaragoza	04	Resto de África	219	Guinea Bissau	Mujeres	26
2014	50	Zaragoza	04	Resto de África	220	Guinea Ecuatorial	Hombres	236
2014	50	Zaragoza	04	Resto de África	220	Guinea Ecuatorial	Mujeres	403
2014	50	Zaragoza	04	Resto de África	221	Kenia	Hombres	4
2014	50	Zaragoza	04	Resto de África	221	Kenia	Mujeres	12
2014	50	Zaragoza	04	Resto de África	223	Liberia	Hombres	5
2014	50	Zaragoza	04	Resto de África	227	Mali	Hombres	606
2014	50	Zaragoza	04	Resto de África	227	Mali	Mujeres	142
2014	50	Zaragoza	04	Resto de África	229	Mauricio	Mujeres	1
2014	50	Zaragoza	04	Resto de África	231	Mozambique	Hombres	1
2014	50	Zaragoza	04	Resto de África	231	Mozambique	Mujeres	2
2014	50	Zaragoza	04	Resto de África	233	Níger	Hombres	12
2014	50	Zaragoza	04	Resto de África	233	Níger	Mujeres	5
2014	50	Zaragoza	04	Resto de África	234	Nigeria	Hombres	384
2014	50	Zaragoza	04	Resto de África	234	Nigeria	Mujeres	413
2014	50	Zaragoza	04	Resto de África	235	República Centroafricana	Hombres	3
2014	50	Zaragoza	04	Resto de África	235	República Centroafricana	Mujeres	3
2014	50	Zaragoza	04	Resto de África	236	Sudáfrica	Hombres	3
2014	50	Zaragoza	04	Resto de África	236	Sudáfrica	Mujeres	4
2014	50	Zaragoza	04	Resto de África	238	Santo Tome y Príncipe	Hombres	1
2014	50	Zaragoza	04	Resto de África	239	Senegal	Hombres	2222
2014	50	Zaragoza	04	Resto de África	239	Senegal	Mujeres	551
2014	50	Zaragoza	04	Resto de África	241	Sierra Leona	Hombres	7
2014	50	Zaragoza	04	Resto de África	241	Sierra Leona	Mujeres	6
2014	50	Zaragoza	04	Resto de África	243	Sudán	Hombres	11
2014	50	Zaragoza	04	Resto de África	243	Sudán	Mujeres	3
2014	50	Zaragoza	04	Resto de África	245	Tanzania	Mujeres	1
2014	50	Zaragoza	04	Resto de África	246	Chad	Hombres	3
2014	50	Zaragoza	04	Resto de África	246	Chad	Mujeres	1
2014	50	Zaragoza	04	Resto de África	247	Togo	Hombres	14
2014	50	Zaragoza	04	Resto de África	247	Togo	Mujeres	7
2014	50	Zaragoza	04	Resto de África	249	Uganda	Mujeres	1
2014	50	Zaragoza	04	Resto de África	250	Rep. Democrática del Congo	Hombres	38
2014	50	Zaragoza	04	Resto de África	250	Rep. Democrática del Congo	Mujeres	26
2014	50	Zaragoza	04	Resto de África	251	Zambia	Mujeres	1
2014	50	Zaragoza	04	Resto de África	252	Zimbabwe	Mujeres	1
2014	50	Zaragoza	05	América del Norte	301	Canadá	Hombres	12
2014	50	Zaragoza	05	América del Norte	301	Canadá	Mujeres	18
2014	50	Zaragoza	05	América del Norte	302	Estados Unidos de América	Hombres	203
2014	50	Zaragoza	05	América del Norte	302	Estados Unidos de América	Mujeres	144
2014	50	Zaragoza	06	Resto de América	303	México	Hombres	99
2014	50	Zaragoza	06	Resto de América	303	México	Mujeres	176
2014	50	Zaragoza	06	Resto de América	314	Costa Rica	Hombres	19
2014	50	Zaragoza	06	Resto de América	314	Costa Rica	Mujeres	11
2014	50	Zaragoza	06	Resto de América	315	Cuba	Hombres	363
2014	50	Zaragoza	06	Resto de América	315	Cuba	Mujeres	529
2014	50	Zaragoza	06	Resto de América	316	Dominica	Hombres	2
2014	50	Zaragoza	06	Resto de América	316	Dominica	Mujeres	8
2014	50	Zaragoza	06	Resto de América	317	El Salvador	Hombres	91
2014	50	Zaragoza	06	Resto de América	317	El Salvador	Mujeres	160
2014	50	Zaragoza	06	Resto de América	319	Guatemala	Hombres	38
2014	50	Zaragoza	06	Resto de América	319	Guatemala	Mujeres	62
2014	50	Zaragoza	06	Resto de América	320	Haití	Hombres	4
2014	50	Zaragoza	06	Resto de América	320	Haití	Mujeres	4
2014	50	Zaragoza	06	Resto de América	321	Honduras	Hombres	255
2014	50	Zaragoza	06	Resto de América	321	Honduras	Mujeres	549
2014	50	Zaragoza	06	Resto de América	322	Jamaica	Mujeres	1
2014	50	Zaragoza	06	Resto de América	323	Nicaragua	Hombres	890
2014	50	Zaragoza	06	Resto de América	323	Nicaragua	Mujeres	2764
2014	50	Zaragoza	06	Resto de América	324	Panamá	Hombres	16
2014	50	Zaragoza	06	Resto de América	324	Panamá	Mujeres	19
2014	50	Zaragoza	06	Resto de América	326	República Dominicana	Hombres	864
2014	50	Zaragoza	06	Resto de América	326	República Dominicana	Mujeres	1043
2014	50	Zaragoza	06	Resto de América	327	Trinidad y Tobago	Mujeres	1
2014	50	Zaragoza	06	Resto de América	340	Argentina	Hombres	355
2014	50	Zaragoza	06	Resto de América	340	Argentina	Mujeres	442
2014	50	Zaragoza	06	Resto de América	341	Bolivia	Hombres	228
2014	50	Zaragoza	06	Resto de América	341	Bolivia	Mujeres	279
2014	50	Zaragoza	06	Resto de América	342	Brasil	Hombres	374
2014	50	Zaragoza	06	Resto de América	342	Brasil	Mujeres	974
2014	50	Zaragoza	06	Resto de América	343	Colombia	Hombres	1717
2014	50	Zaragoza	06	Resto de América	343	Colombia	Mujeres	2250
2014	50	Zaragoza	06	Resto de América	344	Chile	Hombres	190
2014	50	Zaragoza	06	Resto de América	344	Chile	Mujeres	216
2014	50	Zaragoza	06	Resto de América	345	Ecuador	Hombres	2658
2014	50	Zaragoza	06	Resto de América	345	Ecuador	Mujeres	2576
2014	50	Zaragoza	06	Resto de América	347	Paraguay	Hombres	66
2014	50	Zaragoza	06	Resto de América	347	Paraguay	Mujeres	176
2014	50	Zaragoza	06	Resto de América	348	Perú	Hombres	659
2014	50	Zaragoza	06	Resto de América	348	Perú	Mujeres	735
2014	50	Zaragoza	06	Resto de América	349	Surinam	Mujeres	1
2014	50	Zaragoza	06	Resto de América	350	Uruguay	Hombres	140
2014	50	Zaragoza	06	Resto de América	350	Uruguay	Mujeres	128
2014	50	Zaragoza	06	Resto de América	351	Venezuela	Hombres	243
2014	50	Zaragoza	06	Resto de América	351	Venezuela	Mujeres	392
2014	50	Zaragoza	07	Asia	402	Arabia Saudí	Hombres	1
2014	50	Zaragoza	07	Asia	404	Bangladesh	Hombres	18
2014	50	Zaragoza	07	Asia	404	Bangladesh	Mujeres	5
2014	50	Zaragoza	07	Asia	405	Myanmar (Birmania)	Hombres	1
2014	50	Zaragoza	07	Asia	407	China	Hombres	2585
2014	50	Zaragoza	07	Asia	407	China	Mujeres	2386
2014	50	Zaragoza	07	Asia	409	Filipinas	Hombres	6
2014	50	Zaragoza	07	Asia	409	Filipinas	Mujeres	21
2014	50	Zaragoza	07	Asia	410	India	Hombres	88
2014	50	Zaragoza	07	Asia	410	India	Mujeres	40
2014	50	Zaragoza	07	Asia	411	Indonesia	Hombres	1
2014	50	Zaragoza	07	Asia	411	Indonesia	Mujeres	7
2014	50	Zaragoza	07	Asia	412	Irak	Hombres	4
2014	50	Zaragoza	07	Asia	412	Irak	Mujeres	1
2014	50	Zaragoza	07	Asia	413	Irán	Hombres	10
2014	50	Zaragoza	07	Asia	413	Irán	Mujeres	5
2014	50	Zaragoza	07	Asia	414	Israel	Hombres	8
2014	50	Zaragoza	07	Asia	414	Israel	Mujeres	5
2014	50	Zaragoza	07	Asia	415	Japón	Hombres	14
2014	50	Zaragoza	07	Asia	415	Japón	Mujeres	23
2014	50	Zaragoza	07	Asia	416	Jordania	Hombres	18
2014	50	Zaragoza	07	Asia	416	Jordania	Mujeres	10
2014	50	Zaragoza	07	Asia	418	Kuwait	Hombres	1
2014	50	Zaragoza	07	Asia	418	Kuwait	Mujeres	3
2014	50	Zaragoza	07	Asia	420	Líbano	Hombres	5
2014	50	Zaragoza	07	Asia	420	Líbano	Mujeres	9
2014	50	Zaragoza	07	Asia	421	Malasia	Hombres	4
2014	50	Zaragoza	07	Asia	421	Malasia	Mujeres	3
2014	50	Zaragoza	07	Asia	423	Mongolia	Hombres	1
2014	50	Zaragoza	07	Asia	423	Mongolia	Mujeres	3
2014	50	Zaragoza	07	Asia	424	Nepal	Hombres	16
2014	50	Zaragoza	07	Asia	424	Nepal	Mujeres	1
2014	50	Zaragoza	07	Asia	426	Pakistán	Hombres	1019
2014	50	Zaragoza	07	Asia	426	Pakistán	Mujeres	243
2014	50	Zaragoza	07	Asia	430	República de Corea	Hombres	9
2014	50	Zaragoza	07	Asia	430	República de Corea	Mujeres	8
2014	50	Zaragoza	07	Asia	432	Singapur	Mujeres	1
2014	50	Zaragoza	07	Asia	433	Siria	Hombres	28
2014	50	Zaragoza	07	Asia	433	Siria	Mujeres	13
2014	50	Zaragoza	07	Asia	434	Sri-Lanka	Mujeres	1
2014	50	Zaragoza	07	Asia	435	Tailandia	Hombres	1
2014	50	Zaragoza	07	Asia	435	Tailandia	Mujeres	6
2014	50	Zaragoza	07	Asia	437	Vietnam	Hombres	4
2014	50	Zaragoza	07	Asia	437	Vietnam	Mujeres	6
2014	50	Zaragoza	07	Asia	442	Azerbaiyan	Hombres	2
2014	50	Zaragoza	07	Asia	443	Kazajstan	Hombres	4
2014	50	Zaragoza	07	Asia	443	Kazajstan	Mujeres	7
2014	50	Zaragoza	07	Asia	444	Kirgvistan	Hombres	1
2014	50	Zaragoza	07	Asia	444	Kirgvistan	Mujeres	11
2014	50	Zaragoza	07	Asia	447	Uzbekistán	Hombres	2
2014	50	Zaragoza	07	Asia	447	Uzbekistán	Mujeres	9
2014	50	Zaragoza	07	Asia	499	Países sin relaciones diplomáticas	Hombres	3
2014	50	Zaragoza	07	Asia	499	Países sin relaciones diplomáticas	Mujeres	4
2014	50	Zaragoza	08	Oceanía	501	Australia	Hombres	4
2014	50	Zaragoza	08	Oceanía	501	Australia	Mujeres	2
2014	50	Zaragoza	08	Oceanía	504	Nueva Zelanda	Hombres	4
2014	50	Zaragoza	08	Oceanía	504	Nueva Zelanda	Mujeres	3
2014	50	Zaragoza	09	Apátridas y no consta	555	Apátridas	Hombres	9
2014	50	Zaragoza	09	Apátridas y no consta	555	Apátridas	Mujeres	2
2015	22	Huesca	01	UE-28	102	Austria	Hombres	5
2015	22	Huesca	01	UE-28	102	Austria	Mujeres	5
2015	22	Huesca	01	UE-28	103	Bélgica	Hombres	31
2015	22	Huesca	01	UE-28	103	Bélgica	Mujeres	33
2015	22	Huesca	01	UE-28	104	Bulgaria	Hombres	977
2015	22	Huesca	01	UE-28	104	Bulgaria	Mujeres	941
2015	22	Huesca	01	UE-28	107	Dinamarca	Hombres	5
2015	22	Huesca	01	UE-28	107	Dinamarca	Mujeres	6
2015	22	Huesca	01	UE-28	109	Finlandia	Mujeres	2
2015	22	Huesca	01	UE-28	110	Francia	Hombres	209
2015	22	Huesca	01	UE-28	110	Francia	Mujeres	206
2015	22	Huesca	01	UE-28	111	Grecia	Hombres	3
2015	22	Huesca	01	UE-28	111	Grecia	Mujeres	5
2015	22	Huesca	01	UE-28	112	Hungría	Hombres	9
2015	22	Huesca	01	UE-28	112	Hungría	Mujeres	9
2015	22	Huesca	01	UE-28	113	Irlanda	Hombres	12
2015	22	Huesca	01	UE-28	113	Irlanda	Mujeres	6
2015	22	Huesca	01	UE-28	115	Italia	Hombres	134
2015	22	Huesca	01	UE-28	115	Italia	Mujeres	108
2015	22	Huesca	01	UE-28	121	Países Bajos	Hombres	58
2015	22	Huesca	01	UE-28	121	Países Bajos	Mujeres	61
2015	22	Huesca	01	UE-28	122	Polonia	Hombres	259
2015	22	Huesca	01	UE-28	122	Polonia	Mujeres	308
2015	22	Huesca	01	UE-28	123	Portugal	Hombres	369
2015	22	Huesca	01	UE-28	123	Portugal	Mujeres	226
2015	22	Huesca	01	UE-28	125	Reino Unido	Hombres	84
2015	22	Huesca	01	UE-28	125	Reino Unido	Mujeres	88
2015	22	Huesca	01	UE-28	126	Alemania	Hombres	67
2015	22	Huesca	01	UE-28	126	Alemania	Mujeres	69
2015	22	Huesca	01	UE-28	128	Rumanía	Hombres	3978
2015	22	Huesca	01	UE-28	128	Rumanía	Mujeres	3998
2015	22	Huesca	01	UE-28	131	Suecia	Hombres	4
2015	22	Huesca	01	UE-28	131	Suecia	Mujeres	3
2015	22	Huesca	01	UE-28	136	Letonia	Hombres	8
2015	22	Huesca	01	UE-28	136	Letonia	Mujeres	6
2015	22	Huesca	01	UE-28	141	Estonia	Hombres	2
2015	22	Huesca	01	UE-28	142	Lituania	Hombres	99
2015	22	Huesca	01	UE-28	142	Lituania	Mujeres	122
2015	22	Huesca	01	UE-28	143	República Checa	Hombres	13
2015	22	Huesca	01	UE-28	143	República Checa	Mujeres	15
2015	22	Huesca	01	UE-28	144	Eslovaquia	Hombres	6
2015	22	Huesca	01	UE-28	144	Eslovaquia	Mujeres	16
2015	22	Huesca	01	UE-28	146	Croacia	Hombres	3
2015	22	Huesca	01	UE-28	146	Croacia	Mujeres	3
2015	22	Huesca	01	UE-28	147	Eslovenia	Hombres	2
2015	22	Huesca	01	UE-28	147	Eslovenia	Mujeres	1
2015	22	Huesca	02	Resto de Europa	101	Albania	Hombres	5
2015	22	Huesca	02	Resto de Europa	101	Albania	Mujeres	2
2015	22	Huesca	02	Resto de Europa	114	Islandia	Mujeres	1
2015	22	Huesca	02	Resto de Europa	120	Noruega	Hombres	2
2015	22	Huesca	02	Resto de Europa	120	Noruega	Mujeres	4
2015	22	Huesca	02	Resto de Europa	124	Andorra	Hombres	4
2015	22	Huesca	02	Resto de Europa	124	Andorra	Mujeres	2
2015	22	Huesca	02	Resto de Europa	132	Suiza	Hombres	17
2015	22	Huesca	02	Resto de Europa	132	Suiza	Mujeres	12
2015	22	Huesca	02	Resto de Europa	135	Ucrania	Hombres	275
2015	22	Huesca	02	Resto de Europa	135	Ucrania	Mujeres	273
2015	22	Huesca	02	Resto de Europa	137	Moldova	Hombres	22
2015	22	Huesca	02	Resto de Europa	137	Moldova	Mujeres	19
2015	22	Huesca	02	Resto de Europa	138	Bielorrusia	Hombres	10
2015	22	Huesca	02	Resto de Europa	138	Bielorrusia	Mujeres	7
2015	22	Huesca	02	Resto de Europa	139	Georgia	Hombres	2
2015	22	Huesca	02	Resto de Europa	139	Georgia	Mujeres	3
2015	22	Huesca	02	Resto de Europa	145	Bosnia-Herzegovina	Hombres	1
2015	22	Huesca	02	Resto de Europa	148	Armenia	Hombres	23
2015	22	Huesca	02	Resto de Europa	148	Armenia	Mujeres	23
2015	22	Huesca	02	Resto de Europa	154	Rusia	Hombres	27
2015	22	Huesca	02	Resto de Europa	154	Rusia	Mujeres	84
2015	22	Huesca	02	Resto de Europa	157	Serbia	Hombres	11
2015	22	Huesca	02	Resto de Europa	157	Serbia	Mujeres	6
2015	22	Huesca	02	Resto de Europa	436	Turquía	Hombres	5
2015	22	Huesca	02	Resto de Europa	436	Turquía	Mujeres	1
2015	22	Huesca	03	Magreb	203	Argelia	Hombres	425
2015	22	Huesca	03	Magreb	203	Argelia	Mujeres	260
2015	22	Huesca	03	Magreb	228	Marruecos	Hombres	1830
2015	22	Huesca	03	Magreb	228	Marruecos	Mujeres	1557
2015	22	Huesca	03	Magreb	230	Mauritania	Hombres	85
2015	22	Huesca	03	Magreb	230	Mauritania	Mujeres	18
2015	22	Huesca	03	Magreb	248	Túnez	Hombres	1
2015	22	Huesca	04	Resto de África	201	Burkina Fasso	Hombres	39
2015	22	Huesca	04	Resto de África	201	Burkina Fasso	Mujeres	16
2015	22	Huesca	04	Resto de África	202	Angola	Hombres	3
2015	22	Huesca	04	Resto de África	202	Angola	Mujeres	2
2015	22	Huesca	04	Resto de África	204	Benin	Hombres	2
2015	22	Huesca	04	Resto de África	204	Benin	Mujeres	3
2015	22	Huesca	04	Resto de África	207	Cabo Verde	Hombres	12
2015	22	Huesca	04	Resto de África	207	Cabo Verde	Mujeres	6
2015	22	Huesca	04	Resto de África	208	Camerún	Hombres	6
2015	22	Huesca	04	Resto de África	208	Camerún	Mujeres	2
2015	22	Huesca	04	Resto de África	211	Costa de Marfil	Hombres	33
2015	22	Huesca	04	Resto de África	211	Costa de Marfil	Mujeres	20
2015	22	Huesca	04	Resto de África	213	Egipto	Hombres	3
2015	22	Huesca	04	Resto de África	216	Gambia	Hombres	537
2015	22	Huesca	04	Resto de África	216	Gambia	Mujeres	122
2015	22	Huesca	04	Resto de África	217	Ghana	Hombres	58
2015	22	Huesca	04	Resto de África	217	Ghana	Mujeres	30
2015	22	Huesca	04	Resto de África	218	Guinea	Hombres	184
2015	22	Huesca	04	Resto de África	218	Guinea	Mujeres	63
2015	22	Huesca	04	Resto de África	219	Guinea Bissau	Hombres	23
2015	22	Huesca	04	Resto de África	219	Guinea Bissau	Mujeres	2
2015	22	Huesca	04	Resto de África	220	Guinea Ecuatorial	Hombres	7
2015	22	Huesca	04	Resto de África	220	Guinea Ecuatorial	Mujeres	8
2015	22	Huesca	04	Resto de África	221	Kenia	Hombres	4
2015	22	Huesca	04	Resto de África	221	Kenia	Mujeres	21
2015	22	Huesca	04	Resto de África	223	Liberia	Hombres	1
2015	22	Huesca	04	Resto de África	225	Madagascar	Mujeres	1
2015	22	Huesca	04	Resto de África	227	Mali	Hombres	810
2015	22	Huesca	04	Resto de África	227	Mali	Mujeres	149
2015	22	Huesca	04	Resto de África	233	Níger	Hombres	11
2015	22	Huesca	04	Resto de África	233	Níger	Mujeres	3
2015	22	Huesca	04	Resto de África	234	Nigeria	Hombres	51
2015	22	Huesca	04	Resto de África	234	Nigeria	Mujeres	34
2015	22	Huesca	04	Resto de África	236	Sudáfrica	Hombres	1
2015	22	Huesca	04	Resto de África	236	Sudáfrica	Mujeres	1
2015	22	Huesca	04	Resto de África	239	Senegal	Hombres	417
2015	22	Huesca	04	Resto de África	239	Senegal	Mujeres	71
2015	22	Huesca	04	Resto de África	241	Sierra Leona	Hombres	1
2015	22	Huesca	04	Resto de África	247	Togo	Hombres	5
2015	22	Huesca	04	Resto de África	247	Togo	Mujeres	3
2015	22	Huesca	05	América del Norte	301	Canadá	Hombres	3
2015	22	Huesca	05	América del Norte	301	Canadá	Mujeres	1
2015	22	Huesca	05	América del Norte	302	Estados Unidos de América	Hombres	22
2015	22	Huesca	05	América del Norte	302	Estados Unidos de América	Mujeres	30
2015	22	Huesca	06	Resto de América	303	México	Hombres	24
2015	22	Huesca	06	Resto de América	303	México	Mujeres	26
2015	22	Huesca	06	Resto de América	314	Costa Rica	Hombres	3
2015	22	Huesca	06	Resto de América	314	Costa Rica	Mujeres	3
2015	22	Huesca	06	Resto de América	315	Cuba	Hombres	60
2015	22	Huesca	06	Resto de América	315	Cuba	Mujeres	82
2015	22	Huesca	06	Resto de América	316	Dominica	Mujeres	2
2015	22	Huesca	06	Resto de América	317	El Salvador	Hombres	1
2015	22	Huesca	06	Resto de América	317	El Salvador	Mujeres	18
2015	22	Huesca	06	Resto de América	319	Guatemala	Hombres	4
2015	22	Huesca	06	Resto de América	319	Guatemala	Mujeres	5
2015	22	Huesca	06	Resto de América	321	Honduras	Hombres	29
2015	22	Huesca	06	Resto de América	321	Honduras	Mujeres	86
2015	22	Huesca	06	Resto de América	323	Nicaragua	Hombres	30
2015	22	Huesca	06	Resto de América	323	Nicaragua	Mujeres	219
2015	22	Huesca	06	Resto de América	324	Panamá	Hombres	1
2015	22	Huesca	06	Resto de América	324	Panamá	Mujeres	3
2015	22	Huesca	06	Resto de América	326	República Dominicana	Hombres	143
2015	22	Huesca	06	Resto de América	326	República Dominicana	Mujeres	210
2015	22	Huesca	06	Resto de América	340	Argentina	Hombres	126
2015	22	Huesca	06	Resto de América	340	Argentina	Mujeres	115
2015	22	Huesca	06	Resto de América	341	Bolivia	Hombres	75
2015	22	Huesca	06	Resto de América	341	Bolivia	Mujeres	101
2015	22	Huesca	06	Resto de América	342	Brasil	Hombres	58
2015	22	Huesca	06	Resto de América	342	Brasil	Mujeres	165
2015	22	Huesca	06	Resto de América	343	Colombia	Hombres	204
2015	22	Huesca	06	Resto de América	343	Colombia	Mujeres	249
2015	22	Huesca	06	Resto de América	344	Chile	Hombres	39
2015	22	Huesca	06	Resto de América	344	Chile	Mujeres	38
2015	22	Huesca	06	Resto de América	345	Ecuador	Hombres	229
2015	22	Huesca	06	Resto de América	345	Ecuador	Mujeres	179
2015	22	Huesca	06	Resto de América	347	Paraguay	Hombres	11
2015	22	Huesca	06	Resto de América	347	Paraguay	Mujeres	42
2015	22	Huesca	06	Resto de América	348	Perú	Hombres	48
2015	22	Huesca	06	Resto de América	348	Perú	Mujeres	69
2015	22	Huesca	06	Resto de América	350	Uruguay	Hombres	36
2015	22	Huesca	06	Resto de América	350	Uruguay	Mujeres	39
2015	22	Huesca	06	Resto de América	351	Venezuela	Hombres	42
2015	22	Huesca	06	Resto de América	351	Venezuela	Mujeres	68
2015	22	Huesca	07	Asia	404	Bangladesh	Hombres	1
2015	22	Huesca	07	Asia	404	Bangladesh	Mujeres	1
2015	22	Huesca	07	Asia	407	China	Hombres	180
2015	22	Huesca	07	Asia	407	China	Mujeres	191
2015	22	Huesca	07	Asia	408	Emiratos Arabes Unidos	Mujeres	1
2015	22	Huesca	07	Asia	409	Filipinas	Hombres	2
2015	22	Huesca	07	Asia	409	Filipinas	Mujeres	5
2015	22	Huesca	07	Asia	410	India	Hombres	11
2015	22	Huesca	07	Asia	410	India	Mujeres	5
2015	22	Huesca	07	Asia	411	Indonesia	Hombres	1
2015	22	Huesca	07	Asia	414	Israel	Hombres	1
2015	22	Huesca	07	Asia	415	Japón	Hombres	2
2015	22	Huesca	07	Asia	415	Japón	Mujeres	5
2015	22	Huesca	07	Asia	419	Laos	Mujeres	1
2015	22	Huesca	07	Asia	420	Líbano	Hombres	2
2015	22	Huesca	07	Asia	421	Malasia	Hombres	1
2015	22	Huesca	07	Asia	423	Mongolia	Mujeres	2
2015	22	Huesca	07	Asia	424	Nepal	Mujeres	1
2015	22	Huesca	07	Asia	426	Pakistán	Hombres	68
2015	22	Huesca	07	Asia	426	Pakistán	Mujeres	26
2015	22	Huesca	07	Asia	430	República de Corea	Mujeres	1
2015	22	Huesca	07	Asia	433	Siria	Hombres	3
2015	22	Huesca	07	Asia	433	Siria	Mujeres	2
2015	22	Huesca	07	Asia	435	Tailandia	Mujeres	7
2015	22	Huesca	07	Asia	437	Vietnam	Mujeres	2
2015	22	Huesca	07	Asia	499	Países sin relaciones diplomáticas	Hombres	6
2015	22	Huesca	07	Asia	499	Países sin relaciones diplomáticas	Mujeres	5
2015	22	Huesca	08	Oceanía	501	Australia	Hombres	2
2015	22	Huesca	08	Oceanía	501	Australia	Mujeres	6
2015	22	Huesca	08	Oceanía	511	Micronesia	Hombres	2
2015	22	Huesca	08	Oceanía	511	Micronesia	Mujeres	6
2015	22	Huesca	08	Oceanía	513	Islas Cook	Hombres	1
2015	22	Huesca	08	Oceanía	515	Nauru	Mujeres	2
2015	22	Huesca	08	Oceanía	516	Palaos	Hombres	12
2015	22	Huesca	08	Oceanía	516	Palaos	Mujeres	12
2015	44	Teruel	01	UE-28	102	Austria	Hombres	3
2015	44	Teruel	01	UE-28	103	Bélgica	Hombres	6
2015	44	Teruel	01	UE-28	103	Bélgica	Mujeres	8
2015	44	Teruel	01	UE-28	104	Bulgaria	Hombres	119
2015	44	Teruel	01	UE-28	104	Bulgaria	Mujeres	121
2015	44	Teruel	01	UE-28	106	Chipre	Mujeres	1
2015	44	Teruel	01	UE-28	109	Finlandia	Mujeres	1
2015	44	Teruel	01	UE-28	110	Francia	Hombres	42
2015	44	Teruel	01	UE-28	110	Francia	Mujeres	47
2015	44	Teruel	01	UE-28	111	Grecia	Hombres	2
2015	44	Teruel	01	UE-28	111	Grecia	Mujeres	1
2015	44	Teruel	01	UE-28	112	Hungría	Hombres	6
2015	44	Teruel	01	UE-28	112	Hungría	Mujeres	11
2015	44	Teruel	01	UE-28	113	Irlanda	Hombres	6
2015	44	Teruel	01	UE-28	113	Irlanda	Mujeres	3
2015	44	Teruel	01	UE-28	115	Italia	Hombres	63
2015	44	Teruel	01	UE-28	115	Italia	Mujeres	40
2015	44	Teruel	01	UE-28	121	Países Bajos	Hombres	19
2015	44	Teruel	01	UE-28	121	Países Bajos	Mujeres	18
2015	44	Teruel	01	UE-28	122	Polonia	Hombres	331
2015	44	Teruel	01	UE-28	122	Polonia	Mujeres	274
2015	44	Teruel	01	UE-28	123	Portugal	Hombres	121
2015	44	Teruel	01	UE-28	123	Portugal	Mujeres	79
2015	44	Teruel	01	UE-28	125	Reino Unido	Hombres	61
2015	44	Teruel	01	UE-28	125	Reino Unido	Mujeres	58
2015	44	Teruel	01	UE-28	126	Alemania	Hombres	40
2015	44	Teruel	01	UE-28	126	Alemania	Mujeres	27
2015	44	Teruel	01	UE-28	128	Rumanía	Hombres	2994
2015	44	Teruel	01	UE-28	128	Rumanía	Mujeres	2954
2015	44	Teruel	01	UE-28	131	Suecia	Hombres	4
2015	44	Teruel	01	UE-28	131	Suecia	Mujeres	7
2015	44	Teruel	01	UE-28	136	Letonia	Hombres	4
2015	44	Teruel	01	UE-28	136	Letonia	Mujeres	6
2015	44	Teruel	01	UE-28	142	Lituania	Hombres	6
2015	44	Teruel	01	UE-28	142	Lituania	Mujeres	13
2015	44	Teruel	01	UE-28	143	República Checa	Hombres	17
2015	44	Teruel	01	UE-28	143	República Checa	Mujeres	17
2015	44	Teruel	01	UE-28	144	Eslovaquia	Mujeres	1
2015	44	Teruel	01	UE-28	146	Croacia	Hombres	1
2015	44	Teruel	01	UE-28	146	Croacia	Mujeres	1
2015	44	Teruel	02	Resto de Europa	101	Albania	Hombres	2
2015	44	Teruel	02	Resto de Europa	101	Albania	Mujeres	4
2015	44	Teruel	02	Resto de Europa	120	Noruega	Hombres	1
2015	44	Teruel	02	Resto de Europa	132	Suiza	Hombres	3
2015	44	Teruel	02	Resto de Europa	132	Suiza	Mujeres	5
2015	44	Teruel	02	Resto de Europa	135	Ucrania	Hombres	91
2015	44	Teruel	02	Resto de Europa	135	Ucrania	Mujeres	90
2015	44	Teruel	02	Resto de Europa	137	Moldova	Hombres	13
2015	44	Teruel	02	Resto de Europa	137	Moldova	Mujeres	14
2015	44	Teruel	02	Resto de Europa	138	Bielorrusia	Hombres	1
2015	44	Teruel	02	Resto de Europa	138	Bielorrusia	Mujeres	6
2015	44	Teruel	02	Resto de Europa	139	Georgia	Hombres	3
2015	44	Teruel	02	Resto de Europa	139	Georgia	Mujeres	2
2015	44	Teruel	02	Resto de Europa	148	Armenia	Hombres	3
2015	44	Teruel	02	Resto de Europa	148	Armenia	Mujeres	4
2015	44	Teruel	02	Resto de Europa	154	Rusia	Hombres	5
2015	44	Teruel	02	Resto de Europa	154	Rusia	Mujeres	22
2015	44	Teruel	02	Resto de Europa	157	Serbia	Hombres	1
2015	44	Teruel	02	Resto de Europa	436	Turquía	Hombres	4
2015	44	Teruel	02	Resto de Europa	436	Turquía	Mujeres	3
2015	44	Teruel	03	Magreb	203	Argelia	Hombres	114
2015	44	Teruel	03	Magreb	203	Argelia	Mujeres	68
2015	44	Teruel	03	Magreb	228	Marruecos	Hombres	2602
2015	44	Teruel	03	Magreb	228	Marruecos	Mujeres	1725
2015	44	Teruel	03	Magreb	248	Túnez	Mujeres	1
2015	44	Teruel	04	Resto de África	207	Cabo Verde	Hombres	10
2015	44	Teruel	04	Resto de África	207	Cabo Verde	Mujeres	15
2015	44	Teruel	04	Resto de África	208	Camerún	Hombres	3
2015	44	Teruel	04	Resto de África	208	Camerún	Mujeres	6
2015	44	Teruel	04	Resto de África	213	Egipto	Hombres	3
2015	44	Teruel	04	Resto de África	214	Etiopía	Hombres	1
2015	44	Teruel	04	Resto de África	216	Gambia	Hombres	16
2015	44	Teruel	04	Resto de África	216	Gambia	Mujeres	12
2015	44	Teruel	04	Resto de África	217	Ghana	Hombres	14
2015	44	Teruel	04	Resto de África	217	Ghana	Mujeres	7
2015	44	Teruel	04	Resto de África	218	Guinea	Hombres	1
2015	44	Teruel	04	Resto de África	219	Guinea Bissau	Hombres	1
2015	44	Teruel	04	Resto de África	220	Guinea Ecuatorial	Hombres	2
2015	44	Teruel	04	Resto de África	220	Guinea Ecuatorial	Mujeres	2
2015	44	Teruel	04	Resto de África	221	Kenia	Mujeres	2
2015	44	Teruel	04	Resto de África	227	Mali	Hombres	26
2015	44	Teruel	04	Resto de África	227	Mali	Mujeres	6
2015	44	Teruel	04	Resto de África	234	Nigeria	Hombres	1
2015	44	Teruel	04	Resto de África	234	Nigeria	Mujeres	1
2015	44	Teruel	04	Resto de África	237	Ruanda	Hombres	1
2015	44	Teruel	04	Resto de África	239	Senegal	Hombres	42
2015	44	Teruel	04	Resto de África	239	Senegal	Mujeres	13
2015	44	Teruel	05	América del Norte	301	Canadá	Hombres	2
2015	44	Teruel	05	América del Norte	302	Estados Unidos de América	Hombres	8
2015	44	Teruel	05	América del Norte	302	Estados Unidos de América	Mujeres	16
2015	44	Teruel	06	Resto de América	303	México	Hombres	4
2015	44	Teruel	06	Resto de América	303	México	Mujeres	10
2015	44	Teruel	06	Resto de América	314	Costa Rica	Mujeres	2
2015	44	Teruel	06	Resto de América	315	Cuba	Hombres	39
2015	44	Teruel	06	Resto de América	315	Cuba	Mujeres	61
2015	44	Teruel	06	Resto de América	316	Dominica	Hombres	1
2015	44	Teruel	06	Resto de América	317	El Salvador	Hombres	2
2015	44	Teruel	06	Resto de América	317	El Salvador	Mujeres	4
2015	44	Teruel	06	Resto de América	319	Guatemala	Hombres	1
2015	44	Teruel	06	Resto de América	320	Haití	Hombres	2
2015	44	Teruel	06	Resto de América	320	Haití	Mujeres	2
2015	44	Teruel	06	Resto de América	321	Honduras	Hombres	4
2015	44	Teruel	06	Resto de América	321	Honduras	Mujeres	10
2015	44	Teruel	06	Resto de América	323	Nicaragua	Mujeres	28
2015	44	Teruel	06	Resto de América	324	Panamá	Mujeres	1
2015	44	Teruel	06	Resto de América	326	República Dominicana	Hombres	97
2015	44	Teruel	06	Resto de América	326	República Dominicana	Mujeres	158
2015	44	Teruel	06	Resto de América	340	Argentina	Hombres	62
2015	44	Teruel	06	Resto de América	340	Argentina	Mujeres	78
2015	44	Teruel	06	Resto de América	341	Bolivia	Hombres	25
2015	44	Teruel	06	Resto de América	341	Bolivia	Mujeres	25
2015	44	Teruel	06	Resto de América	342	Brasil	Hombres	53
2015	44	Teruel	06	Resto de América	342	Brasil	Mujeres	149
2015	44	Teruel	06	Resto de América	343	Colombia	Hombres	191
2015	44	Teruel	06	Resto de América	343	Colombia	Mujeres	203
2015	44	Teruel	06	Resto de América	344	Chile	Hombres	23
2015	44	Teruel	06	Resto de América	344	Chile	Mujeres	25
2015	44	Teruel	06	Resto de América	345	Ecuador	Hombres	49
2015	44	Teruel	06	Resto de América	345	Ecuador	Mujeres	42
2015	44	Teruel	06	Resto de América	347	Paraguay	Hombres	15
2015	44	Teruel	06	Resto de América	347	Paraguay	Mujeres	10
2015	44	Teruel	06	Resto de América	348	Perú	Hombres	60
2015	44	Teruel	06	Resto de América	348	Perú	Mujeres	68
2015	44	Teruel	06	Resto de América	350	Uruguay	Hombres	15
2015	44	Teruel	06	Resto de América	350	Uruguay	Mujeres	16
2015	44	Teruel	06	Resto de América	351	Venezuela	Hombres	11
2015	44	Teruel	06	Resto de América	351	Venezuela	Mujeres	22
2015	44	Teruel	07	Asia	407	China	Hombres	74
2015	44	Teruel	07	Asia	407	China	Mujeres	59
2015	44	Teruel	07	Asia	409	Filipinas	Mujeres	2
2015	44	Teruel	07	Asia	410	India	Hombres	7
2015	44	Teruel	07	Asia	410	India	Mujeres	4
2015	44	Teruel	07	Asia	413	Irán	Hombres	1
2015	44	Teruel	07	Asia	414	Israel	Hombres	1
2015	44	Teruel	07	Asia	415	Japón	Hombres	1
2015	44	Teruel	07	Asia	416	Jordania	Hombres	1
2015	44	Teruel	07	Asia	420	Líbano	Hombres	1
2015	44	Teruel	07	Asia	426	Pakistán	Hombres	268
2015	44	Teruel	07	Asia	426	Pakistán	Mujeres	165
2015	44	Teruel	07	Asia	433	Siria	Hombres	1
2015	44	Teruel	07	Asia	433	Siria	Mujeres	1
2015	44	Teruel	07	Asia	434	Sri-Lanka	Hombres	1
2015	44	Teruel	07	Asia	435	Tailandia	Mujeres	2
2015	44	Teruel	07	Asia	443	Kazajstan	Hombres	2
2015	44	Teruel	07	Asia	443	Kazajstan	Mujeres	3
2015	44	Teruel	07	Asia	444	Kirgvistan	Mujeres	1
2015	44	Teruel	08	Oceanía	501	Australia	Hombres	1
2015	44	Teruel	08	Oceanía	501	Australia	Mujeres	4
2015	44	Teruel	08	Oceanía	504	Nueva Zelanda	Hombres	2
2015	44	Teruel	09	Apátridas y no consta	555	Apátridas	Hombres	1
2015	50	Zaragoza	01	UE-28	102	Austria	Hombres	28
2015	50	Zaragoza	01	UE-28	102	Austria	Mujeres	18
2015	50	Zaragoza	01	UE-28	103	Bélgica	Hombres	40
2015	50	Zaragoza	01	UE-28	103	Bélgica	Mujeres	44
2015	50	Zaragoza	01	UE-28	104	Bulgaria	Hombres	1502
2015	50	Zaragoza	01	UE-28	104	Bulgaria	Mujeres	1314
2015	50	Zaragoza	01	UE-28	106	Chipre	Hombres	1
2015	50	Zaragoza	01	UE-28	106	Chipre	Mujeres	3
2015	50	Zaragoza	01	UE-28	107	Dinamarca	Hombres	24
2015	50	Zaragoza	01	UE-28	107	Dinamarca	Mujeres	8
2015	50	Zaragoza	01	UE-28	109	Finlandia	Hombres	7
2015	50	Zaragoza	01	UE-28	109	Finlandia	Mujeres	16
2015	50	Zaragoza	01	UE-28	110	Francia	Hombres	374
2015	50	Zaragoza	01	UE-28	110	Francia	Mujeres	457
2015	50	Zaragoza	01	UE-28	111	Grecia	Hombres	15
2015	50	Zaragoza	01	UE-28	111	Grecia	Mujeres	24
2015	50	Zaragoza	01	UE-28	112	Hungría	Hombres	34
2015	50	Zaragoza	01	UE-28	112	Hungría	Mujeres	51
2015	50	Zaragoza	01	UE-28	113	Irlanda	Hombres	29
2015	50	Zaragoza	01	UE-28	113	Irlanda	Mujeres	27
2015	50	Zaragoza	01	UE-28	115	Italia	Hombres	625
2015	50	Zaragoza	01	UE-28	115	Italia	Mujeres	439
2015	50	Zaragoza	01	UE-28	117	Luxemburgo	Hombres	1
2015	50	Zaragoza	01	UE-28	117	Luxemburgo	Mujeres	1
2015	50	Zaragoza	01	UE-28	121	Países Bajos	Hombres	120
2015	50	Zaragoza	01	UE-28	121	Países Bajos	Mujeres	98
2015	50	Zaragoza	01	UE-28	122	Polonia	Hombres	718
2015	50	Zaragoza	01	UE-28	122	Polonia	Mujeres	770
2015	50	Zaragoza	01	UE-28	123	Portugal	Hombres	1000
2015	50	Zaragoza	01	UE-28	123	Portugal	Mujeres	620
2015	50	Zaragoza	01	UE-28	125	Reino Unido	Hombres	225
2015	50	Zaragoza	01	UE-28	125	Reino Unido	Mujeres	158
2015	50	Zaragoza	01	UE-28	126	Alemania	Hombres	186
2015	50	Zaragoza	01	UE-28	126	Alemania	Mujeres	177
2015	50	Zaragoza	01	UE-28	128	Rumanía	Hombres	18443
2015	50	Zaragoza	01	UE-28	128	Rumanía	Mujeres	18600
2015	50	Zaragoza	01	UE-28	131	Suecia	Hombres	11
2015	50	Zaragoza	01	UE-28	131	Suecia	Mujeres	18
2015	50	Zaragoza	01	UE-28	136	Letonia	Hombres	19
2015	50	Zaragoza	01	UE-28	136	Letonia	Mujeres	23
2015	50	Zaragoza	01	UE-28	141	Estonia	Hombres	3
2015	50	Zaragoza	01	UE-28	141	Estonia	Mujeres	6
2015	50	Zaragoza	01	UE-28	142	Lituania	Hombres	49
2015	50	Zaragoza	01	UE-28	142	Lituania	Mujeres	65
2015	50	Zaragoza	01	UE-28	143	República Checa	Hombres	44
2015	50	Zaragoza	01	UE-28	143	República Checa	Mujeres	49
2015	50	Zaragoza	01	UE-28	144	Eslovaquia	Hombres	38
2015	50	Zaragoza	01	UE-28	144	Eslovaquia	Mujeres	40
2015	50	Zaragoza	01	UE-28	146	Croacia	Hombres	11
2015	50	Zaragoza	01	UE-28	146	Croacia	Mujeres	10
2015	50	Zaragoza	01	UE-28	147	Eslovenia	Hombres	1
2015	50	Zaragoza	01	UE-28	147	Eslovenia	Mujeres	11
2015	50	Zaragoza	02	Resto de Europa	101	Albania	Hombres	13
2015	50	Zaragoza	02	Resto de Europa	101	Albania	Mujeres	20
2015	50	Zaragoza	02	Resto de Europa	114	Islandia	Hombres	1
2015	50	Zaragoza	02	Resto de Europa	120	Noruega	Hombres	6
2015	50	Zaragoza	02	Resto de Europa	120	Noruega	Mujeres	7
2015	50	Zaragoza	02	Resto de Europa	124	Andorra	Hombres	2
2015	50	Zaragoza	02	Resto de Europa	124	Andorra	Mujeres	4
2015	50	Zaragoza	02	Resto de Europa	132	Suiza	Hombres	11
2015	50	Zaragoza	02	Resto de Europa	132	Suiza	Mujeres	9
2015	50	Zaragoza	02	Resto de Europa	135	Ucrania	Hombres	550
2015	50	Zaragoza	02	Resto de Europa	135	Ucrania	Mujeres	781
2015	50	Zaragoza	02	Resto de Europa	137	Moldova	Hombres	120
2015	50	Zaragoza	02	Resto de Europa	137	Moldova	Mujeres	166
2015	50	Zaragoza	02	Resto de Europa	138	Bielorrusia	Hombres	23
2015	50	Zaragoza	02	Resto de Europa	138	Bielorrusia	Mujeres	50
2015	50	Zaragoza	02	Resto de Europa	139	Georgia	Hombres	34
2015	50	Zaragoza	02	Resto de Europa	139	Georgia	Mujeres	21
2015	50	Zaragoza	02	Resto de Europa	145	Bosnia-Herzegovina	Hombres	11
2015	50	Zaragoza	02	Resto de Europa	145	Bosnia-Herzegovina	Mujeres	20
2015	50	Zaragoza	02	Resto de Europa	148	Armenia	Hombres	27
2015	50	Zaragoza	02	Resto de Europa	148	Armenia	Mujeres	41
2015	50	Zaragoza	02	Resto de Europa	154	Rusia	Hombres	121
2015	50	Zaragoza	02	Resto de Europa	154	Rusia	Mujeres	544
2015	50	Zaragoza	02	Resto de Europa	156	Macedonia	Hombres	1
2015	50	Zaragoza	02	Resto de Europa	156	Macedonia	Mujeres	1
2015	50	Zaragoza	02	Resto de Europa	157	Serbia	Hombres	16
2015	50	Zaragoza	02	Resto de Europa	157	Serbia	Mujeres	15
2015	50	Zaragoza	02	Resto de Europa	158	Montenegro	Hombres	1
2015	50	Zaragoza	02	Resto de Europa	199	Países sin relaciones diplomáticas	Mujeres	1
2015	50	Zaragoza	02	Resto de Europa	436	Turquía	Hombres	25
2015	50	Zaragoza	02	Resto de Europa	436	Turquía	Mujeres	16
2015	50	Zaragoza	03	Magreb	203	Argelia	Hombres	2803
2015	50	Zaragoza	03	Magreb	203	Argelia	Mujeres	1479
2015	50	Zaragoza	03	Magreb	224	Libia	Hombres	8
2015	50	Zaragoza	03	Magreb	224	Libia	Mujeres	4
2015	50	Zaragoza	03	Magreb	228	Marruecos	Hombres	6337
2015	50	Zaragoza	03	Magreb	228	Marruecos	Mujeres	4594
2015	50	Zaragoza	03	Magreb	230	Mauritania	Hombres	212
2015	50	Zaragoza	03	Magreb	230	Mauritania	Mujeres	47
2015	50	Zaragoza	03	Magreb	248	Túnez	Hombres	42
2015	50	Zaragoza	03	Magreb	248	Túnez	Mujeres	23
2015	50	Zaragoza	04	Resto de África	201	Burkina Fasso	Hombres	46
2015	50	Zaragoza	04	Resto de África	201	Burkina Fasso	Mujeres	18
2015	50	Zaragoza	04	Resto de África	202	Angola	Hombres	25
2015	50	Zaragoza	04	Resto de África	202	Angola	Mujeres	10
2015	50	Zaragoza	04	Resto de África	204	Benin	Hombres	5
2015	50	Zaragoza	04	Resto de África	204	Benin	Mujeres	2
2015	50	Zaragoza	04	Resto de África	206	Burundi	Hombres	1
2015	50	Zaragoza	04	Resto de África	207	Cabo Verde	Hombres	150
2015	50	Zaragoza	04	Resto de África	207	Cabo Verde	Mujeres	144
2015	50	Zaragoza	04	Resto de África	208	Camerún	Hombres	124
2015	50	Zaragoza	04	Resto de África	208	Camerún	Mujeres	97
2015	50	Zaragoza	04	Resto de África	210	Congo	Hombres	28
2015	50	Zaragoza	04	Resto de África	210	Congo	Mujeres	15
2015	50	Zaragoza	04	Resto de África	211	Costa de Marfil	Hombres	52
2015	50	Zaragoza	04	Resto de África	211	Costa de Marfil	Mujeres	34
2015	50	Zaragoza	04	Resto de África	213	Egipto	Hombres	69
2015	50	Zaragoza	04	Resto de África	213	Egipto	Mujeres	49
2015	50	Zaragoza	04	Resto de África	214	Etiopía	Hombres	2
2015	50	Zaragoza	04	Resto de África	214	Etiopía	Mujeres	3
2015	50	Zaragoza	04	Resto de África	215	Gabón	Hombres	6
2015	50	Zaragoza	04	Resto de África	215	Gabón	Mujeres	5
2015	50	Zaragoza	04	Resto de África	216	Gambia	Hombres	1040
2015	50	Zaragoza	04	Resto de África	216	Gambia	Mujeres	446
2015	50	Zaragoza	04	Resto de África	217	Ghana	Hombres	1187
2015	50	Zaragoza	04	Resto de África	217	Ghana	Mujeres	450
2015	50	Zaragoza	04	Resto de África	218	Guinea	Hombres	288
2015	50	Zaragoza	04	Resto de África	218	Guinea	Mujeres	340
2015	50	Zaragoza	04	Resto de África	219	Guinea Bissau	Hombres	59
2015	50	Zaragoza	04	Resto de África	219	Guinea Bissau	Mujeres	29
2015	50	Zaragoza	04	Resto de África	220	Guinea Ecuatorial	Hombres	221
2015	50	Zaragoza	04	Resto de África	220	Guinea Ecuatorial	Mujeres	383
2015	50	Zaragoza	04	Resto de África	221	Kenia	Hombres	2
2015	50	Zaragoza	04	Resto de África	221	Kenia	Mujeres	13
2015	50	Zaragoza	04	Resto de África	223	Liberia	Hombres	5
2015	50	Zaragoza	04	Resto de África	225	Madagascar	Mujeres	5
2015	50	Zaragoza	04	Resto de África	227	Mali	Hombres	714
2015	50	Zaragoza	04	Resto de África	227	Mali	Mujeres	156
2015	50	Zaragoza	04	Resto de África	231	Mozambique	Mujeres	2
2015	50	Zaragoza	04	Resto de África	233	Níger	Hombres	8
2015	50	Zaragoza	04	Resto de África	233	Níger	Mujeres	6
2015	50	Zaragoza	04	Resto de África	234	Nigeria	Hombres	358
2015	50	Zaragoza	04	Resto de África	234	Nigeria	Mujeres	375
2015	50	Zaragoza	04	Resto de África	235	República Centroafricana	Hombres	3
2015	50	Zaragoza	04	Resto de África	235	República Centroafricana	Mujeres	3
2015	50	Zaragoza	04	Resto de África	236	Sudáfrica	Hombres	3
2015	50	Zaragoza	04	Resto de África	236	Sudáfrica	Mujeres	4
2015	50	Zaragoza	04	Resto de África	238	Santo Tome y Príncipe	Hombres	1
2015	50	Zaragoza	04	Resto de África	239	Senegal	Hombres	2492
2015	50	Zaragoza	04	Resto de África	239	Senegal	Mujeres	559
2015	50	Zaragoza	04	Resto de África	241	Sierra Leona	Hombres	7
2015	50	Zaragoza	04	Resto de África	241	Sierra Leona	Mujeres	5
2015	50	Zaragoza	04	Resto de África	243	Sudán	Hombres	7
2015	50	Zaragoza	04	Resto de África	243	Sudán	Mujeres	4
2015	50	Zaragoza	04	Resto de África	245	Tanzania	Mujeres	1
2015	50	Zaragoza	04	Resto de África	246	Chad	Hombres	2
2015	50	Zaragoza	04	Resto de África	246	Chad	Mujeres	1
2015	50	Zaragoza	04	Resto de África	247	Togo	Hombres	9
2015	50	Zaragoza	04	Resto de África	247	Togo	Mujeres	9
2015	50	Zaragoza	04	Resto de África	249	Uganda	Mujeres	1
2015	50	Zaragoza	04	Resto de África	250	Rep. Democrática del Congo	Hombres	32
2015	50	Zaragoza	04	Resto de África	250	Rep. Democrática del Congo	Mujeres	25
2015	50	Zaragoza	05	América del Norte	301	Canadá	Hombres	11
2015	50	Zaragoza	05	América del Norte	301	Canadá	Mujeres	17
2015	50	Zaragoza	05	América del Norte	302	Estados Unidos de América	Hombres	186
2015	50	Zaragoza	05	América del Norte	302	Estados Unidos de América	Mujeres	155
2015	50	Zaragoza	06	Resto de América	303	México	Hombres	113
2015	50	Zaragoza	06	Resto de América	303	México	Mujeres	167
2015	50	Zaragoza	06	Resto de América	314	Costa Rica	Hombres	17
2015	50	Zaragoza	06	Resto de América	314	Costa Rica	Mujeres	9
2015	50	Zaragoza	06	Resto de América	315	Cuba	Hombres	345
2015	50	Zaragoza	06	Resto de América	315	Cuba	Mujeres	479
2015	50	Zaragoza	06	Resto de América	316	Dominica	Hombres	2
2015	50	Zaragoza	06	Resto de América	316	Dominica	Mujeres	7
2015	50	Zaragoza	06	Resto de América	317	El Salvador	Hombres	99
2015	50	Zaragoza	06	Resto de América	317	El Salvador	Mujeres	172
2015	50	Zaragoza	06	Resto de América	319	Guatemala	Hombres	37
2015	50	Zaragoza	06	Resto de América	319	Guatemala	Mujeres	64
2015	50	Zaragoza	06	Resto de América	320	Haití	Hombres	4
2015	50	Zaragoza	06	Resto de América	320	Haití	Mujeres	4
2015	50	Zaragoza	06	Resto de América	321	Honduras	Hombres	237
2015	50	Zaragoza	06	Resto de América	321	Honduras	Mujeres	552
2015	50	Zaragoza	06	Resto de América	322	Jamaica	Mujeres	1
2015	50	Zaragoza	06	Resto de América	323	Nicaragua	Hombres	862
2015	50	Zaragoza	06	Resto de América	323	Nicaragua	Mujeres	2742
2015	50	Zaragoza	06	Resto de América	324	Panamá	Hombres	16
2015	50	Zaragoza	06	Resto de América	324	Panamá	Mujeres	24
2015	50	Zaragoza	06	Resto de América	326	República Dominicana	Hombres	715
2015	50	Zaragoza	06	Resto de América	326	República Dominicana	Mujeres	936
2015	50	Zaragoza	06	Resto de América	327	Trinidad y Tobago	Mujeres	1
2015	50	Zaragoza	06	Resto de América	340	Argentina	Hombres	310
2015	50	Zaragoza	06	Resto de América	340	Argentina	Mujeres	401
2015	50	Zaragoza	06	Resto de América	341	Bolivia	Hombres	189
2015	50	Zaragoza	06	Resto de América	341	Bolivia	Mujeres	233
2015	50	Zaragoza	06	Resto de América	342	Brasil	Hombres	350
2015	50	Zaragoza	06	Resto de América	342	Brasil	Mujeres	902
2015	50	Zaragoza	06	Resto de América	343	Colombia	Hombres	1363
2015	50	Zaragoza	06	Resto de América	343	Colombia	Mujeres	1799
2015	50	Zaragoza	06	Resto de América	344	Chile	Hombres	157
2015	50	Zaragoza	06	Resto de América	344	Chile	Mujeres	186
2015	50	Zaragoza	06	Resto de América	345	Ecuador	Hombres	2199
2015	50	Zaragoza	06	Resto de América	345	Ecuador	Mujeres	2103
2015	50	Zaragoza	06	Resto de América	347	Paraguay	Hombres	56
2015	50	Zaragoza	06	Resto de América	347	Paraguay	Mujeres	158
2015	50	Zaragoza	06	Resto de América	348	Perú	Hombres	487
2015	50	Zaragoza	06	Resto de América	348	Perú	Mujeres	561
2015	50	Zaragoza	06	Resto de América	349	Surinam	Mujeres	1
2015	50	Zaragoza	06	Resto de América	350	Uruguay	Hombres	115
2015	50	Zaragoza	06	Resto de América	350	Uruguay	Mujeres	117
2015	50	Zaragoza	06	Resto de América	351	Venezuela	Hombres	205
2015	50	Zaragoza	06	Resto de América	351	Venezuela	Mujeres	336
2015	50	Zaragoza	07	Asia	402	Arabia Saudí	Hombres	1
2015	50	Zaragoza	07	Asia	404	Bangladesh	Hombres	14
2015	50	Zaragoza	07	Asia	404	Bangladesh	Mujeres	5
2015	50	Zaragoza	07	Asia	407	China	Hombres	2410
2015	50	Zaragoza	07	Asia	407	China	Mujeres	2260
2015	50	Zaragoza	07	Asia	409	Filipinas	Hombres	13
2015	50	Zaragoza	07	Asia	409	Filipinas	Mujeres	25
2015	50	Zaragoza	07	Asia	410	India	Hombres	81
2015	50	Zaragoza	07	Asia	410	India	Mujeres	38
2015	50	Zaragoza	07	Asia	411	Indonesia	Mujeres	6
2015	50	Zaragoza	07	Asia	412	Irak	Hombres	4
2015	50	Zaragoza	07	Asia	412	Irak	Mujeres	1
2015	50	Zaragoza	07	Asia	413	Irán	Hombres	6
2015	50	Zaragoza	07	Asia	413	Irán	Mujeres	5
2015	50	Zaragoza	07	Asia	414	Israel	Hombres	9
2015	50	Zaragoza	07	Asia	414	Israel	Mujeres	5
2015	50	Zaragoza	07	Asia	415	Japón	Hombres	18
2015	50	Zaragoza	07	Asia	415	Japón	Mujeres	27
2015	50	Zaragoza	07	Asia	416	Jordania	Hombres	16
2015	50	Zaragoza	07	Asia	416	Jordania	Mujeres	6
2015	50	Zaragoza	07	Asia	418	Kuwait	Mujeres	3
2015	50	Zaragoza	07	Asia	420	Líbano	Hombres	4
2015	50	Zaragoza	07	Asia	420	Líbano	Mujeres	8
2015	50	Zaragoza	07	Asia	421	Malasia	Hombres	4
2015	50	Zaragoza	07	Asia	421	Malasia	Mujeres	2
2015	50	Zaragoza	07	Asia	423	Mongolia	Hombres	1
2015	50	Zaragoza	07	Asia	423	Mongolia	Mujeres	3
2015	50	Zaragoza	07	Asia	424	Nepal	Hombres	20
2015	50	Zaragoza	07	Asia	424	Nepal	Mujeres	2
2015	50	Zaragoza	07	Asia	426	Pakistán	Hombres	1026
2015	50	Zaragoza	07	Asia	426	Pakistán	Mujeres	269
2015	50	Zaragoza	07	Asia	430	República de Corea	Hombres	16
2015	50	Zaragoza	07	Asia	430	República de Corea	Mujeres	8
2015	50	Zaragoza	07	Asia	432	Singapur	Mujeres	1
2015	50	Zaragoza	07	Asia	433	Siria	Hombres	33
2015	50	Zaragoza	07	Asia	433	Siria	Mujeres	12
2015	50	Zaragoza	07	Asia	434	Sri-Lanka	Hombres	1
2015	50	Zaragoza	07	Asia	434	Sri-Lanka	Mujeres	4
2015	50	Zaragoza	07	Asia	435	Tailandia	Mujeres	5
2015	50	Zaragoza	07	Asia	437	Vietnam	Hombres	11
2015	50	Zaragoza	07	Asia	437	Vietnam	Mujeres	16
2015	50	Zaragoza	07	Asia	442	Azerbaiyan	Hombres	2
2015	50	Zaragoza	07	Asia	442	Azerbaiyan	Mujeres	1
2015	50	Zaragoza	07	Asia	443	Kazajstan	Hombres	2
2015	50	Zaragoza	07	Asia	443	Kazajstan	Mujeres	6
2015	50	Zaragoza	07	Asia	444	Kirgvistan	Hombres	2
2015	50	Zaragoza	07	Asia	444	Kirgvistan	Mujeres	10
2015	50	Zaragoza	07	Asia	447	Uzbekistán	Hombres	2
2015	50	Zaragoza	07	Asia	447	Uzbekistán	Mujeres	7
2015	50	Zaragoza	07	Asia	499	Países sin relaciones diplomáticas	Hombres	3
2015	50	Zaragoza	07	Asia	499	Países sin relaciones diplomáticas	Mujeres	4
2015	50	Zaragoza	08	Oceanía	501	Australia	Hombres	5
2015	50	Zaragoza	08	Oceanía	501	Australia	Mujeres	4
2015	50	Zaragoza	08	Oceanía	504	Nueva Zelanda	Hombres	2
2015	50	Zaragoza	08	Oceanía	504	Nueva Zelanda	Mujeres	3
2015	50	Zaragoza	09	Apátridas y no consta	555	Apátridas	Hombres	12
2015	50	Zaragoza	09	Apátridas y no consta	555	Apátridas	Mujeres	3
2016	22	Huesca	01	UE-28	102	Austria	Hombres	4
2016	22	Huesca	01	UE-28	102	Austria	Mujeres	4
2016	22	Huesca	01	UE-28	103	Bélgica	Hombres	33
2016	22	Huesca	01	UE-28	103	Bélgica	Mujeres	35
2016	22	Huesca	01	UE-28	104	Bulgaria	Hombres	905
2016	22	Huesca	01	UE-28	104	Bulgaria	Mujeres	889
2016	22	Huesca	01	UE-28	107	Dinamarca	Hombres	4
2016	22	Huesca	01	UE-28	107	Dinamarca	Mujeres	4
2016	22	Huesca	01	UE-28	109	Finlandia	Hombres	2
2016	22	Huesca	01	UE-28	109	Finlandia	Mujeres	2
2016	22	Huesca	01	UE-28	110	Francia	Hombres	206
2016	22	Huesca	01	UE-28	110	Francia	Mujeres	206
2016	22	Huesca	01	UE-28	111	Grecia	Hombres	2
2016	22	Huesca	01	UE-28	111	Grecia	Mujeres	5
2016	22	Huesca	01	UE-28	112	Hungría	Hombres	8
2016	22	Huesca	01	UE-28	112	Hungría	Mujeres	10
2016	22	Huesca	01	UE-28	113	Irlanda	Hombres	15
2016	22	Huesca	01	UE-28	113	Irlanda	Mujeres	6
2016	22	Huesca	01	UE-28	115	Italia	Hombres	126
2016	22	Huesca	01	UE-28	115	Italia	Mujeres	97
2016	22	Huesca	01	UE-28	121	Países Bajos	Hombres	59
2016	22	Huesca	01	UE-28	121	Países Bajos	Mujeres	64
2016	22	Huesca	01	UE-28	122	Polonia	Hombres	212
2016	22	Huesca	01	UE-28	122	Polonia	Mujeres	247
2016	22	Huesca	01	UE-28	123	Portugal	Hombres	287
2016	22	Huesca	01	UE-28	123	Portugal	Mujeres	185
2016	22	Huesca	01	UE-28	125	Reino Unido	Hombres	83
2016	22	Huesca	01	UE-28	125	Reino Unido	Mujeres	78
2016	22	Huesca	01	UE-28	126	Alemania	Hombres	66
2016	22	Huesca	01	UE-28	126	Alemania	Mujeres	59
2016	22	Huesca	01	UE-28	128	Rumanía	Hombres	3800
2016	22	Huesca	01	UE-28	128	Rumanía	Mujeres	3903
2016	22	Huesca	01	UE-28	131	Suecia	Hombres	3
2016	22	Huesca	01	UE-28	131	Suecia	Mujeres	3
2016	22	Huesca	01	UE-28	136	Letonia	Hombres	9
2016	22	Huesca	01	UE-28	136	Letonia	Mujeres	6
2016	22	Huesca	01	UE-28	141	Estonia	Hombres	2
2016	22	Huesca	01	UE-28	142	Lituania	Hombres	95
2016	22	Huesca	01	UE-28	142	Lituania	Mujeres	111
2016	22	Huesca	01	UE-28	143	República Checa	Hombres	10
2016	22	Huesca	01	UE-28	143	República Checa	Mujeres	13
2016	22	Huesca	01	UE-28	144	Eslovaquia	Hombres	5
2016	22	Huesca	01	UE-28	144	Eslovaquia	Mujeres	16
2016	22	Huesca	01	UE-28	146	Croacia	Mujeres	1
2016	22	Huesca	01	UE-28	147	Eslovenia	Hombres	2
2016	22	Huesca	01	UE-28	147	Eslovenia	Mujeres	1
2016	22	Huesca	02	Resto de Europa	101	Albania	Hombres	3
2016	22	Huesca	02	Resto de Europa	101	Albania	Mujeres	1
2016	22	Huesca	02	Resto de Europa	114	Islandia	Mujeres	1
2016	22	Huesca	02	Resto de Europa	120	Noruega	Hombres	2
2016	22	Huesca	02	Resto de Europa	120	Noruega	Mujeres	4
2016	22	Huesca	02	Resto de Europa	124	Andorra	Hombres	6
2016	22	Huesca	02	Resto de Europa	124	Andorra	Mujeres	3
2016	22	Huesca	02	Resto de Europa	132	Suiza	Hombres	13
2016	22	Huesca	02	Resto de Europa	132	Suiza	Mujeres	11
2016	22	Huesca	02	Resto de Europa	135	Ucrania	Hombres	287
2016	22	Huesca	02	Resto de Europa	135	Ucrania	Mujeres	289
2016	22	Huesca	02	Resto de Europa	137	Moldova	Hombres	23
2016	22	Huesca	02	Resto de Europa	137	Moldova	Mujeres	20
2016	22	Huesca	02	Resto de Europa	138	Bielorrusia	Hombres	10
2016	22	Huesca	02	Resto de Europa	138	Bielorrusia	Mujeres	8
2016	22	Huesca	02	Resto de Europa	139	Georgia	Hombres	2
2016	22	Huesca	02	Resto de Europa	139	Georgia	Mujeres	3
2016	22	Huesca	02	Resto de Europa	145	Bosnia-Herzegovina	Hombres	1
2016	22	Huesca	02	Resto de Europa	148	Armenia	Hombres	20
2016	22	Huesca	02	Resto de Europa	148	Armenia	Mujeres	23
2016	22	Huesca	02	Resto de Europa	154	Rusia	Hombres	24
2016	22	Huesca	02	Resto de Europa	154	Rusia	Mujeres	84
2016	22	Huesca	02	Resto de Europa	157	Serbia	Hombres	13
2016	22	Huesca	02	Resto de Europa	157	Serbia	Mujeres	7
2016	22	Huesca	02	Resto de Europa	436	Turquía	Hombres	6
2016	22	Huesca	03	Magreb	203	Argelia	Hombres	431
2016	22	Huesca	03	Magreb	203	Argelia	Mujeres	271
2016	22	Huesca	03	Magreb	228	Marruecos	Hombres	1774
2016	22	Huesca	03	Magreb	228	Marruecos	Mujeres	1557
2016	22	Huesca	03	Magreb	230	Mauritania	Hombres	84
2016	22	Huesca	03	Magreb	230	Mauritania	Mujeres	19
2016	22	Huesca	03	Magreb	248	Túnez	Hombres	4
2016	22	Huesca	03	Magreb	248	Túnez	Mujeres	1
2016	22	Huesca	04	Resto de África	201	Burkina Fasso	Hombres	37
2016	22	Huesca	04	Resto de África	201	Burkina Fasso	Mujeres	17
2016	22	Huesca	04	Resto de África	202	Angola	Hombres	1
2016	22	Huesca	04	Resto de África	202	Angola	Mujeres	2
2016	22	Huesca	04	Resto de África	204	Benin	Hombres	2
2016	22	Huesca	04	Resto de África	204	Benin	Mujeres	3
2016	22	Huesca	04	Resto de África	207	Cabo Verde	Hombres	10
2016	22	Huesca	04	Resto de África	207	Cabo Verde	Mujeres	5
2016	22	Huesca	04	Resto de África	208	Camerún	Hombres	5
2016	22	Huesca	04	Resto de África	208	Camerún	Mujeres	1
2016	22	Huesca	04	Resto de África	210	Congo	Hombres	1
2016	22	Huesca	04	Resto de África	211	Costa de Marfil	Hombres	33
2016	22	Huesca	04	Resto de África	211	Costa de Marfil	Mujeres	18
2016	22	Huesca	04	Resto de África	213	Egipto	Hombres	2
2016	22	Huesca	04	Resto de África	215	Gabón	Mujeres	1
2016	22	Huesca	04	Resto de África	216	Gambia	Hombres	523
2016	22	Huesca	04	Resto de África	216	Gambia	Mujeres	123
2016	22	Huesca	04	Resto de África	217	Ghana	Hombres	65
2016	22	Huesca	04	Resto de África	217	Ghana	Mujeres	31
2016	22	Huesca	04	Resto de África	218	Guinea	Hombres	173
2016	22	Huesca	04	Resto de África	218	Guinea	Mujeres	68
2016	22	Huesca	04	Resto de África	219	Guinea Bissau	Hombres	25
2016	22	Huesca	04	Resto de África	219	Guinea Bissau	Mujeres	1
2016	22	Huesca	04	Resto de África	220	Guinea Ecuatorial	Hombres	10
2016	22	Huesca	04	Resto de África	220	Guinea Ecuatorial	Mujeres	9
2016	22	Huesca	04	Resto de África	221	Kenia	Hombres	5
2016	22	Huesca	04	Resto de África	221	Kenia	Mujeres	25
2016	22	Huesca	04	Resto de África	223	Liberia	Hombres	1
2016	22	Huesca	04	Resto de África	227	Mali	Hombres	885
2016	22	Huesca	04	Resto de África	227	Mali	Mujeres	169
2016	22	Huesca	04	Resto de África	233	Níger	Hombres	10
2016	22	Huesca	04	Resto de África	233	Níger	Mujeres	3
2016	22	Huesca	04	Resto de África	234	Nigeria	Hombres	50
2016	22	Huesca	04	Resto de África	234	Nigeria	Mujeres	38
2016	22	Huesca	04	Resto de África	236	Sudáfrica	Hombres	1
2016	22	Huesca	04	Resto de África	236	Sudáfrica	Mujeres	1
2016	22	Huesca	04	Resto de África	239	Senegal	Hombres	432
2016	22	Huesca	04	Resto de África	239	Senegal	Mujeres	86
2016	22	Huesca	04	Resto de África	241	Sierra Leona	Hombres	2
2016	22	Huesca	04	Resto de África	247	Togo	Hombres	5
2016	22	Huesca	04	Resto de África	247	Togo	Mujeres	4
2016	22	Huesca	05	América del Norte	301	Canadá	Hombres	4
2016	22	Huesca	05	América del Norte	301	Canadá	Mujeres	4
2016	22	Huesca	05	América del Norte	302	Estados Unidos de América	Hombres	28
2016	22	Huesca	05	América del Norte	302	Estados Unidos de América	Mujeres	29
2016	22	Huesca	06	Resto de América	303	México	Hombres	24
2016	22	Huesca	06	Resto de América	303	México	Mujeres	26
2016	22	Huesca	06	Resto de América	314	Costa Rica	Hombres	3
2016	22	Huesca	06	Resto de América	314	Costa Rica	Mujeres	3
2016	22	Huesca	06	Resto de América	315	Cuba	Hombres	63
2016	22	Huesca	06	Resto de América	315	Cuba	Mujeres	93
2016	22	Huesca	06	Resto de América	316	Dominica	Mujeres	2
2016	22	Huesca	06	Resto de América	317	El Salvador	Hombres	2
2016	22	Huesca	06	Resto de América	317	El Salvador	Mujeres	18
2016	22	Huesca	06	Resto de América	319	Guatemala	Hombres	4
2016	22	Huesca	06	Resto de América	319	Guatemala	Mujeres	6
2016	22	Huesca	06	Resto de América	321	Honduras	Hombres	26
2016	22	Huesca	06	Resto de América	321	Honduras	Mujeres	104
2016	22	Huesca	06	Resto de América	323	Nicaragua	Hombres	40
2016	22	Huesca	06	Resto de América	323	Nicaragua	Mujeres	241
2016	22	Huesca	06	Resto de América	324	Panamá	Hombres	1
2016	22	Huesca	06	Resto de América	324	Panamá	Mujeres	2
2016	22	Huesca	06	Resto de América	326	República Dominicana	Hombres	149
2016	22	Huesca	06	Resto de América	326	República Dominicana	Mujeres	220
2016	22	Huesca	06	Resto de América	340	Argentina	Hombres	114
2016	22	Huesca	06	Resto de América	340	Argentina	Mujeres	113
2016	22	Huesca	06	Resto de América	341	Bolivia	Hombres	63
2016	22	Huesca	06	Resto de América	341	Bolivia	Mujeres	89
2016	22	Huesca	06	Resto de América	342	Brasil	Hombres	50
2016	22	Huesca	06	Resto de América	342	Brasil	Mujeres	162
2016	22	Huesca	06	Resto de América	343	Colombia	Hombres	185
2016	22	Huesca	06	Resto de América	343	Colombia	Mujeres	220
2016	22	Huesca	06	Resto de América	344	Chile	Hombres	35
2016	22	Huesca	06	Resto de América	344	Chile	Mujeres	32
2016	22	Huesca	06	Resto de América	345	Ecuador	Hombres	195
2016	22	Huesca	06	Resto de América	345	Ecuador	Mujeres	149
2016	22	Huesca	06	Resto de América	347	Paraguay	Hombres	16
2016	22	Huesca	06	Resto de América	347	Paraguay	Mujeres	46
2016	22	Huesca	06	Resto de América	348	Perú	Hombres	41
2016	22	Huesca	06	Resto de América	348	Perú	Mujeres	64
2016	22	Huesca	06	Resto de América	350	Uruguay	Hombres	37
2016	22	Huesca	06	Resto de América	350	Uruguay	Mujeres	35
2016	22	Huesca	06	Resto de América	351	Venezuela	Hombres	42
2016	22	Huesca	06	Resto de América	351	Venezuela	Mujeres	75
2016	22	Huesca	07	Asia	404	Bangladesh	Hombres	2
2016	22	Huesca	07	Asia	404	Bangladesh	Mujeres	1
2016	22	Huesca	07	Asia	407	China	Hombres	184
2016	22	Huesca	07	Asia	407	China	Mujeres	192
2016	22	Huesca	07	Asia	408	Emiratos Arabes Unidos	Mujeres	1
2016	22	Huesca	07	Asia	409	Filipinas	Hombres	3
2016	22	Huesca	07	Asia	409	Filipinas	Mujeres	5
2016	22	Huesca	07	Asia	410	India	Hombres	10
2016	22	Huesca	07	Asia	410	India	Mujeres	3
2016	22	Huesca	07	Asia	411	Indonesia	Mujeres	2
2016	22	Huesca	07	Asia	414	Israel	Hombres	1
2016	22	Huesca	07	Asia	415	Japón	Hombres	3
2016	22	Huesca	07	Asia	415	Japón	Mujeres	5
2016	22	Huesca	07	Asia	419	Laos	Mujeres	1
2016	22	Huesca	07	Asia	420	Líbano	Hombres	3
2016	22	Huesca	07	Asia	421	Malasia	Hombres	1
2016	22	Huesca	07	Asia	423	Mongolia	Mujeres	2
2016	22	Huesca	07	Asia	426	Pakistán	Hombres	72
2016	22	Huesca	07	Asia	426	Pakistán	Mujeres	25
2016	22	Huesca	07	Asia	430	República de Corea	Mujeres	2
2016	22	Huesca	07	Asia	433	Siria	Hombres	2
2016	22	Huesca	07	Asia	433	Siria	Mujeres	2
2016	22	Huesca	07	Asia	435	Tailandia	Mujeres	9
2016	22	Huesca	07	Asia	437	Vietnam	Mujeres	2
2016	22	Huesca	07	Asia	499	Países sin relaciones diplomáticas	Hombres	7
2016	22	Huesca	07	Asia	499	Países sin relaciones diplomáticas	Mujeres	4
2016	22	Huesca	08	Oceanía	501	Australia	Hombres	2
2016	22	Huesca	08	Oceanía	501	Australia	Mujeres	6
2016	22	Huesca	08	Oceanía	511	Micronesia	Hombres	3
2016	22	Huesca	08	Oceanía	511	Micronesia	Mujeres	6
2016	22	Huesca	08	Oceanía	515	Nauru	Mujeres	2
2016	22	Huesca	08	Oceanía	516	Palaos	Hombres	14
2016	22	Huesca	08	Oceanía	516	Palaos	Mujeres	12
2016	22	Huesca	09	Apátridas y no consta	555	Apátridas	Hombres	1
2016	44	Teruel	01	UE-28	102	Austria	Hombres	2
2016	44	Teruel	01	UE-28	102	Austria	Mujeres	2
2016	44	Teruel	01	UE-28	103	Bélgica	Hombres	6
2016	44	Teruel	01	UE-28	103	Bélgica	Mujeres	9
2016	44	Teruel	01	UE-28	104	Bulgaria	Hombres	111
2016	44	Teruel	01	UE-28	104	Bulgaria	Mujeres	118
2016	44	Teruel	01	UE-28	106	Chipre	Mujeres	1
2016	44	Teruel	01	UE-28	107	Dinamarca	Hombres	1
2016	44	Teruel	01	UE-28	109	Finlandia	Mujeres	1
2016	44	Teruel	01	UE-28	110	Francia	Hombres	35
2016	44	Teruel	01	UE-28	110	Francia	Mujeres	46
2016	44	Teruel	01	UE-28	111	Grecia	Hombres	2
2016	44	Teruel	01	UE-28	111	Grecia	Mujeres	1
2016	44	Teruel	01	UE-28	112	Hungría	Hombres	6
2016	44	Teruel	01	UE-28	112	Hungría	Mujeres	10
2016	44	Teruel	01	UE-28	113	Irlanda	Hombres	7
2016	44	Teruel	01	UE-28	113	Irlanda	Mujeres	1
2016	44	Teruel	01	UE-28	115	Italia	Hombres	64
2016	44	Teruel	01	UE-28	115	Italia	Mujeres	47
2016	44	Teruel	01	UE-28	121	Países Bajos	Hombres	21
2016	44	Teruel	01	UE-28	121	Países Bajos	Mujeres	18
2016	44	Teruel	01	UE-28	122	Polonia	Hombres	278
2016	44	Teruel	01	UE-28	122	Polonia	Mujeres	235
2016	44	Teruel	01	UE-28	123	Portugal	Hombres	103
2016	44	Teruel	01	UE-28	123	Portugal	Mujeres	65
2016	44	Teruel	01	UE-28	125	Reino Unido	Hombres	60
2016	44	Teruel	01	UE-28	125	Reino Unido	Mujeres	56
2016	44	Teruel	01	UE-28	126	Alemania	Hombres	33
2016	44	Teruel	01	UE-28	126	Alemania	Mujeres	27
2016	44	Teruel	01	UE-28	128	Rumanía	Hombres	2793
2016	44	Teruel	01	UE-28	128	Rumanía	Mujeres	2822
2016	44	Teruel	01	UE-28	131	Suecia	Hombres	4
2016	44	Teruel	01	UE-28	131	Suecia	Mujeres	8
2016	44	Teruel	01	UE-28	136	Letonia	Hombres	5
2016	44	Teruel	01	UE-28	136	Letonia	Mujeres	5
2016	44	Teruel	01	UE-28	142	Lituania	Hombres	4
2016	44	Teruel	01	UE-28	142	Lituania	Mujeres	8
2016	44	Teruel	01	UE-28	143	República Checa	Hombres	12
2016	44	Teruel	01	UE-28	143	República Checa	Mujeres	14
2016	44	Teruel	01	UE-28	144	Eslovaquia	Hombres	1
2016	44	Teruel	01	UE-28	144	Eslovaquia	Mujeres	2
2016	44	Teruel	02	Resto de Europa	101	Albania	Hombres	2
2016	44	Teruel	02	Resto de Europa	101	Albania	Mujeres	4
2016	44	Teruel	02	Resto de Europa	114	Islandia	Hombres	1
2016	44	Teruel	02	Resto de Europa	120	Noruega	Hombres	1
2016	44	Teruel	02	Resto de Europa	132	Suiza	Hombres	3
2016	44	Teruel	02	Resto de Europa	132	Suiza	Mujeres	5
2016	44	Teruel	02	Resto de Europa	135	Ucrania	Hombres	90
2016	44	Teruel	02	Resto de Europa	135	Ucrania	Mujeres	88
2016	44	Teruel	02	Resto de Europa	137	Moldova	Hombres	13
2016	44	Teruel	02	Resto de Europa	137	Moldova	Mujeres	14
2016	44	Teruel	02	Resto de Europa	138	Bielorrusia	Hombres	1
2016	44	Teruel	02	Resto de Europa	138	Bielorrusia	Mujeres	5
2016	44	Teruel	02	Resto de Europa	139	Georgia	Hombres	1
2016	44	Teruel	02	Resto de Europa	148	Armenia	Hombres	3
2016	44	Teruel	02	Resto de Europa	148	Armenia	Mujeres	4
2016	44	Teruel	02	Resto de Europa	154	Rusia	Hombres	6
2016	44	Teruel	02	Resto de Europa	154	Rusia	Mujeres	24
2016	44	Teruel	02	Resto de Europa	157	Serbia	Hombres	1
2016	44	Teruel	02	Resto de Europa	436	Turquía	Hombres	2
2016	44	Teruel	03	Magreb	203	Argelia	Hombres	108
2016	44	Teruel	03	Magreb	203	Argelia	Mujeres	65
2016	44	Teruel	03	Magreb	228	Marruecos	Hombres	2473
2016	44	Teruel	03	Magreb	228	Marruecos	Mujeres	1735
2016	44	Teruel	03	Magreb	248	Túnez	Mujeres	1
2016	44	Teruel	04	Resto de África	207	Cabo Verde	Hombres	12
2016	44	Teruel	04	Resto de África	207	Cabo Verde	Mujeres	15
2016	44	Teruel	04	Resto de África	208	Camerún	Hombres	4
2016	44	Teruel	04	Resto de África	208	Camerún	Mujeres	6
2016	44	Teruel	04	Resto de África	213	Egipto	Hombres	2
2016	44	Teruel	04	Resto de África	214	Etiopía	Hombres	1
2016	44	Teruel	04	Resto de África	216	Gambia	Hombres	6
2016	44	Teruel	04	Resto de África	216	Gambia	Mujeres	6
2016	44	Teruel	04	Resto de África	217	Ghana	Hombres	11
2016	44	Teruel	04	Resto de África	217	Ghana	Mujeres	5
2016	44	Teruel	04	Resto de África	219	Guinea Bissau	Hombres	1
2016	44	Teruel	04	Resto de África	220	Guinea Ecuatorial	Hombres	1
2016	44	Teruel	04	Resto de África	220	Guinea Ecuatorial	Mujeres	3
2016	44	Teruel	04	Resto de África	221	Kenia	Mujeres	2
2016	44	Teruel	04	Resto de África	227	Mali	Hombres	28
2016	44	Teruel	04	Resto de África	227	Mali	Mujeres	4
2016	44	Teruel	04	Resto de África	234	Nigeria	Hombres	2
2016	44	Teruel	04	Resto de África	237	Ruanda	Hombres	1
2016	44	Teruel	04	Resto de África	239	Senegal	Hombres	39
2016	44	Teruel	04	Resto de África	239	Senegal	Mujeres	14
2016	44	Teruel	05	América del Norte	301	Canadá	Hombres	1
2016	44	Teruel	05	América del Norte	302	Estados Unidos de América	Hombres	11
2016	44	Teruel	05	América del Norte	302	Estados Unidos de América	Mujeres	18
2016	44	Teruel	06	Resto de América	303	México	Hombres	1
2016	44	Teruel	06	Resto de América	303	México	Mujeres	10
2016	44	Teruel	06	Resto de América	314	Costa Rica	Hombres	1
2016	44	Teruel	06	Resto de América	314	Costa Rica	Mujeres	4
2016	44	Teruel	06	Resto de América	315	Cuba	Hombres	37
2016	44	Teruel	06	Resto de América	315	Cuba	Mujeres	59
2016	44	Teruel	06	Resto de América	316	Dominica	Hombres	1
2016	44	Teruel	06	Resto de América	317	El Salvador	Hombres	1
2016	44	Teruel	06	Resto de América	317	El Salvador	Mujeres	1
2016	44	Teruel	06	Resto de América	319	Guatemala	Hombres	1
2016	44	Teruel	06	Resto de América	321	Honduras	Hombres	4
2016	44	Teruel	06	Resto de América	321	Honduras	Mujeres	12
2016	44	Teruel	06	Resto de América	323	Nicaragua	Mujeres	33
2016	44	Teruel	06	Resto de América	324	Panamá	Hombres	2
2016	44	Teruel	06	Resto de América	324	Panamá	Mujeres	1
2016	44	Teruel	06	Resto de América	326	República Dominicana	Hombres	102
2016	44	Teruel	06	Resto de América	326	República Dominicana	Mujeres	146
2016	44	Teruel	06	Resto de América	329	San Cristóbal y Nieves	Mujeres	1
2016	44	Teruel	06	Resto de América	340	Argentina	Hombres	57
2016	44	Teruel	06	Resto de América	340	Argentina	Mujeres	67
2016	44	Teruel	06	Resto de América	341	Bolivia	Hombres	18
2016	44	Teruel	06	Resto de América	341	Bolivia	Mujeres	23
2016	44	Teruel	06	Resto de América	342	Brasil	Hombres	53
2016	44	Teruel	06	Resto de América	342	Brasil	Mujeres	139
2016	44	Teruel	06	Resto de América	343	Colombia	Hombres	157
2016	44	Teruel	06	Resto de América	343	Colombia	Mujeres	166
2016	44	Teruel	06	Resto de América	344	Chile	Hombres	18
2016	44	Teruel	06	Resto de América	344	Chile	Mujeres	27
2016	44	Teruel	06	Resto de América	345	Ecuador	Hombres	42
2016	44	Teruel	06	Resto de América	345	Ecuador	Mujeres	33
2016	44	Teruel	06	Resto de América	347	Paraguay	Hombres	16
2016	44	Teruel	06	Resto de América	347	Paraguay	Mujeres	11
2016	44	Teruel	06	Resto de América	348	Perú	Hombres	53
2016	44	Teruel	06	Resto de América	348	Perú	Mujeres	59
2016	44	Teruel	06	Resto de América	350	Uruguay	Hombres	15
2016	44	Teruel	06	Resto de América	350	Uruguay	Mujeres	15
2016	44	Teruel	06	Resto de América	351	Venezuela	Hombres	9
2016	44	Teruel	06	Resto de América	351	Venezuela	Mujeres	15
2016	44	Teruel	07	Asia	407	China	Hombres	79
2016	44	Teruel	07	Asia	407	China	Mujeres	65
2016	44	Teruel	07	Asia	409	Filipinas	Mujeres	1
2016	44	Teruel	07	Asia	410	India	Hombres	13
2016	44	Teruel	07	Asia	410	India	Mujeres	5
2016	44	Teruel	07	Asia	413	Irán	Hombres	1
2016	44	Teruel	07	Asia	414	Israel	Hombres	1
2016	44	Teruel	07	Asia	415	Japón	Mujeres	2
2016	44	Teruel	07	Asia	420	Líbano	Hombres	1
2016	44	Teruel	07	Asia	426	Pakistán	Hombres	231
2016	44	Teruel	07	Asia	426	Pakistán	Mujeres	157
2016	44	Teruel	07	Asia	433	Siria	Hombres	2
2016	44	Teruel	07	Asia	433	Siria	Mujeres	1
2016	44	Teruel	07	Asia	434	Sri-Lanka	Hombres	1
2016	44	Teruel	07	Asia	435	Tailandia	Mujeres	3
2016	44	Teruel	07	Asia	443	Kazajstan	Hombres	3
2016	44	Teruel	07	Asia	443	Kazajstan	Mujeres	4
2016	44	Teruel	07	Asia	444	Kirgvistan	Mujeres	1
2016	44	Teruel	07	Asia	447	Uzbekistán	Hombres	1
2016	44	Teruel	08	Oceanía	501	Australia	Hombres	1
2016	44	Teruel	08	Oceanía	501	Australia	Mujeres	4
2016	44	Teruel	08	Oceanía	504	Nueva Zelanda	Hombres	2
2016	44	Teruel	09	Apátridas y no consta	555	Apátridas	Hombres	1
2016	44	Teruel	09	Apátridas y no consta	555	Apátridas	Mujeres	1
2016	50	Zaragoza	01	UE-28	102	Austria	Hombres	24
2016	50	Zaragoza	01	UE-28	102	Austria	Mujeres	17
2016	50	Zaragoza	01	UE-28	103	Bélgica	Hombres	43
2016	50	Zaragoza	01	UE-28	103	Bélgica	Mujeres	42
2016	50	Zaragoza	01	UE-28	104	Bulgaria	Hombres	1468
2016	50	Zaragoza	01	UE-28	104	Bulgaria	Mujeres	1340
2016	50	Zaragoza	01	UE-28	106	Chipre	Hombres	1
2016	50	Zaragoza	01	UE-28	106	Chipre	Mujeres	3
2016	50	Zaragoza	01	UE-28	107	Dinamarca	Hombres	22
2016	50	Zaragoza	01	UE-28	107	Dinamarca	Mujeres	7
2016	50	Zaragoza	01	UE-28	109	Finlandia	Hombres	4
2016	50	Zaragoza	01	UE-28	109	Finlandia	Mujeres	16
2016	50	Zaragoza	01	UE-28	110	Francia	Hombres	373
2016	50	Zaragoza	01	UE-28	110	Francia	Mujeres	440
2016	50	Zaragoza	01	UE-28	111	Grecia	Hombres	17
2016	50	Zaragoza	01	UE-28	111	Grecia	Mujeres	28
2016	50	Zaragoza	01	UE-28	112	Hungría	Hombres	28
2016	50	Zaragoza	01	UE-28	112	Hungría	Mujeres	49
2016	50	Zaragoza	01	UE-28	113	Irlanda	Hombres	30
2016	50	Zaragoza	01	UE-28	113	Irlanda	Mujeres	21
2016	50	Zaragoza	01	UE-28	115	Italia	Hombres	597
2016	50	Zaragoza	01	UE-28	115	Italia	Mujeres	423
2016	50	Zaragoza	01	UE-28	117	Luxemburgo	Hombres	1
2016	50	Zaragoza	01	UE-28	117	Luxemburgo	Mujeres	1
2016	50	Zaragoza	01	UE-28	118	Malta	Hombres	1
2016	50	Zaragoza	01	UE-28	121	Países Bajos	Hombres	113
2016	50	Zaragoza	01	UE-28	121	Países Bajos	Mujeres	87
2016	50	Zaragoza	01	UE-28	122	Polonia	Hombres	607
2016	50	Zaragoza	01	UE-28	122	Polonia	Mujeres	709
2016	50	Zaragoza	01	UE-28	123	Portugal	Hombres	867
2016	50	Zaragoza	01	UE-28	123	Portugal	Mujeres	525
2016	50	Zaragoza	01	UE-28	125	Reino Unido	Hombres	221
2016	50	Zaragoza	01	UE-28	125	Reino Unido	Mujeres	150
2016	50	Zaragoza	01	UE-28	126	Alemania	Hombres	185
2016	50	Zaragoza	01	UE-28	126	Alemania	Mujeres	155
2016	50	Zaragoza	01	UE-28	128	Rumanía	Hombres	17904
2016	50	Zaragoza	01	UE-28	128	Rumanía	Mujeres	18240
2016	50	Zaragoza	01	UE-28	131	Suecia	Hombres	12
2016	50	Zaragoza	01	UE-28	131	Suecia	Mujeres	18
2016	50	Zaragoza	01	UE-28	136	Letonia	Hombres	16
2016	50	Zaragoza	01	UE-28	136	Letonia	Mujeres	19
2016	50	Zaragoza	01	UE-28	141	Estonia	Hombres	1
2016	50	Zaragoza	01	UE-28	141	Estonia	Mujeres	4
2016	50	Zaragoza	01	UE-28	142	Lituania	Hombres	39
2016	50	Zaragoza	01	UE-28	142	Lituania	Mujeres	64
2016	50	Zaragoza	01	UE-28	143	República Checa	Hombres	37
2016	50	Zaragoza	01	UE-28	143	República Checa	Mujeres	43
2016	50	Zaragoza	01	UE-28	144	Eslovaquia	Hombres	34
2016	50	Zaragoza	01	UE-28	144	Eslovaquia	Mujeres	37
2016	50	Zaragoza	01	UE-28	146	Croacia	Hombres	12
2016	50	Zaragoza	01	UE-28	146	Croacia	Mujeres	11
2016	50	Zaragoza	01	UE-28	147	Eslovenia	Hombres	1
2016	50	Zaragoza	01	UE-28	147	Eslovenia	Mujeres	11
2016	50	Zaragoza	02	Resto de Europa	101	Albania	Hombres	15
2016	50	Zaragoza	02	Resto de Europa	101	Albania	Mujeres	19
2016	50	Zaragoza	02	Resto de Europa	120	Noruega	Hombres	5
2016	50	Zaragoza	02	Resto de Europa	120	Noruega	Mujeres	8
2016	50	Zaragoza	02	Resto de Europa	124	Andorra	Hombres	6
2016	50	Zaragoza	02	Resto de Europa	124	Andorra	Mujeres	2
2016	50	Zaragoza	02	Resto de Europa	132	Suiza	Hombres	15
2016	50	Zaragoza	02	Resto de Europa	132	Suiza	Mujeres	10
2016	50	Zaragoza	02	Resto de Europa	135	Ucrania	Hombres	570
2016	50	Zaragoza	02	Resto de Europa	135	Ucrania	Mujeres	807
2016	50	Zaragoza	02	Resto de Europa	137	Moldova	Hombres	107
2016	50	Zaragoza	02	Resto de Europa	137	Moldova	Mujeres	160
2016	50	Zaragoza	02	Resto de Europa	138	Bielorrusia	Hombres	20
2016	50	Zaragoza	02	Resto de Europa	138	Bielorrusia	Mujeres	44
2016	50	Zaragoza	02	Resto de Europa	139	Georgia	Hombres	32
2016	50	Zaragoza	02	Resto de Europa	139	Georgia	Mujeres	24
2016	50	Zaragoza	02	Resto de Europa	145	Bosnia-Herzegovina	Hombres	10
2016	50	Zaragoza	02	Resto de Europa	145	Bosnia-Herzegovina	Mujeres	17
2016	50	Zaragoza	02	Resto de Europa	148	Armenia	Hombres	25
2016	50	Zaragoza	02	Resto de Europa	148	Armenia	Mujeres	38
2016	50	Zaragoza	02	Resto de Europa	154	Rusia	Hombres	113
2016	50	Zaragoza	02	Resto de Europa	154	Rusia	Mujeres	493
2016	50	Zaragoza	02	Resto de Europa	156	Macedonia	Hombres	2
2016	50	Zaragoza	02	Resto de Europa	156	Macedonia	Mujeres	1
2016	50	Zaragoza	02	Resto de Europa	157	Serbia	Hombres	14
2016	50	Zaragoza	02	Resto de Europa	157	Serbia	Mujeres	19
2016	50	Zaragoza	02	Resto de Europa	436	Turquía	Hombres	31
2016	50	Zaragoza	02	Resto de Europa	436	Turquía	Mujeres	19
2016	50	Zaragoza	03	Magreb	203	Argelia	Hombres	2646
2016	50	Zaragoza	03	Magreb	203	Argelia	Mujeres	1474
2016	50	Zaragoza	03	Magreb	224	Libia	Hombres	5
2016	50	Zaragoza	03	Magreb	224	Libia	Mujeres	5
2016	50	Zaragoza	03	Magreb	228	Marruecos	Hombres	5936
2016	50	Zaragoza	03	Magreb	228	Marruecos	Mujeres	4489
2016	50	Zaragoza	03	Magreb	230	Mauritania	Hombres	180
2016	50	Zaragoza	03	Magreb	230	Mauritania	Mujeres	44
2016	50	Zaragoza	03	Magreb	248	Túnez	Hombres	43
2016	50	Zaragoza	03	Magreb	248	Túnez	Mujeres	30
2016	50	Zaragoza	04	Resto de África	201	Burkina Fasso	Hombres	39
2016	50	Zaragoza	04	Resto de África	201	Burkina Fasso	Mujeres	21
2016	50	Zaragoza	04	Resto de África	202	Angola	Hombres	22
2016	50	Zaragoza	04	Resto de África	202	Angola	Mujeres	6
2016	50	Zaragoza	04	Resto de África	204	Benin	Hombres	5
2016	50	Zaragoza	04	Resto de África	204	Benin	Mujeres	1
2016	50	Zaragoza	04	Resto de África	206	Burundi	Mujeres	1
2016	50	Zaragoza	04	Resto de África	207	Cabo Verde	Hombres	135
2016	50	Zaragoza	04	Resto de África	207	Cabo Verde	Mujeres	139
2016	50	Zaragoza	04	Resto de África	208	Camerún	Hombres	104
2016	50	Zaragoza	04	Resto de África	208	Camerún	Mujeres	93
2016	50	Zaragoza	04	Resto de África	210	Congo	Hombres	30
2016	50	Zaragoza	04	Resto de África	210	Congo	Mujeres	14
2016	50	Zaragoza	04	Resto de África	211	Costa de Marfil	Hombres	41
2016	50	Zaragoza	04	Resto de África	211	Costa de Marfil	Mujeres	25
2016	50	Zaragoza	04	Resto de África	213	Egipto	Hombres	60
2016	50	Zaragoza	04	Resto de África	213	Egipto	Mujeres	39
2016	50	Zaragoza	04	Resto de África	214	Etiopía	Hombres	1
2016	50	Zaragoza	04	Resto de África	214	Etiopía	Mujeres	1
2016	50	Zaragoza	04	Resto de África	215	Gabón	Hombres	1
2016	50	Zaragoza	04	Resto de África	215	Gabón	Mujeres	6
2016	50	Zaragoza	04	Resto de África	216	Gambia	Hombres	935
2016	50	Zaragoza	04	Resto de África	216	Gambia	Mujeres	423
2016	50	Zaragoza	04	Resto de África	217	Ghana	Hombres	1069
2016	50	Zaragoza	04	Resto de África	217	Ghana	Mujeres	429
2016	50	Zaragoza	04	Resto de África	218	Guinea	Hombres	263
2016	50	Zaragoza	04	Resto de África	218	Guinea	Mujeres	302
2016	50	Zaragoza	04	Resto de África	219	Guinea Bissau	Hombres	55
2016	50	Zaragoza	04	Resto de África	219	Guinea Bissau	Mujeres	34
2016	50	Zaragoza	04	Resto de África	220	Guinea Ecuatorial	Hombres	215
2016	50	Zaragoza	04	Resto de África	220	Guinea Ecuatorial	Mujeres	379
2016	50	Zaragoza	04	Resto de África	221	Kenia	Hombres	3
2016	50	Zaragoza	04	Resto de África	221	Kenia	Mujeres	12
2016	50	Zaragoza	04	Resto de África	223	Liberia	Hombres	4
2016	50	Zaragoza	04	Resto de África	225	Madagascar	Mujeres	7
2016	50	Zaragoza	04	Resto de África	227	Mali	Hombres	536
2016	50	Zaragoza	04	Resto de África	227	Mali	Mujeres	152
2016	50	Zaragoza	04	Resto de África	231	Mozambique	Mujeres	1
2016	50	Zaragoza	04	Resto de África	233	Níger	Hombres	6
2016	50	Zaragoza	04	Resto de África	233	Níger	Mujeres	5
2016	50	Zaragoza	04	Resto de África	234	Nigeria	Hombres	307
2016	50	Zaragoza	04	Resto de África	234	Nigeria	Mujeres	350
2016	50	Zaragoza	04	Resto de África	235	República Centroafricana	Hombres	3
2016	50	Zaragoza	04	Resto de África	235	República Centroafricana	Mujeres	2
2016	50	Zaragoza	04	Resto de África	236	Sudáfrica	Hombres	5
2016	50	Zaragoza	04	Resto de África	236	Sudáfrica	Mujeres	4
2016	50	Zaragoza	04	Resto de África	238	Santo Tome y Príncipe	Hombres	1
2016	50	Zaragoza	04	Resto de África	239	Senegal	Hombres	1990
2016	50	Zaragoza	04	Resto de África	239	Senegal	Mujeres	515
2016	50	Zaragoza	04	Resto de África	241	Sierra Leona	Hombres	4
2016	50	Zaragoza	04	Resto de África	241	Sierra Leona	Mujeres	4
2016	50	Zaragoza	04	Resto de África	243	Sudán	Hombres	7
2016	50	Zaragoza	04	Resto de África	243	Sudán	Mujeres	4
2016	50	Zaragoza	04	Resto de África	246	Chad	Mujeres	1
2016	50	Zaragoza	04	Resto de África	247	Togo	Hombres	9
2016	50	Zaragoza	04	Resto de África	247	Togo	Mujeres	11
2016	50	Zaragoza	04	Resto de África	249	Uganda	Mujeres	1
2016	50	Zaragoza	04	Resto de África	250	Rep. Democrática del Congo	Hombres	25
2016	50	Zaragoza	04	Resto de África	250	Rep. Democrática del Congo	Mujeres	19
2016	50	Zaragoza	05	América del Norte	301	Canadá	Hombres	11
2016	50	Zaragoza	05	América del Norte	301	Canadá	Mujeres	15
2016	50	Zaragoza	05	América del Norte	302	Estados Unidos de América	Hombres	189
2016	50	Zaragoza	05	América del Norte	302	Estados Unidos de América	Mujeres	158
2016	50	Zaragoza	06	Resto de América	303	México	Hombres	105
2016	50	Zaragoza	06	Resto de América	303	México	Mujeres	154
2016	50	Zaragoza	06	Resto de América	314	Costa Rica	Hombres	14
2016	50	Zaragoza	06	Resto de América	314	Costa Rica	Mujeres	12
2016	50	Zaragoza	06	Resto de América	315	Cuba	Hombres	316
2016	50	Zaragoza	06	Resto de América	315	Cuba	Mujeres	451
2016	50	Zaragoza	06	Resto de América	316	Dominica	Hombres	2
2016	50	Zaragoza	06	Resto de América	316	Dominica	Mujeres	4
2016	50	Zaragoza	06	Resto de América	317	El Salvador	Hombres	102
2016	50	Zaragoza	06	Resto de América	317	El Salvador	Mujeres	152
2016	50	Zaragoza	06	Resto de América	319	Guatemala	Hombres	32
2016	50	Zaragoza	06	Resto de América	319	Guatemala	Mujeres	43
2016	50	Zaragoza	06	Resto de América	320	Haití	Hombres	6
2016	50	Zaragoza	06	Resto de América	320	Haití	Mujeres	3
2016	50	Zaragoza	06	Resto de América	321	Honduras	Hombres	210
2016	50	Zaragoza	06	Resto de América	321	Honduras	Mujeres	523
2016	50	Zaragoza	06	Resto de América	322	Jamaica	Mujeres	1
2016	50	Zaragoza	06	Resto de América	323	Nicaragua	Hombres	760
2016	50	Zaragoza	06	Resto de América	323	Nicaragua	Mujeres	2435
2016	50	Zaragoza	06	Resto de América	324	Panamá	Hombres	16
2016	50	Zaragoza	06	Resto de América	324	Panamá	Mujeres	22
2016	50	Zaragoza	06	Resto de América	326	República Dominicana	Hombres	644
2016	50	Zaragoza	06	Resto de América	326	República Dominicana	Mujeres	817
2016	50	Zaragoza	06	Resto de América	327	Trinidad y Tobago	Mujeres	1
2016	50	Zaragoza	06	Resto de América	328	Santa Lucia	Hombres	1
2016	50	Zaragoza	06	Resto de América	340	Argentina	Hombres	280
2016	50	Zaragoza	06	Resto de América	340	Argentina	Mujeres	370
2016	50	Zaragoza	06	Resto de América	341	Bolivia	Hombres	135
2016	50	Zaragoza	06	Resto de América	341	Bolivia	Mujeres	170
2016	50	Zaragoza	06	Resto de América	342	Brasil	Hombres	337
2016	50	Zaragoza	06	Resto de América	342	Brasil	Mujeres	815
2016	50	Zaragoza	06	Resto de América	343	Colombia	Hombres	1160
2016	50	Zaragoza	06	Resto de América	343	Colombia	Mujeres	1560
2016	50	Zaragoza	06	Resto de América	344	Chile	Hombres	142
2016	50	Zaragoza	06	Resto de América	344	Chile	Mujeres	154
2016	50	Zaragoza	06	Resto de América	345	Ecuador	Hombres	1933
2016	50	Zaragoza	06	Resto de América	345	Ecuador	Mujeres	1832
2016	50	Zaragoza	06	Resto de América	347	Paraguay	Hombres	48
2016	50	Zaragoza	06	Resto de América	347	Paraguay	Mujeres	152
2016	50	Zaragoza	06	Resto de América	348	Perú	Hombres	423
2016	50	Zaragoza	06	Resto de América	348	Perú	Mujeres	497
2016	50	Zaragoza	06	Resto de América	349	Surinam	Mujeres	1
2016	50	Zaragoza	06	Resto de América	350	Uruguay	Hombres	108
2016	50	Zaragoza	06	Resto de América	350	Uruguay	Mujeres	118
2016	50	Zaragoza	06	Resto de América	351	Venezuela	Hombres	203
2016	50	Zaragoza	06	Resto de América	351	Venezuela	Mujeres	331
2016	50	Zaragoza	07	Asia	402	Arabia Saudí	Hombres	1
2016	50	Zaragoza	07	Asia	402	Arabia Saudí	Mujeres	1
2016	50	Zaragoza	07	Asia	404	Bangladesh	Hombres	8
2016	50	Zaragoza	07	Asia	404	Bangladesh	Mujeres	3
2016	50	Zaragoza	07	Asia	407	China	Hombres	2306
2016	50	Zaragoza	07	Asia	407	China	Mujeres	2195
2016	50	Zaragoza	07	Asia	409	Filipinas	Hombres	21
2016	50	Zaragoza	07	Asia	409	Filipinas	Mujeres	37
2016	50	Zaragoza	07	Asia	410	India	Hombres	67
2016	50	Zaragoza	07	Asia	410	India	Mujeres	47
2016	50	Zaragoza	07	Asia	411	Indonesia	Mujeres	5
2016	50	Zaragoza	07	Asia	412	Irak	Hombres	16
2016	50	Zaragoza	07	Asia	412	Irak	Mujeres	7
2016	50	Zaragoza	07	Asia	413	Irán	Hombres	6
2016	50	Zaragoza	07	Asia	413	Irán	Mujeres	4
2016	50	Zaragoza	07	Asia	414	Israel	Hombres	5
2016	50	Zaragoza	07	Asia	414	Israel	Mujeres	5
2016	50	Zaragoza	07	Asia	415	Japón	Hombres	22
2016	50	Zaragoza	07	Asia	415	Japón	Mujeres	28
2016	50	Zaragoza	07	Asia	416	Jordania	Hombres	14
2016	50	Zaragoza	07	Asia	416	Jordania	Mujeres	9
2016	50	Zaragoza	07	Asia	418	Kuwait	Hombres	1
2016	50	Zaragoza	07	Asia	418	Kuwait	Mujeres	2
2016	50	Zaragoza	07	Asia	420	Líbano	Hombres	5
2016	50	Zaragoza	07	Asia	420	Líbano	Mujeres	4
2016	50	Zaragoza	07	Asia	423	Mongolia	Mujeres	3
2016	50	Zaragoza	07	Asia	424	Nepal	Hombres	11
2016	50	Zaragoza	07	Asia	424	Nepal	Mujeres	4
2016	50	Zaragoza	07	Asia	426	Pakistán	Hombres	989
2016	50	Zaragoza	07	Asia	426	Pakistán	Mujeres	259
2016	50	Zaragoza	07	Asia	430	República de Corea	Hombres	17
2016	50	Zaragoza	07	Asia	430	República de Corea	Mujeres	7
2016	50	Zaragoza	07	Asia	433	Siria	Hombres	34
2016	50	Zaragoza	07	Asia	433	Siria	Mujeres	18
2016	50	Zaragoza	07	Asia	434	Sri-Lanka	Hombres	1
2016	50	Zaragoza	07	Asia	434	Sri-Lanka	Mujeres	5
2016	50	Zaragoza	07	Asia	435	Tailandia	Mujeres	5
2016	50	Zaragoza	07	Asia	437	Vietnam	Hombres	14
2016	50	Zaragoza	07	Asia	437	Vietnam	Mujeres	21
2016	50	Zaragoza	07	Asia	442	Azerbaiyan	Hombres	1
2016	50	Zaragoza	07	Asia	442	Azerbaiyan	Mujeres	1
2016	50	Zaragoza	07	Asia	443	Kazajstan	Hombres	2
2016	50	Zaragoza	07	Asia	443	Kazajstan	Mujeres	4
2016	50	Zaragoza	07	Asia	444	Kirgvistan	Hombres	2
2016	50	Zaragoza	07	Asia	444	Kirgvistan	Mujeres	8
2016	50	Zaragoza	07	Asia	447	Uzbekistán	Mujeres	3
2016	50	Zaragoza	07	Asia	499	Países sin relaciones diplomáticas	Hombres	4
2016	50	Zaragoza	07	Asia	499	Países sin relaciones diplomáticas	Mujeres	5
2016	50	Zaragoza	08	Oceanía	501	Australia	Hombres	7
2016	50	Zaragoza	08	Oceanía	501	Australia	Mujeres	7
2016	50	Zaragoza	08	Oceanía	504	Nueva Zelanda	Hombres	3
2016	50	Zaragoza	08	Oceanía	504	Nueva Zelanda	Mujeres	2
2016	50	Zaragoza	09	Apátridas y no consta	555	Apátridas	Hombres	15
2016	50	Zaragoza	09	Apátridas y no consta	555	Apátridas	Mujeres	8
2017	22	Huesca	01	UE-28	102	Austria	Hombres	3
2017	22	Huesca	01	UE-28	102	Austria	Mujeres	3
2017	22	Huesca	01	UE-28	103	Bélgica	Hombres	29
2017	22	Huesca	01	UE-28	103	Bélgica	Mujeres	35
2017	22	Huesca	01	UE-28	104	Bulgaria	Hombres	846
2017	22	Huesca	01	UE-28	104	Bulgaria	Mujeres	812
2017	22	Huesca	01	UE-28	107	Dinamarca	Hombres	4
2017	22	Huesca	01	UE-28	107	Dinamarca	Mujeres	2
2017	22	Huesca	01	UE-28	109	Finlandia	Hombres	2
2017	22	Huesca	01	UE-28	109	Finlandia	Mujeres	3
2017	22	Huesca	01	UE-28	110	Francia	Hombres	179
2017	22	Huesca	01	UE-28	110	Francia	Mujeres	198
2017	22	Huesca	01	UE-28	111	Grecia	Hombres	1
2017	22	Huesca	01	UE-28	111	Grecia	Mujeres	5
2017	22	Huesca	01	UE-28	112	Hungría	Hombres	6
2017	22	Huesca	01	UE-28	112	Hungría	Mujeres	9
2017	22	Huesca	01	UE-28	113	Irlanda	Hombres	13
2017	22	Huesca	01	UE-28	113	Irlanda	Mujeres	7
2017	22	Huesca	01	UE-28	115	Italia	Hombres	122
2017	22	Huesca	01	UE-28	115	Italia	Mujeres	98
2017	22	Huesca	01	UE-28	121	Países Bajos	Hombres	54
2017	22	Huesca	01	UE-28	121	Países Bajos	Mujeres	58
2017	22	Huesca	01	UE-28	122	Polonia	Hombres	199
2017	22	Huesca	01	UE-28	122	Polonia	Mujeres	237
2017	22	Huesca	01	UE-28	123	Portugal	Hombres	258
2017	22	Huesca	01	UE-28	123	Portugal	Mujeres	171
2017	22	Huesca	01	UE-28	125	Reino Unido	Hombres	83
2017	22	Huesca	01	UE-28	125	Reino Unido	Mujeres	87
2017	22	Huesca	01	UE-28	126	Alemania	Hombres	61
2017	22	Huesca	01	UE-28	126	Alemania	Mujeres	60
2017	22	Huesca	01	UE-28	128	Rumanía	Hombres	3726
2017	22	Huesca	01	UE-28	128	Rumanía	Mujeres	3812
2017	22	Huesca	01	UE-28	131	Suecia	Hombres	1
2017	22	Huesca	01	UE-28	131	Suecia	Mujeres	1
2017	22	Huesca	01	UE-28	136	Letonia	Hombres	9
2017	22	Huesca	01	UE-28	136	Letonia	Mujeres	7
2017	22	Huesca	01	UE-28	141	Estonia	Hombres	2
2017	22	Huesca	01	UE-28	142	Lituania	Hombres	94
2017	22	Huesca	01	UE-28	142	Lituania	Mujeres	113
2017	22	Huesca	01	UE-28	143	República Checa	Hombres	8
2017	22	Huesca	01	UE-28	143	República Checa	Mujeres	9
2017	22	Huesca	01	UE-28	144	Eslovaquia	Hombres	4
2017	22	Huesca	01	UE-28	144	Eslovaquia	Mujeres	13
2017	22	Huesca	01	UE-28	147	Eslovenia	Hombres	2
2017	22	Huesca	02	Resto de Europa	101	Albania	Hombres	5
2017	22	Huesca	02	Resto de Europa	101	Albania	Mujeres	4
2017	22	Huesca	02	Resto de Europa	120	Noruega	Hombres	1
2017	22	Huesca	02	Resto de Europa	120	Noruega	Mujeres	3
2017	22	Huesca	02	Resto de Europa	124	Andorra	Hombres	6
2017	22	Huesca	02	Resto de Europa	124	Andorra	Mujeres	3
2017	22	Huesca	02	Resto de Europa	132	Suiza	Hombres	13
2017	22	Huesca	02	Resto de Europa	132	Suiza	Mujeres	12
2017	22	Huesca	02	Resto de Europa	135	Ucrania	Hombres	264
2017	22	Huesca	02	Resto de Europa	135	Ucrania	Mujeres	276
2017	22	Huesca	02	Resto de Europa	137	Moldova	Hombres	18
2017	22	Huesca	02	Resto de Europa	137	Moldova	Mujeres	18
2017	22	Huesca	02	Resto de Europa	138	Bielorrusia	Hombres	8
2017	22	Huesca	02	Resto de Europa	138	Bielorrusia	Mujeres	5
2017	22	Huesca	02	Resto de Europa	139	Georgia	Hombres	1
2017	22	Huesca	02	Resto de Europa	139	Georgia	Mujeres	2
2017	22	Huesca	02	Resto de Europa	148	Armenia	Hombres	18
2017	22	Huesca	02	Resto de Europa	148	Armenia	Mujeres	19
2017	22	Huesca	02	Resto de Europa	154	Rusia	Hombres	25
2017	22	Huesca	02	Resto de Europa	154	Rusia	Mujeres	85
2017	22	Huesca	02	Resto de Europa	157	Serbia	Hombres	10
2017	22	Huesca	02	Resto de Europa	157	Serbia	Mujeres	5
2017	22	Huesca	02	Resto de Europa	158	Montenegro	Hombres	2
2017	22	Huesca	02	Resto de Europa	436	Turquía	Hombres	5
2017	22	Huesca	02	Resto de Europa	436	Turquía	Mujeres	1
2017	22	Huesca	03	Magreb	203	Argelia	Hombres	383
2017	22	Huesca	03	Magreb	203	Argelia	Mujeres	266
2017	22	Huesca	03	Magreb	228	Marruecos	Hombres	1624
2017	22	Huesca	03	Magreb	228	Marruecos	Mujeres	1446
2017	22	Huesca	03	Magreb	230	Mauritania	Hombres	83
2017	22	Huesca	03	Magreb	230	Mauritania	Mujeres	15
2017	22	Huesca	03	Magreb	248	Túnez	Hombres	4
2017	22	Huesca	03	Magreb	248	Túnez	Mujeres	1
2017	22	Huesca	04	Resto de África	201	Burkina Fasso	Hombres	33
2017	22	Huesca	04	Resto de África	201	Burkina Fasso	Mujeres	15
2017	22	Huesca	04	Resto de África	202	Angola	Hombres	1
2017	22	Huesca	04	Resto de África	204	Benin	Hombres	2
2017	22	Huesca	04	Resto de África	204	Benin	Mujeres	3
2017	22	Huesca	04	Resto de África	207	Cabo Verde	Hombres	10
2017	22	Huesca	04	Resto de África	207	Cabo Verde	Mujeres	5
2017	22	Huesca	04	Resto de África	208	Camerún	Hombres	8
2017	22	Huesca	04	Resto de África	208	Camerún	Mujeres	1
2017	22	Huesca	04	Resto de África	210	Congo	Hombres	1
2017	22	Huesca	04	Resto de África	211	Costa de Marfil	Hombres	40
2017	22	Huesca	04	Resto de África	211	Costa de Marfil	Mujeres	24
2017	22	Huesca	04	Resto de África	213	Egipto	Hombres	2
2017	22	Huesca	04	Resto de África	214	Etiopía	Mujeres	1
2017	22	Huesca	04	Resto de África	215	Gabón	Mujeres	1
2017	22	Huesca	04	Resto de África	216	Gambia	Hombres	531
2017	22	Huesca	04	Resto de África	216	Gambia	Mujeres	114
2017	22	Huesca	04	Resto de África	217	Ghana	Hombres	60
2017	22	Huesca	04	Resto de África	217	Ghana	Mujeres	35
2017	22	Huesca	04	Resto de África	218	Guinea	Hombres	148
2017	22	Huesca	04	Resto de África	218	Guinea	Mujeres	56
2017	22	Huesca	04	Resto de África	219	Guinea Bissau	Hombres	26
2017	22	Huesca	04	Resto de África	219	Guinea Bissau	Mujeres	1
2017	22	Huesca	04	Resto de África	220	Guinea Ecuatorial	Hombres	7
2017	22	Huesca	04	Resto de África	220	Guinea Ecuatorial	Mujeres	11
2017	22	Huesca	04	Resto de África	221	Kenia	Hombres	5
2017	22	Huesca	04	Resto de África	221	Kenia	Mujeres	23
2017	22	Huesca	04	Resto de África	223	Liberia	Hombres	1
2017	22	Huesca	04	Resto de África	227	Mali	Hombres	890
2017	22	Huesca	04	Resto de África	227	Mali	Mujeres	179
2017	22	Huesca	04	Resto de África	229	Mauricio	Hombres	1
2017	22	Huesca	04	Resto de África	233	Níger	Hombres	10
2017	22	Huesca	04	Resto de África	233	Níger	Mujeres	2
2017	22	Huesca	04	Resto de África	234	Nigeria	Hombres	39
2017	22	Huesca	04	Resto de África	234	Nigeria	Mujeres	33
2017	22	Huesca	04	Resto de África	236	Sudáfrica	Hombres	1
2017	22	Huesca	04	Resto de África	236	Sudáfrica	Mujeres	1
2017	22	Huesca	04	Resto de África	239	Senegal	Hombres	463
2017	22	Huesca	04	Resto de África	239	Senegal	Mujeres	104
2017	22	Huesca	04	Resto de África	241	Sierra Leona	Hombres	2
2017	22	Huesca	04	Resto de África	247	Togo	Hombres	4
2017	22	Huesca	04	Resto de África	247	Togo	Mujeres	2
2017	22	Huesca	05	América del Norte	301	Canadá	Hombres	4
2017	22	Huesca	05	América del Norte	301	Canadá	Mujeres	5
2017	22	Huesca	05	América del Norte	302	Estados Unidos de América	Hombres	33
2017	22	Huesca	05	América del Norte	302	Estados Unidos de América	Mujeres	35
2017	22	Huesca	06	Resto de América	303	México	Hombres	23
2017	22	Huesca	06	Resto de América	303	México	Mujeres	25
2017	22	Huesca	06	Resto de América	314	Costa Rica	Hombres	3
2017	22	Huesca	06	Resto de América	314	Costa Rica	Mujeres	5
2017	22	Huesca	06	Resto de América	315	Cuba	Hombres	56
2017	22	Huesca	06	Resto de América	315	Cuba	Mujeres	86
2017	22	Huesca	06	Resto de América	316	Dominica	Mujeres	2
2017	22	Huesca	06	Resto de América	317	El Salvador	Hombres	3
2017	22	Huesca	06	Resto de América	317	El Salvador	Mujeres	19
2017	22	Huesca	06	Resto de América	319	Guatemala	Hombres	3
2017	22	Huesca	06	Resto de América	319	Guatemala	Mujeres	7
2017	22	Huesca	06	Resto de América	321	Honduras	Hombres	33
2017	22	Huesca	06	Resto de América	321	Honduras	Mujeres	121
2017	22	Huesca	06	Resto de América	323	Nicaragua	Hombres	52
2017	22	Huesca	06	Resto de América	323	Nicaragua	Mujeres	276
2017	22	Huesca	06	Resto de América	324	Panamá	Mujeres	1
2017	22	Huesca	06	Resto de América	326	República Dominicana	Hombres	142
2017	22	Huesca	06	Resto de América	326	República Dominicana	Mujeres	211
2017	22	Huesca	06	Resto de América	340	Argentina	Hombres	103
2017	22	Huesca	06	Resto de América	340	Argentina	Mujeres	118
2017	22	Huesca	06	Resto de América	341	Bolivia	Hombres	56
2017	22	Huesca	06	Resto de América	341	Bolivia	Mujeres	76
2017	22	Huesca	06	Resto de América	342	Brasil	Hombres	50
2017	22	Huesca	06	Resto de América	342	Brasil	Mujeres	160
2017	22	Huesca	06	Resto de América	343	Colombia	Hombres	190
2017	22	Huesca	06	Resto de América	343	Colombia	Mujeres	242
2017	22	Huesca	06	Resto de América	344	Chile	Hombres	34
2017	22	Huesca	06	Resto de América	344	Chile	Mujeres	26
2017	22	Huesca	06	Resto de América	345	Ecuador	Hombres	186
2017	22	Huesca	06	Resto de América	345	Ecuador	Mujeres	130
2017	22	Huesca	06	Resto de América	347	Paraguay	Hombres	19
2017	22	Huesca	06	Resto de América	347	Paraguay	Mujeres	50
2017	22	Huesca	06	Resto de América	348	Perú	Hombres	40
2017	22	Huesca	06	Resto de América	348	Perú	Mujeres	67
2017	22	Huesca	06	Resto de América	350	Uruguay	Hombres	31
2017	22	Huesca	06	Resto de América	350	Uruguay	Mujeres	30
2017	22	Huesca	06	Resto de América	351	Venezuela	Hombres	64
2017	22	Huesca	06	Resto de América	351	Venezuela	Mujeres	87
2017	22	Huesca	07	Asia	404	Bangladesh	Hombres	2
2017	22	Huesca	07	Asia	404	Bangladesh	Mujeres	2
2017	22	Huesca	07	Asia	407	China	Hombres	204
2017	22	Huesca	07	Asia	407	China	Mujeres	207
2017	22	Huesca	07	Asia	409	Filipinas	Hombres	3
2017	22	Huesca	07	Asia	409	Filipinas	Mujeres	6
2017	22	Huesca	07	Asia	410	India	Hombres	12
2017	22	Huesca	07	Asia	410	India	Mujeres	4
2017	22	Huesca	07	Asia	411	Indonesia	Mujeres	2
2017	22	Huesca	07	Asia	413	Irán	Mujeres	1
2017	22	Huesca	07	Asia	414	Israel	Hombres	1
2017	22	Huesca	07	Asia	415	Japón	Hombres	2
2017	22	Huesca	07	Asia	415	Japón	Mujeres	7
2017	22	Huesca	07	Asia	419	Laos	Mujeres	2
2017	22	Huesca	07	Asia	420	Líbano	Hombres	3
2017	22	Huesca	07	Asia	421	Malasia	Hombres	1
2017	22	Huesca	07	Asia	423	Mongolia	Mujeres	2
2017	22	Huesca	07	Asia	424	Nepal	Hombres	1
2017	22	Huesca	07	Asia	426	Pakistán	Hombres	90
2017	22	Huesca	07	Asia	426	Pakistán	Mujeres	30
2017	22	Huesca	07	Asia	430	República de Corea	Mujeres	2
2017	22	Huesca	07	Asia	433	Siria	Hombres	3
2017	22	Huesca	07	Asia	433	Siria	Mujeres	5
2017	22	Huesca	07	Asia	435	Tailandia	Mujeres	9
2017	22	Huesca	07	Asia	437	Vietnam	Mujeres	1
2017	22	Huesca	07	Asia	449	Palestina	Hombres	1
2017	22	Huesca	07	Asia	449	Palestina	Mujeres	1
2017	22	Huesca	07	Asia	499	Países sin relaciones diplomáticas	Hombres	6
2017	22	Huesca	07	Asia	499	Países sin relaciones diplomáticas	Mujeres	4
2017	22	Huesca	08	Oceanía	501	Australia	Hombres	2
2017	22	Huesca	08	Oceanía	501	Australia	Mujeres	4
2017	22	Huesca	08	Oceanía	504	Nueva Zelanda	Hombres	1
2017	22	Huesca	08	Oceanía	511	Micronesia	Hombres	3
2017	22	Huesca	08	Oceanía	511	Micronesia	Mujeres	5
2017	22	Huesca	08	Oceanía	515	Nauru	Mujeres	2
2017	22	Huesca	08	Oceanía	516	Palaos	Hombres	11
2017	22	Huesca	08	Oceanía	516	Palaos	Mujeres	10
2017	22	Huesca	09	Apátridas y no consta	555	Apátridas	Hombres	3
2017	22	Huesca	09	Apátridas y no consta	555	Apátridas	Mujeres	1
2017	44	Teruel	01	UE-28	102	Austria	Hombres	2
2017	44	Teruel	01	UE-28	102	Austria	Mujeres	1
2017	44	Teruel	01	UE-28	103	Bélgica	Hombres	9
2017	44	Teruel	01	UE-28	103	Bélgica	Mujeres	12
2017	44	Teruel	01	UE-28	104	Bulgaria	Hombres	106
2017	44	Teruel	01	UE-28	104	Bulgaria	Mujeres	110
2017	44	Teruel	01	UE-28	107	Dinamarca	Hombres	1
2017	44	Teruel	01	UE-28	109	Finlandia	Mujeres	1
2017	44	Teruel	01	UE-28	110	Francia	Hombres	34
2017	44	Teruel	01	UE-28	110	Francia	Mujeres	45
2017	44	Teruel	01	UE-28	111	Grecia	Hombres	2
2017	44	Teruel	01	UE-28	111	Grecia	Mujeres	1
2017	44	Teruel	01	UE-28	112	Hungría	Hombres	6
2017	44	Teruel	01	UE-28	112	Hungría	Mujeres	10
2017	44	Teruel	01	UE-28	113	Irlanda	Hombres	7
2017	44	Teruel	01	UE-28	113	Irlanda	Mujeres	1
2017	44	Teruel	01	UE-28	115	Italia	Hombres	60
2017	44	Teruel	01	UE-28	115	Italia	Mujeres	52
2017	44	Teruel	01	UE-28	121	Países Bajos	Hombres	23
2017	44	Teruel	01	UE-28	121	Países Bajos	Mujeres	18
2017	44	Teruel	01	UE-28	122	Polonia	Hombres	259
2017	44	Teruel	01	UE-28	122	Polonia	Mujeres	216
2017	44	Teruel	01	UE-28	123	Portugal	Hombres	95
2017	44	Teruel	01	UE-28	123	Portugal	Mujeres	58
2017	44	Teruel	01	UE-28	125	Reino Unido	Hombres	74
2017	44	Teruel	01	UE-28	125	Reino Unido	Mujeres	59
2017	44	Teruel	01	UE-28	126	Alemania	Hombres	31
2017	44	Teruel	01	UE-28	126	Alemania	Mujeres	21
2017	44	Teruel	01	UE-28	128	Rumanía	Hombres	2651
2017	44	Teruel	01	UE-28	128	Rumanía	Mujeres	2730
2017	44	Teruel	01	UE-28	131	Suecia	Hombres	5
2017	44	Teruel	01	UE-28	131	Suecia	Mujeres	9
2017	44	Teruel	01	UE-28	136	Letonia	Hombres	5
2017	44	Teruel	01	UE-28	136	Letonia	Mujeres	6
2017	44	Teruel	01	UE-28	142	Lituania	Hombres	3
2017	44	Teruel	01	UE-28	142	Lituania	Mujeres	5
2017	44	Teruel	01	UE-28	143	República Checa	Hombres	10
2017	44	Teruel	01	UE-28	143	República Checa	Mujeres	13
2017	44	Teruel	01	UE-28	144	Eslovaquia	Mujeres	3
2017	44	Teruel	01	UE-28	147	Eslovenia	Mujeres	1
2017	44	Teruel	02	Resto de Europa	101	Albania	Hombres	1
2017	44	Teruel	02	Resto de Europa	101	Albania	Mujeres	3
2017	44	Teruel	02	Resto de Europa	114	Islandia	Hombres	1
2017	44	Teruel	02	Resto de Europa	132	Suiza	Hombres	4
2017	44	Teruel	02	Resto de Europa	132	Suiza	Mujeres	8
2017	44	Teruel	02	Resto de Europa	135	Ucrania	Hombres	85
2017	44	Teruel	02	Resto de Europa	135	Ucrania	Mujeres	85
2017	44	Teruel	02	Resto de Europa	137	Moldova	Hombres	11
2017	44	Teruel	02	Resto de Europa	137	Moldova	Mujeres	11
2017	44	Teruel	02	Resto de Europa	138	Bielorrusia	Hombres	1
2017	44	Teruel	02	Resto de Europa	138	Bielorrusia	Mujeres	5
2017	44	Teruel	02	Resto de Europa	139	Georgia	Hombres	1
2017	44	Teruel	02	Resto de Europa	148	Armenia	Hombres	2
2017	44	Teruel	02	Resto de Europa	148	Armenia	Mujeres	4
2017	44	Teruel	02	Resto de Europa	154	Rusia	Hombres	6
2017	44	Teruel	02	Resto de Europa	154	Rusia	Mujeres	23
2017	44	Teruel	02	Resto de Europa	157	Serbia	Hombres	1
2017	44	Teruel	02	Resto de Europa	158	Montenegro	Hombres	1
2017	44	Teruel	02	Resto de Europa	436	Turquía	Hombres	1
2017	44	Teruel	02	Resto de Europa	436	Turquía	Mujeres	4
2017	44	Teruel	03	Magreb	203	Argelia	Hombres	87
2017	44	Teruel	03	Magreb	203	Argelia	Mujeres	54
2017	44	Teruel	03	Magreb	228	Marruecos	Hombres	2399
2017	44	Teruel	03	Magreb	228	Marruecos	Mujeres	1777
2017	44	Teruel	03	Magreb	248	Túnez	Mujeres	1
2017	44	Teruel	04	Resto de África	207	Cabo Verde	Hombres	11
2017	44	Teruel	04	Resto de África	207	Cabo Verde	Mujeres	13
2017	44	Teruel	04	Resto de África	208	Camerún	Hombres	6
2017	44	Teruel	04	Resto de África	208	Camerún	Mujeres	8
2017	44	Teruel	04	Resto de África	213	Egipto	Hombres	3
2017	44	Teruel	04	Resto de África	214	Etiopía	Hombres	1
2017	44	Teruel	04	Resto de África	216	Gambia	Hombres	6
2017	44	Teruel	04	Resto de África	216	Gambia	Mujeres	2
2017	44	Teruel	04	Resto de África	217	Ghana	Hombres	13
2017	44	Teruel	04	Resto de África	217	Ghana	Mujeres	4
2017	44	Teruel	04	Resto de África	218	Guinea	Hombres	1
2017	44	Teruel	04	Resto de África	219	Guinea Bissau	Hombres	1
2017	44	Teruel	04	Resto de África	220	Guinea Ecuatorial	Hombres	2
2017	44	Teruel	04	Resto de África	220	Guinea Ecuatorial	Mujeres	3
2017	44	Teruel	04	Resto de África	221	Kenia	Mujeres	2
2017	44	Teruel	04	Resto de África	227	Mali	Hombres	34
2017	44	Teruel	04	Resto de África	227	Mali	Mujeres	4
2017	44	Teruel	04	Resto de África	231	Mozambique	Mujeres	1
2017	44	Teruel	04	Resto de África	234	Nigeria	Hombres	1
2017	44	Teruel	04	Resto de África	237	Ruanda	Hombres	1
2017	44	Teruel	04	Resto de África	239	Senegal	Hombres	40
2017	44	Teruel	04	Resto de África	239	Senegal	Mujeres	17
2017	44	Teruel	04	Resto de África	299	Países sin relaciones diplomáticas	Mujeres	1
2017	44	Teruel	05	América del Norte	301	Canadá	Hombres	1
2017	44	Teruel	05	América del Norte	302	Estados Unidos de América	Hombres	17
2017	44	Teruel	05	América del Norte	302	Estados Unidos de América	Mujeres	18
2017	44	Teruel	06	Resto de América	303	México	Hombres	4
2017	44	Teruel	06	Resto de América	303	México	Mujeres	13
2017	44	Teruel	06	Resto de América	314	Costa Rica	Hombres	1
2017	44	Teruel	06	Resto de América	314	Costa Rica	Mujeres	4
2017	44	Teruel	06	Resto de América	315	Cuba	Hombres	31
2017	44	Teruel	06	Resto de América	315	Cuba	Mujeres	56
2017	44	Teruel	06	Resto de América	316	Dominica	Hombres	1
2017	44	Teruel	06	Resto de América	317	El Salvador	Hombres	1
2017	44	Teruel	06	Resto de América	317	El Salvador	Mujeres	2
2017	44	Teruel	06	Resto de América	319	Guatemala	Hombres	5
2017	44	Teruel	06	Resto de América	319	Guatemala	Mujeres	1
2017	44	Teruel	06	Resto de América	320	Haití	Hombres	1
2017	44	Teruel	06	Resto de América	321	Honduras	Hombres	4
2017	44	Teruel	06	Resto de América	321	Honduras	Mujeres	13
2017	44	Teruel	06	Resto de América	323	Nicaragua	Hombres	1
2017	44	Teruel	06	Resto de América	323	Nicaragua	Mujeres	35
2017	44	Teruel	06	Resto de América	324	Panamá	Hombres	1
2017	44	Teruel	06	Resto de América	324	Panamá	Mujeres	3
2017	44	Teruel	06	Resto de América	326	República Dominicana	Hombres	97
2017	44	Teruel	06	Resto de América	326	República Dominicana	Mujeres	114
2017	44	Teruel	06	Resto de América	329	San Cristóbal y Nieves	Mujeres	1
2017	44	Teruel	06	Resto de América	340	Argentina	Hombres	54
2017	44	Teruel	06	Resto de América	340	Argentina	Mujeres	56
2017	44	Teruel	06	Resto de América	341	Bolivia	Hombres	18
2017	44	Teruel	06	Resto de América	341	Bolivia	Mujeres	22
2017	44	Teruel	06	Resto de América	342	Brasil	Hombres	50
2017	44	Teruel	06	Resto de América	342	Brasil	Mujeres	124
2017	44	Teruel	06	Resto de América	343	Colombia	Hombres	147
2017	44	Teruel	06	Resto de América	343	Colombia	Mujeres	159
2017	44	Teruel	06	Resto de América	344	Chile	Hombres	18
2017	44	Teruel	06	Resto de América	344	Chile	Mujeres	23
2017	44	Teruel	06	Resto de América	345	Ecuador	Hombres	37
2017	44	Teruel	06	Resto de América	345	Ecuador	Mujeres	31
2017	44	Teruel	06	Resto de América	347	Paraguay	Hombres	12
2017	44	Teruel	06	Resto de América	347	Paraguay	Mujeres	12
2017	44	Teruel	06	Resto de América	348	Perú	Hombres	50
2017	44	Teruel	06	Resto de América	348	Perú	Mujeres	50
2017	44	Teruel	06	Resto de América	350	Uruguay	Hombres	16
2017	44	Teruel	06	Resto de América	350	Uruguay	Mujeres	19
2017	44	Teruel	06	Resto de América	351	Venezuela	Hombres	15
2017	44	Teruel	06	Resto de América	351	Venezuela	Mujeres	19
2017	44	Teruel	07	Asia	407	China	Hombres	81
2017	44	Teruel	07	Asia	407	China	Mujeres	73
2017	44	Teruel	07	Asia	409	Filipinas	Mujeres	1
2017	44	Teruel	07	Asia	410	India	Hombres	10
2017	44	Teruel	07	Asia	410	India	Mujeres	4
2017	44	Teruel	07	Asia	412	Irak	Hombres	1
2017	44	Teruel	07	Asia	413	Irán	Hombres	1
2017	44	Teruel	07	Asia	415	Japón	Hombres	1
2017	44	Teruel	07	Asia	415	Japón	Mujeres	1
2017	44	Teruel	07	Asia	420	Líbano	Hombres	5
2017	44	Teruel	07	Asia	420	Líbano	Mujeres	4
2017	44	Teruel	07	Asia	426	Pakistán	Hombres	192
2017	44	Teruel	07	Asia	426	Pakistán	Mujeres	141
2017	44	Teruel	07	Asia	433	Siria	Hombres	7
2017	44	Teruel	07	Asia	433	Siria	Mujeres	3
2017	44	Teruel	07	Asia	434	Sri-Lanka	Hombres	1
2017	44	Teruel	07	Asia	435	Tailandia	Mujeres	2
2017	44	Teruel	07	Asia	443	Kazajstan	Hombres	3
2017	44	Teruel	07	Asia	443	Kazajstan	Mujeres	4
2017	44	Teruel	07	Asia	444	Kirgvistan	Mujeres	1
2017	44	Teruel	07	Asia	447	Uzbekistán	Hombres	1
2017	44	Teruel	07	Asia	449	Palestina	Hombres	3
2017	44	Teruel	07	Asia	449	Palestina	Mujeres	1
2017	44	Teruel	08	Oceanía	501	Australia	Hombres	1
2017	44	Teruel	08	Oceanía	501	Australia	Mujeres	3
2017	44	Teruel	08	Oceanía	504	Nueva Zelanda	Hombres	2
2017	44	Teruel	08	Oceanía	504	Nueva Zelanda	Mujeres	1
2017	44	Teruel	09	Apátridas y no consta	555	Apátridas	Hombres	2
2017	44	Teruel	09	Apátridas y no consta	555	Apátridas	Mujeres	1
2017	50	Zaragoza	01	UE-28	102	Austria	Hombres	19
2017	50	Zaragoza	01	UE-28	102	Austria	Mujeres	10
2017	50	Zaragoza	01	UE-28	103	Bélgica	Hombres	51
2017	50	Zaragoza	01	UE-28	103	Bélgica	Mujeres	45
2017	50	Zaragoza	01	UE-28	104	Bulgaria	Hombres	1438
2017	50	Zaragoza	01	UE-28	104	Bulgaria	Mujeres	1353
2017	50	Zaragoza	01	UE-28	106	Chipre	Mujeres	1
2017	50	Zaragoza	01	UE-28	107	Dinamarca	Hombres	17
2017	50	Zaragoza	01	UE-28	107	Dinamarca	Mujeres	4
2017	50	Zaragoza	01	UE-28	109	Finlandia	Hombres	4
2017	50	Zaragoza	01	UE-28	109	Finlandia	Mujeres	12
2017	50	Zaragoza	01	UE-28	110	Francia	Hombres	348
2017	50	Zaragoza	01	UE-28	110	Francia	Mujeres	386
2017	50	Zaragoza	01	UE-28	111	Grecia	Hombres	18
2017	50	Zaragoza	01	UE-28	111	Grecia	Mujeres	23
2017	50	Zaragoza	01	UE-28	112	Hungría	Hombres	29
2017	50	Zaragoza	01	UE-28	112	Hungría	Mujeres	58
2017	50	Zaragoza	01	UE-28	113	Irlanda	Hombres	30
2017	50	Zaragoza	01	UE-28	113	Irlanda	Mujeres	21
2017	50	Zaragoza	01	UE-28	115	Italia	Hombres	586
2017	50	Zaragoza	01	UE-28	115	Italia	Mujeres	438
2017	50	Zaragoza	01	UE-28	117	Luxemburgo	Hombres	1
2017	50	Zaragoza	01	UE-28	117	Luxemburgo	Mujeres	1
2017	50	Zaragoza	01	UE-28	118	Malta	Hombres	1
2017	50	Zaragoza	01	UE-28	121	Países Bajos	Hombres	109
2017	50	Zaragoza	01	UE-28	121	Países Bajos	Mujeres	89
2017	50	Zaragoza	01	UE-28	122	Polonia	Hombres	545
2017	50	Zaragoza	01	UE-28	122	Polonia	Mujeres	635
2017	50	Zaragoza	01	UE-28	123	Portugal	Hombres	776
2017	50	Zaragoza	01	UE-28	123	Portugal	Mujeres	519
2017	50	Zaragoza	01	UE-28	125	Reino Unido	Hombres	233
2017	50	Zaragoza	01	UE-28	125	Reino Unido	Mujeres	140
2017	50	Zaragoza	01	UE-28	126	Alemania	Hombres	163
2017	50	Zaragoza	01	UE-28	126	Alemania	Mujeres	138
2017	50	Zaragoza	01	UE-28	128	Rumanía	Hombres	17403
2017	50	Zaragoza	01	UE-28	128	Rumanía	Mujeres	17904
2017	50	Zaragoza	01	UE-28	131	Suecia	Hombres	12
2017	50	Zaragoza	01	UE-28	131	Suecia	Mujeres	16
2017	50	Zaragoza	01	UE-28	136	Letonia	Hombres	15
2017	50	Zaragoza	01	UE-28	136	Letonia	Mujeres	20
2017	50	Zaragoza	01	UE-28	141	Estonia	Mujeres	6
2017	50	Zaragoza	01	UE-28	142	Lituania	Hombres	35
2017	50	Zaragoza	01	UE-28	142	Lituania	Mujeres	66
2017	50	Zaragoza	01	UE-28	143	República Checa	Hombres	41
2017	50	Zaragoza	01	UE-28	143	República Checa	Mujeres	39
2017	50	Zaragoza	01	UE-28	144	Eslovaquia	Hombres	32
2017	50	Zaragoza	01	UE-28	144	Eslovaquia	Mujeres	34
2017	50	Zaragoza	01	UE-28	146	Croacia	Hombres	10
2017	50	Zaragoza	01	UE-28	146	Croacia	Mujeres	12
2017	50	Zaragoza	01	UE-28	147	Eslovenia	Hombres	4
2017	50	Zaragoza	01	UE-28	147	Eslovenia	Mujeres	13
2017	50	Zaragoza	02	Resto de Europa	101	Albania	Hombres	22
2017	50	Zaragoza	02	Resto de Europa	101	Albania	Mujeres	19
2017	50	Zaragoza	02	Resto de Europa	120	Noruega	Hombres	4
2017	50	Zaragoza	02	Resto de Europa	120	Noruega	Mujeres	9
2017	50	Zaragoza	02	Resto de Europa	124	Andorra	Hombres	5
2017	50	Zaragoza	02	Resto de Europa	124	Andorra	Mujeres	1
2017	50	Zaragoza	02	Resto de Europa	132	Suiza	Hombres	15
2017	50	Zaragoza	02	Resto de Europa	132	Suiza	Mujeres	11
2017	50	Zaragoza	02	Resto de Europa	135	Ucrania	Hombres	579
2017	50	Zaragoza	02	Resto de Europa	135	Ucrania	Mujeres	855
2017	50	Zaragoza	02	Resto de Europa	137	Moldova	Hombres	106
2017	50	Zaragoza	02	Resto de Europa	137	Moldova	Mujeres	171
2017	50	Zaragoza	02	Resto de Europa	138	Bielorrusia	Hombres	21
2017	50	Zaragoza	02	Resto de Europa	138	Bielorrusia	Mujeres	51
2017	50	Zaragoza	02	Resto de Europa	139	Georgia	Hombres	28
2017	50	Zaragoza	02	Resto de Europa	139	Georgia	Mujeres	23
2017	50	Zaragoza	02	Resto de Europa	145	Bosnia-Herzegovina	Hombres	11
2017	50	Zaragoza	02	Resto de Europa	145	Bosnia-Herzegovina	Mujeres	18
2017	50	Zaragoza	02	Resto de Europa	148	Armenia	Hombres	27
2017	50	Zaragoza	02	Resto de Europa	148	Armenia	Mujeres	33
2017	50	Zaragoza	02	Resto de Europa	154	Rusia	Hombres	127
2017	50	Zaragoza	02	Resto de Europa	154	Rusia	Mujeres	510
2017	50	Zaragoza	02	Resto de Europa	156	Macedonia	Hombres	2
2017	50	Zaragoza	02	Resto de Europa	156	Macedonia	Mujeres	1
2017	50	Zaragoza	02	Resto de Europa	157	Serbia	Hombres	18
2017	50	Zaragoza	02	Resto de Europa	157	Serbia	Mujeres	21
2017	50	Zaragoza	02	Resto de Europa	436	Turquía	Hombres	34
2017	50	Zaragoza	02	Resto de Europa	436	Turquía	Mujeres	21
2017	50	Zaragoza	03	Magreb	203	Argelia	Hombres	2497
2017	50	Zaragoza	03	Magreb	203	Argelia	Mujeres	1457
2017	50	Zaragoza	03	Magreb	224	Libia	Hombres	2
2017	50	Zaragoza	03	Magreb	224	Libia	Mujeres	5
2017	50	Zaragoza	03	Magreb	228	Marruecos	Hombres	5830
2017	50	Zaragoza	03	Magreb	228	Marruecos	Mujeres	4591
2017	50	Zaragoza	03	Magreb	230	Mauritania	Hombres	149
2017	50	Zaragoza	03	Magreb	230	Mauritania	Mujeres	46
2017	50	Zaragoza	03	Magreb	248	Túnez	Hombres	48
2017	50	Zaragoza	03	Magreb	248	Túnez	Mujeres	30
2017	50	Zaragoza	04	Resto de África	201	Burkina Fasso	Hombres	29
2017	50	Zaragoza	04	Resto de África	201	Burkina Fasso	Mujeres	18
2017	50	Zaragoza	04	Resto de África	202	Angola	Hombres	22
2017	50	Zaragoza	04	Resto de África	202	Angola	Mujeres	10
2017	50	Zaragoza	04	Resto de África	204	Benin	Hombres	5
2017	50	Zaragoza	04	Resto de África	204	Benin	Mujeres	1
2017	50	Zaragoza	04	Resto de África	206	Burundi	Mujeres	1
2017	50	Zaragoza	04	Resto de África	207	Cabo Verde	Hombres	135
2017	50	Zaragoza	04	Resto de África	207	Cabo Verde	Mujeres	152
2017	50	Zaragoza	04	Resto de África	208	Camerún	Hombres	111
2017	50	Zaragoza	04	Resto de África	208	Camerún	Mujeres	106
2017	50	Zaragoza	04	Resto de África	210	Congo	Hombres	26
2017	50	Zaragoza	04	Resto de África	210	Congo	Mujeres	13
2017	50	Zaragoza	04	Resto de África	211	Costa de Marfil	Hombres	38
2017	50	Zaragoza	04	Resto de África	211	Costa de Marfil	Mujeres	29
2017	50	Zaragoza	04	Resto de África	213	Egipto	Hombres	60
2017	50	Zaragoza	04	Resto de África	213	Egipto	Mujeres	38
2017	50	Zaragoza	04	Resto de África	214	Etiopía	Hombres	2
2017	50	Zaragoza	04	Resto de África	215	Gabón	Hombres	1
2017	50	Zaragoza	04	Resto de África	215	Gabón	Mujeres	5
2017	50	Zaragoza	04	Resto de África	216	Gambia	Hombres	870
2017	50	Zaragoza	04	Resto de África	216	Gambia	Mujeres	396
2017	50	Zaragoza	04	Resto de África	217	Ghana	Hombres	1075
2017	50	Zaragoza	04	Resto de África	217	Ghana	Mujeres	482
2017	50	Zaragoza	04	Resto de África	218	Guinea	Hombres	289
2017	50	Zaragoza	04	Resto de África	218	Guinea	Mujeres	323
2017	50	Zaragoza	04	Resto de África	219	Guinea Bissau	Hombres	55
2017	50	Zaragoza	04	Resto de África	219	Guinea Bissau	Mujeres	28
2017	50	Zaragoza	04	Resto de África	220	Guinea Ecuatorial	Hombres	246
2017	50	Zaragoza	04	Resto de África	220	Guinea Ecuatorial	Mujeres	428
2017	50	Zaragoza	04	Resto de África	221	Kenia	Hombres	1
2017	50	Zaragoza	04	Resto de África	221	Kenia	Mujeres	11
2017	50	Zaragoza	04	Resto de África	223	Liberia	Hombres	2
2017	50	Zaragoza	04	Resto de África	225	Madagascar	Mujeres	4
2017	50	Zaragoza	04	Resto de África	227	Mali	Hombres	494
2017	50	Zaragoza	04	Resto de África	227	Mali	Mujeres	170
2017	50	Zaragoza	04	Resto de África	229	Mauricio	Mujeres	1
2017	50	Zaragoza	04	Resto de África	233	Níger	Hombres	7
2017	50	Zaragoza	04	Resto de África	233	Níger	Mujeres	6
2017	50	Zaragoza	04	Resto de África	234	Nigeria	Hombres	345
2017	50	Zaragoza	04	Resto de África	234	Nigeria	Mujeres	356
2017	50	Zaragoza	04	Resto de África	235	República Centroafricana	Hombres	4
2017	50	Zaragoza	04	Resto de África	235	República Centroafricana	Mujeres	2
2017	50	Zaragoza	04	Resto de África	236	Sudáfrica	Hombres	5
2017	50	Zaragoza	04	Resto de África	236	Sudáfrica	Mujeres	6
2017	50	Zaragoza	04	Resto de África	238	Santo Tome y Príncipe	Hombres	1
2017	50	Zaragoza	04	Resto de África	239	Senegal	Hombres	1925
2017	50	Zaragoza	04	Resto de África	239	Senegal	Mujeres	566
2017	50	Zaragoza	04	Resto de África	241	Sierra Leona	Hombres	5
2017	50	Zaragoza	04	Resto de África	241	Sierra Leona	Mujeres	6
2017	50	Zaragoza	04	Resto de África	243	Sudán	Hombres	7
2017	50	Zaragoza	04	Resto de África	243	Sudán	Mujeres	3
2017	50	Zaragoza	04	Resto de África	246	Chad	Mujeres	1
2017	50	Zaragoza	04	Resto de África	247	Togo	Hombres	10
2017	50	Zaragoza	04	Resto de África	247	Togo	Mujeres	10
2017	50	Zaragoza	04	Resto de África	249	Uganda	Mujeres	1
2017	50	Zaragoza	04	Resto de África	250	Rep. Democrática del Congo	Hombres	25
2017	50	Zaragoza	04	Resto de África	250	Rep. Democrática del Congo	Mujeres	16
2017	50	Zaragoza	05	América del Norte	301	Canadá	Hombres	11
2017	50	Zaragoza	05	América del Norte	301	Canadá	Mujeres	14
2017	50	Zaragoza	05	América del Norte	302	Estados Unidos de América	Hombres	210
2017	50	Zaragoza	05	América del Norte	302	Estados Unidos de América	Mujeres	172
2017	50	Zaragoza	06	Resto de América	303	México	Hombres	124
2017	50	Zaragoza	06	Resto de América	303	México	Mujeres	170
2017	50	Zaragoza	06	Resto de América	314	Costa Rica	Hombres	18
2017	50	Zaragoza	06	Resto de América	314	Costa Rica	Mujeres	25
2017	50	Zaragoza	06	Resto de América	315	Cuba	Hombres	306
2017	50	Zaragoza	06	Resto de América	315	Cuba	Mujeres	458
2017	50	Zaragoza	06	Resto de América	316	Dominica	Hombres	2
2017	50	Zaragoza	06	Resto de América	316	Dominica	Mujeres	4
2017	50	Zaragoza	06	Resto de América	317	El Salvador	Hombres	147
2017	50	Zaragoza	06	Resto de América	317	El Salvador	Mujeres	215
2017	50	Zaragoza	06	Resto de América	319	Guatemala	Hombres	30
2017	50	Zaragoza	06	Resto de América	319	Guatemala	Mujeres	47
2017	50	Zaragoza	06	Resto de América	320	Haití	Hombres	7
2017	50	Zaragoza	06	Resto de América	320	Haití	Mujeres	5
2017	50	Zaragoza	06	Resto de América	321	Honduras	Hombres	264
2017	50	Zaragoza	06	Resto de América	321	Honduras	Mujeres	728
2017	50	Zaragoza	06	Resto de América	322	Jamaica	Mujeres	1
2017	50	Zaragoza	06	Resto de América	323	Nicaragua	Hombres	1068
2017	50	Zaragoza	06	Resto de América	323	Nicaragua	Mujeres	3341
2017	50	Zaragoza	06	Resto de América	324	Panamá	Hombres	13
2017	50	Zaragoza	06	Resto de América	324	Panamá	Mujeres	26
2017	50	Zaragoza	06	Resto de América	326	República Dominicana	Hombres	609
2017	50	Zaragoza	06	Resto de América	326	República Dominicana	Mujeres	787
2017	50	Zaragoza	06	Resto de América	327	Trinidad y Tobago	Mujeres	1
2017	50	Zaragoza	06	Resto de América	340	Argentina	Hombres	297
2017	50	Zaragoza	06	Resto de América	340	Argentina	Mujeres	367
2017	50	Zaragoza	06	Resto de América	341	Bolivia	Hombres	146
2017	50	Zaragoza	06	Resto de América	341	Bolivia	Mujeres	176
2017	50	Zaragoza	06	Resto de América	342	Brasil	Hombres	358
2017	50	Zaragoza	06	Resto de América	342	Brasil	Mujeres	859
2017	50	Zaragoza	06	Resto de América	343	Colombia	Hombres	1276
2017	50	Zaragoza	06	Resto de América	343	Colombia	Mujeres	1711
2017	50	Zaragoza	06	Resto de América	344	Chile	Hombres	140
2017	50	Zaragoza	06	Resto de América	344	Chile	Mujeres	177
2017	50	Zaragoza	06	Resto de América	345	Ecuador	Hombres	1859
2017	50	Zaragoza	06	Resto de América	345	Ecuador	Mujeres	1738
2017	50	Zaragoza	06	Resto de América	347	Paraguay	Hombres	57
2017	50	Zaragoza	06	Resto de América	347	Paraguay	Mujeres	175
2017	50	Zaragoza	06	Resto de América	348	Perú	Hombres	436
2017	50	Zaragoza	06	Resto de América	348	Perú	Mujeres	534
2017	50	Zaragoza	06	Resto de América	350	Uruguay	Hombres	121
2017	50	Zaragoza	06	Resto de América	350	Uruguay	Mujeres	118
2017	50	Zaragoza	06	Resto de América	351	Venezuela	Hombres	299
2017	50	Zaragoza	06	Resto de América	351	Venezuela	Mujeres	458
2017	50	Zaragoza	07	Asia	401	Afganistán	Hombres	1
2017	50	Zaragoza	07	Asia	404	Bangladesh	Hombres	9
2017	50	Zaragoza	07	Asia	404	Bangladesh	Mujeres	3
2017	50	Zaragoza	07	Asia	407	China	Hombres	2505
2017	50	Zaragoza	07	Asia	407	China	Mujeres	2381
2017	50	Zaragoza	07	Asia	408	Emiratos Arabes Unidos	Hombres	1
2017	50	Zaragoza	07	Asia	409	Filipinas	Hombres	17
2017	50	Zaragoza	07	Asia	409	Filipinas	Mujeres	44
2017	50	Zaragoza	07	Asia	410	India	Hombres	71
2017	50	Zaragoza	07	Asia	410	India	Mujeres	39
2017	50	Zaragoza	07	Asia	411	Indonesia	Mujeres	7
2017	50	Zaragoza	07	Asia	412	Irak	Hombres	23
2017	50	Zaragoza	07	Asia	412	Irak	Mujeres	15
2017	50	Zaragoza	07	Asia	413	Irán	Hombres	10
2017	50	Zaragoza	07	Asia	413	Irán	Mujeres	7
2017	50	Zaragoza	07	Asia	414	Israel	Hombres	5
2017	50	Zaragoza	07	Asia	414	Israel	Mujeres	5
2017	50	Zaragoza	07	Asia	415	Japón	Hombres	15
2017	50	Zaragoza	07	Asia	415	Japón	Mujeres	20
2017	50	Zaragoza	07	Asia	416	Jordania	Hombres	13
2017	50	Zaragoza	07	Asia	416	Jordania	Mujeres	9
2017	50	Zaragoza	07	Asia	418	Kuwait	Hombres	1
2017	50	Zaragoza	07	Asia	418	Kuwait	Mujeres	1
2017	50	Zaragoza	07	Asia	420	Líbano	Hombres	10
2017	50	Zaragoza	07	Asia	420	Líbano	Mujeres	10
2017	50	Zaragoza	07	Asia	421	Malasia	Mujeres	1
2017	50	Zaragoza	07	Asia	423	Mongolia	Hombres	1
2017	50	Zaragoza	07	Asia	423	Mongolia	Mujeres	4
2017	50	Zaragoza	07	Asia	424	Nepal	Hombres	5
2017	50	Zaragoza	07	Asia	424	Nepal	Mujeres	3
2017	50	Zaragoza	07	Asia	426	Pakistán	Hombres	1109
2017	50	Zaragoza	07	Asia	426	Pakistán	Mujeres	315
2017	50	Zaragoza	07	Asia	430	República de Corea	Hombres	13
2017	50	Zaragoza	07	Asia	430	República de Corea	Mujeres	6
2017	50	Zaragoza	07	Asia	432	Singapur	Hombres	1
2017	50	Zaragoza	07	Asia	432	Singapur	Mujeres	1
2017	50	Zaragoza	07	Asia	433	Siria	Hombres	62
2017	50	Zaragoza	07	Asia	433	Siria	Mujeres	33
2017	50	Zaragoza	07	Asia	434	Sri-Lanka	Hombres	1
2017	50	Zaragoza	07	Asia	434	Sri-Lanka	Mujeres	4
2017	50	Zaragoza	07	Asia	435	Tailandia	Mujeres	4
2017	50	Zaragoza	07	Asia	437	Vietnam	Hombres	13
2017	50	Zaragoza	07	Asia	437	Vietnam	Mujeres	21
2017	50	Zaragoza	07	Asia	442	Azerbaiyan	Hombres	1
2017	50	Zaragoza	07	Asia	442	Azerbaiyan	Mujeres	1
2017	50	Zaragoza	07	Asia	443	Kazajstan	Hombres	2
2017	50	Zaragoza	07	Asia	443	Kazajstan	Mujeres	6
2017	50	Zaragoza	07	Asia	444	Kirgvistan	Hombres	2
2017	50	Zaragoza	07	Asia	444	Kirgvistan	Mujeres	8
2017	50	Zaragoza	07	Asia	447	Uzbekistán	Hombres	1
2017	50	Zaragoza	07	Asia	447	Uzbekistán	Mujeres	5
2017	50	Zaragoza	07	Asia	449	Palestina	Hombres	2
2017	50	Zaragoza	07	Asia	449	Palestina	Mujeres	1
2017	50	Zaragoza	07	Asia	499	Países sin relaciones diplomáticas	Hombres	3
2017	50	Zaragoza	07	Asia	499	Países sin relaciones diplomáticas	Mujeres	3
2017	50	Zaragoza	08	Oceanía	501	Australia	Hombres	8
2017	50	Zaragoza	08	Oceanía	501	Australia	Mujeres	5
2017	50	Zaragoza	08	Oceanía	502	Fiji	Hombres	1
2017	50	Zaragoza	08	Oceanía	504	Nueva Zelanda	Hombres	2
2017	50	Zaragoza	08	Oceanía	504	Nueva Zelanda	Mujeres	3
2017	50	Zaragoza	09	Apátridas y no consta	555	Apátridas	Hombres	21
2017	50	Zaragoza	09	Apátridas y no consta	555	Apátridas	Mujeres	6
2018	22	Huesca	01	UE-28	102	Austria	Hombres	4
2018	22	Huesca	01	UE-28	102	Austria	Mujeres	2
2018	22	Huesca	01	UE-28	103	Bélgica	Hombres	31
2018	22	Huesca	01	UE-28	103	Bélgica	Mujeres	35
2018	22	Huesca	01	UE-28	104	Bulgaria	Hombres	811
2018	22	Huesca	01	UE-28	104	Bulgaria	Mujeres	768
2018	22	Huesca	01	UE-28	107	Dinamarca	Hombres	5
2018	22	Huesca	01	UE-28	107	Dinamarca	Mujeres	6
2018	22	Huesca	01	UE-28	109	Finlandia	Hombres	4
2018	22	Huesca	01	UE-28	109	Finlandia	Mujeres	5
2018	22	Huesca	01	UE-28	110	Francia	Hombres	167
2018	22	Huesca	01	UE-28	110	Francia	Mujeres	199
2018	22	Huesca	01	UE-28	111	Grecia	Hombres	2
2018	22	Huesca	01	UE-28	111	Grecia	Mujeres	3
2018	22	Huesca	01	UE-28	112	Hungría	Hombres	2
2018	22	Huesca	01	UE-28	112	Hungría	Mujeres	10
2018	22	Huesca	01	UE-28	113	Irlanda	Hombres	11
2018	22	Huesca	01	UE-28	113	Irlanda	Mujeres	7
2018	22	Huesca	01	UE-28	115	Italia	Hombres	129
2018	22	Huesca	01	UE-28	115	Italia	Mujeres	104
2018	22	Huesca	01	UE-28	117	Luxemburgo	Hombres	5
2018	22	Huesca	01	UE-28	117	Luxemburgo	Mujeres	1
2018	22	Huesca	01	UE-28	118	Malta	Mujeres	1
2018	22	Huesca	01	UE-28	121	Países Bajos	Hombres	61
2018	22	Huesca	01	UE-28	121	Países Bajos	Mujeres	54
2018	22	Huesca	01	UE-28	122	Polonia	Hombres	176
2018	22	Huesca	01	UE-28	122	Polonia	Mujeres	229
2018	22	Huesca	01	UE-28	123	Portugal	Hombres	241
2018	22	Huesca	01	UE-28	123	Portugal	Mujeres	160
2018	22	Huesca	01	UE-28	125	Reino Unido	Hombres	83
2018	22	Huesca	01	UE-28	125	Reino Unido	Mujeres	85
2018	22	Huesca	01	UE-28	126	Alemania	Hombres	63
2018	22	Huesca	01	UE-28	126	Alemania	Mujeres	62
2018	22	Huesca	01	UE-28	128	Rumanía	Hombres	3806
2018	22	Huesca	01	UE-28	128	Rumanía	Mujeres	3921
2018	22	Huesca	01	UE-28	131	Suecia	Hombres	2
2018	22	Huesca	01	UE-28	131	Suecia	Mujeres	2
2018	22	Huesca	01	UE-28	136	Letonia	Hombres	6
2018	22	Huesca	01	UE-28	136	Letonia	Mujeres	8
2018	22	Huesca	01	UE-28	141	Estonia	Hombres	1
2018	22	Huesca	01	UE-28	142	Lituania	Hombres	93
2018	22	Huesca	01	UE-28	142	Lituania	Mujeres	113
2018	22	Huesca	01	UE-28	143	República Checa	Hombres	9
2018	22	Huesca	01	UE-28	143	República Checa	Mujeres	9
2018	22	Huesca	01	UE-28	144	Eslovaquia	Hombres	4
2018	22	Huesca	01	UE-28	144	Eslovaquia	Mujeres	14
2018	22	Huesca	01	UE-28	146	Croacia	Hombres	1
2018	22	Huesca	01	UE-28	147	Eslovenia	Hombres	2
2018	22	Huesca	02	Resto de Europa	101	Albania	Hombres	7
2018	22	Huesca	02	Resto de Europa	101	Albania	Mujeres	4
2018	22	Huesca	02	Resto de Europa	120	Noruega	Hombres	1
2018	22	Huesca	02	Resto de Europa	120	Noruega	Mujeres	3
2018	22	Huesca	02	Resto de Europa	124	Andorra	Hombres	5
2018	22	Huesca	02	Resto de Europa	124	Andorra	Mujeres	2
2018	22	Huesca	02	Resto de Europa	132	Suiza	Hombres	13
2018	22	Huesca	02	Resto de Europa	132	Suiza	Mujeres	9
2018	22	Huesca	02	Resto de Europa	135	Ucrania	Hombres	284
2018	22	Huesca	02	Resto de Europa	135	Ucrania	Mujeres	278
2018	22	Huesca	02	Resto de Europa	137	Moldova	Hombres	22
2018	22	Huesca	02	Resto de Europa	137	Moldova	Mujeres	25
2018	22	Huesca	02	Resto de Europa	138	Bielorrusia	Hombres	8
2018	22	Huesca	02	Resto de Europa	138	Bielorrusia	Mujeres	6
2018	22	Huesca	02	Resto de Europa	139	Georgia	Hombres	5
2018	22	Huesca	02	Resto de Europa	139	Georgia	Mujeres	6
2018	22	Huesca	02	Resto de Europa	148	Armenia	Hombres	18
2018	22	Huesca	02	Resto de Europa	148	Armenia	Mujeres	18
2018	22	Huesca	02	Resto de Europa	154	Rusia	Hombres	29
2018	22	Huesca	02	Resto de Europa	154	Rusia	Mujeres	90
2018	22	Huesca	02	Resto de Europa	157	Serbia	Hombres	10
2018	22	Huesca	02	Resto de Europa	157	Serbia	Mujeres	7
2018	22	Huesca	02	Resto de Europa	158	Montenegro	Hombres	2
2018	22	Huesca	02	Resto de Europa	436	Turquía	Hombres	4
2018	22	Huesca	02	Resto de Europa	436	Turquía	Mujeres	1
2018	22	Huesca	03	Magreb	203	Argelia	Hombres	403
2018	22	Huesca	03	Magreb	203	Argelia	Mujeres	262
2018	22	Huesca	03	Magreb	224	Libia	Hombres	2
2018	22	Huesca	03	Magreb	228	Marruecos	Hombres	1664
2018	22	Huesca	03	Magreb	228	Marruecos	Mujeres	1482
2018	22	Huesca	03	Magreb	230	Mauritania	Hombres	76
2018	22	Huesca	03	Magreb	230	Mauritania	Mujeres	12
2018	22	Huesca	03	Magreb	248	Túnez	Hombres	5
2018	22	Huesca	03	Magreb	248	Túnez	Mujeres	1
2018	22	Huesca	04	Resto de África	201	Burkina Fasso	Hombres	31
2018	22	Huesca	04	Resto de África	201	Burkina Fasso	Mujeres	14
2018	22	Huesca	04	Resto de África	202	Angola	Hombres	2
2018	22	Huesca	04	Resto de África	202	Angola	Mujeres	1
2018	22	Huesca	04	Resto de África	204	Benin	Hombres	2
2018	22	Huesca	04	Resto de África	204	Benin	Mujeres	3
2018	22	Huesca	04	Resto de África	207	Cabo Verde	Hombres	9
2018	22	Huesca	04	Resto de África	207	Cabo Verde	Mujeres	5
2018	22	Huesca	04	Resto de África	208	Camerún	Hombres	8
2018	22	Huesca	04	Resto de África	208	Camerún	Mujeres	1
2018	22	Huesca	04	Resto de África	210	Congo	Hombres	1
2018	22	Huesca	04	Resto de África	211	Costa de Marfil	Hombres	48
2018	22	Huesca	04	Resto de África	211	Costa de Marfil	Mujeres	27
2018	22	Huesca	04	Resto de África	213	Egipto	Hombres	1
2018	22	Huesca	04	Resto de África	216	Gambia	Hombres	534
2018	22	Huesca	04	Resto de África	216	Gambia	Mujeres	117
2018	22	Huesca	04	Resto de África	217	Ghana	Hombres	66
2018	22	Huesca	04	Resto de África	217	Ghana	Mujeres	35
2018	22	Huesca	04	Resto de África	218	Guinea	Hombres	140
2018	22	Huesca	04	Resto de África	218	Guinea	Mujeres	51
2018	22	Huesca	04	Resto de África	219	Guinea Bissau	Hombres	22
2018	22	Huesca	04	Resto de África	219	Guinea Bissau	Mujeres	1
2018	22	Huesca	04	Resto de África	220	Guinea Ecuatorial	Hombres	5
2018	22	Huesca	04	Resto de África	220	Guinea Ecuatorial	Mujeres	10
2018	22	Huesca	04	Resto de África	221	Kenia	Hombres	5
2018	22	Huesca	04	Resto de África	221	Kenia	Mujeres	21
2018	22	Huesca	04	Resto de África	223	Liberia	Hombres	1
2018	22	Huesca	04	Resto de África	227	Mali	Hombres	918
2018	22	Huesca	04	Resto de África	227	Mali	Mujeres	202
2018	22	Huesca	04	Resto de África	233	Níger	Hombres	9
2018	22	Huesca	04	Resto de África	233	Níger	Mujeres	2
2018	22	Huesca	04	Resto de África	234	Nigeria	Hombres	41
2018	22	Huesca	04	Resto de África	234	Nigeria	Mujeres	27
2018	22	Huesca	04	Resto de África	236	Sudáfrica	Hombres	1
2018	22	Huesca	04	Resto de África	236	Sudáfrica	Mujeres	1
2018	22	Huesca	04	Resto de África	237	Ruanda	Mujeres	1
2018	22	Huesca	04	Resto de África	239	Senegal	Hombres	507
2018	22	Huesca	04	Resto de África	239	Senegal	Mujeres	112
2018	22	Huesca	04	Resto de África	241	Sierra Leona	Hombres	2
2018	22	Huesca	04	Resto de África	247	Togo	Hombres	4
2018	22	Huesca	04	Resto de África	247	Togo	Mujeres	2
2018	22	Huesca	05	América del Norte	301	Canadá	Hombres	5
2018	22	Huesca	05	América del Norte	301	Canadá	Mujeres	3
2018	22	Huesca	05	América del Norte	302	Estados Unidos de América	Hombres	39
2018	22	Huesca	05	América del Norte	302	Estados Unidos de América	Mujeres	42
2018	22	Huesca	06	Resto de América	303	México	Hombres	22
2018	22	Huesca	06	Resto de América	303	México	Mujeres	25
2018	22	Huesca	06	Resto de América	314	Costa Rica	Hombres	4
2018	22	Huesca	06	Resto de América	314	Costa Rica	Mujeres	9
2018	22	Huesca	06	Resto de América	315	Cuba	Hombres	51
2018	22	Huesca	06	Resto de América	315	Cuba	Mujeres	91
2018	22	Huesca	06	Resto de América	316	Dominica	Mujeres	3
2018	22	Huesca	06	Resto de América	317	El Salvador	Hombres	13
2018	22	Huesca	06	Resto de América	317	El Salvador	Mujeres	28
2018	22	Huesca	06	Resto de América	319	Guatemala	Hombres	4
2018	22	Huesca	06	Resto de América	319	Guatemala	Mujeres	5
2018	22	Huesca	06	Resto de América	321	Honduras	Hombres	44
2018	22	Huesca	06	Resto de América	321	Honduras	Mujeres	170
2018	22	Huesca	06	Resto de América	323	Nicaragua	Hombres	65
2018	22	Huesca	06	Resto de América	323	Nicaragua	Mujeres	331
2018	22	Huesca	06	Resto de América	324	Panamá	Hombres	2
2018	22	Huesca	06	Resto de América	324	Panamá	Mujeres	4
2018	22	Huesca	06	Resto de América	326	República Dominicana	Hombres	140
2018	22	Huesca	06	Resto de América	326	República Dominicana	Mujeres	214
2018	22	Huesca	06	Resto de América	340	Argentina	Hombres	98
2018	22	Huesca	06	Resto de América	340	Argentina	Mujeres	107
2018	22	Huesca	06	Resto de América	341	Bolivia	Hombres	48
2018	22	Huesca	06	Resto de América	341	Bolivia	Mujeres	78
2018	22	Huesca	06	Resto de América	342	Brasil	Hombres	57
2018	22	Huesca	06	Resto de América	342	Brasil	Mujeres	148
2018	22	Huesca	06	Resto de América	343	Colombia	Hombres	207
2018	22	Huesca	06	Resto de América	343	Colombia	Mujeres	287
2018	22	Huesca	06	Resto de América	344	Chile	Hombres	30
2018	22	Huesca	06	Resto de América	344	Chile	Mujeres	27
2018	22	Huesca	06	Resto de América	345	Ecuador	Hombres	168
2018	22	Huesca	06	Resto de América	345	Ecuador	Mujeres	133
2018	22	Huesca	06	Resto de América	347	Paraguay	Hombres	20
2018	22	Huesca	06	Resto de América	347	Paraguay	Mujeres	46
2018	22	Huesca	06	Resto de América	348	Perú	Hombres	52
2018	22	Huesca	06	Resto de América	348	Perú	Mujeres	73
2018	22	Huesca	06	Resto de América	350	Uruguay	Hombres	31
2018	22	Huesca	06	Resto de América	350	Uruguay	Mujeres	37
2018	22	Huesca	06	Resto de América	351	Venezuela	Hombres	102
2018	22	Huesca	06	Resto de América	351	Venezuela	Mujeres	131
2018	22	Huesca	07	Asia	404	Bangladesh	Mujeres	2
2018	22	Huesca	07	Asia	407	China	Hombres	207
2018	22	Huesca	07	Asia	407	China	Mujeres	206
2018	22	Huesca	07	Asia	409	Filipinas	Hombres	2
2018	22	Huesca	07	Asia	409	Filipinas	Mujeres	5
2018	22	Huesca	07	Asia	410	India	Hombres	8
2018	22	Huesca	07	Asia	410	India	Mujeres	1
2018	22	Huesca	07	Asia	411	Indonesia	Mujeres	3
2018	22	Huesca	07	Asia	413	Irán	Mujeres	1
2018	22	Huesca	07	Asia	414	Israel	Hombres	1
2018	22	Huesca	07	Asia	415	Japón	Hombres	2
2018	22	Huesca	07	Asia	415	Japón	Mujeres	4
2018	22	Huesca	07	Asia	416	Jordania	Hombres	1
2018	22	Huesca	07	Asia	419	Laos	Mujeres	2
2018	22	Huesca	07	Asia	420	Líbano	Hombres	2
2018	22	Huesca	07	Asia	421	Malasia	Hombres	1
2018	22	Huesca	07	Asia	423	Mongolia	Mujeres	2
2018	22	Huesca	07	Asia	424	Nepal	Hombres	2
2018	22	Huesca	07	Asia	426	Pakistán	Hombres	103
2018	22	Huesca	07	Asia	426	Pakistán	Mujeres	32
2018	22	Huesca	07	Asia	430	República de Corea	Mujeres	2
2018	22	Huesca	07	Asia	433	Siria	Hombres	17
2018	22	Huesca	07	Asia	433	Siria	Mujeres	26
2018	22	Huesca	07	Asia	435	Tailandia	Mujeres	9
2018	22	Huesca	07	Asia	437	Vietnam	Mujeres	2
2018	22	Huesca	07	Asia	442	Azerbaiyan	Hombres	2
2018	22	Huesca	07	Asia	442	Azerbaiyan	Mujeres	2
2018	22	Huesca	07	Asia	443	Kazajstan	Mujeres	2
2018	22	Huesca	07	Asia	448	Bhután	Hombres	1
2018	22	Huesca	07	Asia	499	Países sin relaciones diplomáticas	Hombres	7
2018	22	Huesca	07	Asia	499	Países sin relaciones diplomáticas	Mujeres	6
2018	22	Huesca	08	Oceanía	501	Australia	Hombres	5
2018	22	Huesca	08	Oceanía	501	Australia	Mujeres	6
2018	22	Huesca	08	Oceanía	504	Nueva Zelanda	Hombres	1
2018	22	Huesca	08	Oceanía	511	Micronesia	Hombres	4
2018	22	Huesca	08	Oceanía	511	Micronesia	Mujeres	5
2018	22	Huesca	08	Oceanía	515	Nauru	Mujeres	1
2018	22	Huesca	08	Oceanía	516	Palaos	Hombres	14
2018	22	Huesca	08	Oceanía	516	Palaos	Mujeres	16
2018	22	Huesca	09	Apátridas y no consta	555	Apátridas	Hombres	8
2018	22	Huesca	09	Apátridas y no consta	555	Apátridas	Mujeres	2
2018	44	Teruel	01	UE-28	102	Austria	Hombres	3
2018	44	Teruel	01	UE-28	102	Austria	Mujeres	2
2018	44	Teruel	01	UE-28	103	Bélgica	Hombres	12
2018	44	Teruel	01	UE-28	103	Bélgica	Mujeres	12
2018	44	Teruel	01	UE-28	104	Bulgaria	Hombres	105
2018	44	Teruel	01	UE-28	104	Bulgaria	Mujeres	111
2018	44	Teruel	01	UE-28	107	Dinamarca	Hombres	1
2018	44	Teruel	01	UE-28	109	Finlandia	Mujeres	1
2018	44	Teruel	01	UE-28	110	Francia	Hombres	39
2018	44	Teruel	01	UE-28	110	Francia	Mujeres	46
2018	44	Teruel	01	UE-28	111	Grecia	Hombres	2
2018	44	Teruel	01	UE-28	112	Hungría	Hombres	5
2018	44	Teruel	01	UE-28	112	Hungría	Mujeres	10
2018	44	Teruel	01	UE-28	113	Irlanda	Hombres	9
2018	44	Teruel	01	UE-28	113	Irlanda	Mujeres	1
2018	44	Teruel	01	UE-28	115	Italia	Hombres	65
2018	44	Teruel	01	UE-28	115	Italia	Mujeres	53
2018	44	Teruel	01	UE-28	121	Países Bajos	Hombres	27
2018	44	Teruel	01	UE-28	121	Países Bajos	Mujeres	19
2018	44	Teruel	01	UE-28	122	Polonia	Hombres	209
2018	44	Teruel	01	UE-28	122	Polonia	Mujeres	186
2018	44	Teruel	01	UE-28	123	Portugal	Hombres	86
2018	44	Teruel	01	UE-28	123	Portugal	Mujeres	47
2018	44	Teruel	01	UE-28	125	Reino Unido	Hombres	89
2018	44	Teruel	01	UE-28	125	Reino Unido	Mujeres	66
2018	44	Teruel	01	UE-28	126	Alemania	Hombres	29
2018	44	Teruel	01	UE-28	126	Alemania	Mujeres	22
2018	44	Teruel	01	UE-28	128	Rumanía	Hombres	2592
2018	44	Teruel	01	UE-28	128	Rumanía	Mujeres	2694
2018	44	Teruel	01	UE-28	131	Suecia	Hombres	4
2018	44	Teruel	01	UE-28	131	Suecia	Mujeres	7
2018	44	Teruel	01	UE-28	136	Letonia	Hombres	4
2018	44	Teruel	01	UE-28	136	Letonia	Mujeres	5
2018	44	Teruel	01	UE-28	141	Estonia	Hombres	1
2018	44	Teruel	01	UE-28	142	Lituania	Hombres	3
2018	44	Teruel	01	UE-28	142	Lituania	Mujeres	5
2018	44	Teruel	01	UE-28	143	República Checa	Hombres	10
2018	44	Teruel	01	UE-28	143	República Checa	Mujeres	13
2018	44	Teruel	01	UE-28	144	Eslovaquia	Mujeres	2
2018	44	Teruel	01	UE-28	147	Eslovenia	Mujeres	1
2018	44	Teruel	02	Resto de Europa	101	Albania	Hombres	1
2018	44	Teruel	02	Resto de Europa	101	Albania	Mujeres	3
2018	44	Teruel	02	Resto de Europa	114	Islandia	Hombres	1
2018	44	Teruel	02	Resto de Europa	124	Andorra	Mujeres	2
2018	44	Teruel	02	Resto de Europa	132	Suiza	Hombres	3
2018	44	Teruel	02	Resto de Europa	132	Suiza	Mujeres	8
2018	44	Teruel	02	Resto de Europa	135	Ucrania	Hombres	88
2018	44	Teruel	02	Resto de Europa	135	Ucrania	Mujeres	88
2018	44	Teruel	02	Resto de Europa	137	Moldova	Hombres	10
2018	44	Teruel	02	Resto de Europa	137	Moldova	Mujeres	12
2018	44	Teruel	02	Resto de Europa	138	Bielorrusia	Hombres	1
2018	44	Teruel	02	Resto de Europa	138	Bielorrusia	Mujeres	2
2018	44	Teruel	02	Resto de Europa	139	Georgia	Hombres	3
2018	44	Teruel	02	Resto de Europa	139	Georgia	Mujeres	2
2018	44	Teruel	02	Resto de Europa	145	Bosnia-Herzegovina	Mujeres	1
2018	44	Teruel	02	Resto de Europa	148	Armenia	Hombres	2
2018	44	Teruel	02	Resto de Europa	148	Armenia	Mujeres	4
2018	44	Teruel	02	Resto de Europa	154	Rusia	Hombres	7
2018	44	Teruel	02	Resto de Europa	154	Rusia	Mujeres	24
2018	44	Teruel	02	Resto de Europa	158	Montenegro	Hombres	1
2018	44	Teruel	02	Resto de Europa	436	Turquía	Hombres	3
2018	44	Teruel	02	Resto de Europa	436	Turquía	Mujeres	5
2018	44	Teruel	03	Magreb	203	Argelia	Hombres	82
2018	44	Teruel	03	Magreb	203	Argelia	Mujeres	46
2018	44	Teruel	03	Magreb	228	Marruecos	Hombres	2397
2018	44	Teruel	03	Magreb	228	Marruecos	Mujeres	1853
2018	44	Teruel	03	Magreb	248	Túnez	Mujeres	2
2018	44	Teruel	04	Resto de África	201	Burkina Fasso	Hombres	1
2018	44	Teruel	04	Resto de África	207	Cabo Verde	Hombres	9
2018	44	Teruel	04	Resto de África	207	Cabo Verde	Mujeres	12
2018	44	Teruel	04	Resto de África	208	Camerún	Hombres	7
2018	44	Teruel	04	Resto de África	208	Camerún	Mujeres	5
2018	44	Teruel	04	Resto de África	211	Costa de Marfil	Hombres	4
2018	44	Teruel	04	Resto de África	211	Costa de Marfil	Mujeres	2
2018	44	Teruel	04	Resto de África	213	Egipto	Hombres	3
2018	44	Teruel	04	Resto de África	214	Etiopía	Hombres	1
2018	44	Teruel	04	Resto de África	216	Gambia	Hombres	10
2018	44	Teruel	04	Resto de África	216	Gambia	Mujeres	4
2018	44	Teruel	04	Resto de África	217	Ghana	Hombres	10
2018	44	Teruel	04	Resto de África	217	Ghana	Mujeres	2
2018	44	Teruel	04	Resto de África	218	Guinea	Hombres	2
2018	44	Teruel	04	Resto de África	219	Guinea Bissau	Hombres	1
2018	44	Teruel	04	Resto de África	220	Guinea Ecuatorial	Hombres	2
2018	44	Teruel	04	Resto de África	220	Guinea Ecuatorial	Mujeres	2
2018	44	Teruel	04	Resto de África	221	Kenia	Mujeres	2
2018	44	Teruel	04	Resto de África	225	Madagascar	Hombres	1
2018	44	Teruel	04	Resto de África	227	Mali	Hombres	46
2018	44	Teruel	04	Resto de África	227	Mali	Mujeres	8
2018	44	Teruel	04	Resto de África	231	Mozambique	Mujeres	1
2018	44	Teruel	04	Resto de África	234	Nigeria	Hombres	1
2018	44	Teruel	04	Resto de África	236	Sudáfrica	Hombres	2
2018	44	Teruel	04	Resto de África	237	Ruanda	Hombres	1
2018	44	Teruel	04	Resto de África	239	Senegal	Hombres	50
2018	44	Teruel	04	Resto de África	239	Senegal	Mujeres	16
2018	44	Teruel	04	Resto de África	250	Rep. Democrática del Congo	Hombres	1
2018	44	Teruel	04	Resto de África	253	Eritrea	Hombres	4
2018	44	Teruel	04	Resto de África	299	Países sin relaciones diplomáticas	Mujeres	1
2018	44	Teruel	05	América del Norte	301	Canadá	Hombres	1
2018	44	Teruel	05	América del Norte	301	Canadá	Mujeres	1
2018	44	Teruel	05	América del Norte	302	Estados Unidos de América	Hombres	14
2018	44	Teruel	05	América del Norte	302	Estados Unidos de América	Mujeres	19
2018	44	Teruel	06	Resto de América	303	México	Hombres	2
2018	44	Teruel	06	Resto de América	303	México	Mujeres	16
2018	44	Teruel	06	Resto de América	314	Costa Rica	Mujeres	4
2018	44	Teruel	06	Resto de América	315	Cuba	Hombres	38
2018	44	Teruel	06	Resto de América	315	Cuba	Mujeres	71
2018	44	Teruel	06	Resto de América	316	Dominica	Hombres	1
2018	44	Teruel	06	Resto de América	317	El Salvador	Hombres	4
2018	44	Teruel	06	Resto de América	317	El Salvador	Mujeres	6
2018	44	Teruel	06	Resto de América	319	Guatemala	Hombres	6
2018	44	Teruel	06	Resto de América	319	Guatemala	Mujeres	2
2018	44	Teruel	06	Resto de América	320	Haití	Hombres	1
2018	44	Teruel	06	Resto de América	321	Honduras	Hombres	5
2018	44	Teruel	06	Resto de América	321	Honduras	Mujeres	20
2018	44	Teruel	06	Resto de América	323	Nicaragua	Hombres	2
2018	44	Teruel	06	Resto de América	323	Nicaragua	Mujeres	34
2018	44	Teruel	06	Resto de América	324	Panamá	Hombres	1
2018	44	Teruel	06	Resto de América	324	Panamá	Mujeres	4
2018	44	Teruel	06	Resto de América	326	República Dominicana	Hombres	86
2018	44	Teruel	06	Resto de América	326	República Dominicana	Mujeres	102
2018	44	Teruel	06	Resto de América	329	San Cristóbal y Nieves	Mujeres	1
2018	44	Teruel	06	Resto de América	340	Argentina	Hombres	49
2018	44	Teruel	06	Resto de América	340	Argentina	Mujeres	56
2018	44	Teruel	06	Resto de América	341	Bolivia	Hombres	16
2018	44	Teruel	06	Resto de América	341	Bolivia	Mujeres	24
2018	44	Teruel	06	Resto de América	342	Brasil	Hombres	59
2018	44	Teruel	06	Resto de América	342	Brasil	Mujeres	139
2018	44	Teruel	06	Resto de América	343	Colombia	Hombres	163
2018	44	Teruel	06	Resto de América	343	Colombia	Mujeres	190
2018	44	Teruel	06	Resto de América	344	Chile	Hombres	20
2018	44	Teruel	06	Resto de América	344	Chile	Mujeres	22
2018	44	Teruel	06	Resto de América	345	Ecuador	Hombres	38
2018	44	Teruel	06	Resto de América	345	Ecuador	Mujeres	28
2018	44	Teruel	06	Resto de América	347	Paraguay	Hombres	12
2018	44	Teruel	06	Resto de América	347	Paraguay	Mujeres	13
2018	44	Teruel	06	Resto de América	348	Perú	Hombres	57
2018	44	Teruel	06	Resto de América	348	Perú	Mujeres	56
2018	44	Teruel	06	Resto de América	350	Uruguay	Hombres	14
2018	44	Teruel	06	Resto de América	350	Uruguay	Mujeres	20
2018	44	Teruel	06	Resto de América	351	Venezuela	Hombres	24
2018	44	Teruel	06	Resto de América	351	Venezuela	Mujeres	38
2018	44	Teruel	07	Asia	407	China	Hombres	75
2018	44	Teruel	07	Asia	407	China	Mujeres	75
2018	44	Teruel	07	Asia	409	Filipinas	Hombres	1
2018	44	Teruel	07	Asia	409	Filipinas	Mujeres	1
2018	44	Teruel	07	Asia	410	India	Hombres	11
2018	44	Teruel	07	Asia	410	India	Mujeres	3
2018	44	Teruel	07	Asia	412	Irak	Hombres	5
2018	44	Teruel	07	Asia	412	Irak	Mujeres	2
2018	44	Teruel	07	Asia	413	Irán	Hombres	1
2018	44	Teruel	07	Asia	414	Israel	Hombres	3
2018	44	Teruel	07	Asia	414	Israel	Mujeres	1
2018	44	Teruel	07	Asia	415	Japón	Hombres	1
2018	44	Teruel	07	Asia	415	Japón	Mujeres	2
2018	44	Teruel	07	Asia	420	Líbano	Hombres	5
2018	44	Teruel	07	Asia	420	Líbano	Mujeres	4
2018	44	Teruel	07	Asia	424	Nepal	Mujeres	1
2018	44	Teruel	07	Asia	426	Pakistán	Hombres	184
2018	44	Teruel	07	Asia	426	Pakistán	Mujeres	149
2018	44	Teruel	07	Asia	430	República de Corea	Mujeres	1
2018	44	Teruel	07	Asia	433	Siria	Hombres	20
2018	44	Teruel	07	Asia	433	Siria	Mujeres	13
2018	44	Teruel	07	Asia	434	Sri-Lanka	Hombres	1
2018	44	Teruel	07	Asia	435	Tailandia	Mujeres	2
2018	44	Teruel	07	Asia	443	Kazajstan	Hombres	5
2018	44	Teruel	07	Asia	443	Kazajstan	Mujeres	4
2018	44	Teruel	07	Asia	444	Kirgvistan	Mujeres	1
2018	44	Teruel	08	Oceanía	501	Australia	Hombres	1
2018	44	Teruel	08	Oceanía	501	Australia	Mujeres	3
2018	44	Teruel	08	Oceanía	504	Nueva Zelanda	Hombres	2
2018	44	Teruel	09	Apátridas y no consta	555	Apátridas	Hombres	4
2018	44	Teruel	09	Apátridas y no consta	555	Apátridas	Mujeres	3
2018	50	Zaragoza	01	UE-28	102	Austria	Hombres	20
2018	50	Zaragoza	01	UE-28	102	Austria	Mujeres	16
2018	50	Zaragoza	01	UE-28	103	Bélgica	Hombres	44
2018	50	Zaragoza	01	UE-28	103	Bélgica	Mujeres	43
2018	50	Zaragoza	01	UE-28	104	Bulgaria	Hombres	1490
2018	50	Zaragoza	01	UE-28	104	Bulgaria	Mujeres	1409
2018	50	Zaragoza	01	UE-28	106	Chipre	Hombres	1
2018	50	Zaragoza	01	UE-28	106	Chipre	Mujeres	1
2018	50	Zaragoza	01	UE-28	107	Dinamarca	Hombres	16
2018	50	Zaragoza	01	UE-28	107	Dinamarca	Mujeres	4
2018	50	Zaragoza	01	UE-28	109	Finlandia	Hombres	5
2018	50	Zaragoza	01	UE-28	109	Finlandia	Mujeres	12
2018	50	Zaragoza	01	UE-28	110	Francia	Hombres	368
2018	50	Zaragoza	01	UE-28	110	Francia	Mujeres	406
2018	50	Zaragoza	01	UE-28	111	Grecia	Hombres	21
2018	50	Zaragoza	01	UE-28	111	Grecia	Mujeres	21
2018	50	Zaragoza	01	UE-28	112	Hungría	Hombres	25
2018	50	Zaragoza	01	UE-28	112	Hungría	Mujeres	58
2018	50	Zaragoza	01	UE-28	113	Irlanda	Hombres	30
2018	50	Zaragoza	01	UE-28	113	Irlanda	Mujeres	25
2018	50	Zaragoza	01	UE-28	115	Italia	Hombres	640
2018	50	Zaragoza	01	UE-28	115	Italia	Mujeres	488
2018	50	Zaragoza	01	UE-28	118	Malta	Hombres	1
2018	50	Zaragoza	01	UE-28	121	Países Bajos	Hombres	117
2018	50	Zaragoza	01	UE-28	121	Países Bajos	Mujeres	92
2018	50	Zaragoza	01	UE-28	122	Polonia	Hombres	523
2018	50	Zaragoza	01	UE-28	122	Polonia	Mujeres	603
2018	50	Zaragoza	01	UE-28	123	Portugal	Hombres	743
2018	50	Zaragoza	01	UE-28	123	Portugal	Mujeres	518
2018	50	Zaragoza	01	UE-28	125	Reino Unido	Hombres	248
2018	50	Zaragoza	01	UE-28	125	Reino Unido	Mujeres	165
2018	50	Zaragoza	01	UE-28	126	Alemania	Hombres	172
2018	50	Zaragoza	01	UE-28	126	Alemania	Mujeres	143
2018	50	Zaragoza	01	UE-28	128	Rumanía	Hombres	16709
2018	50	Zaragoza	01	UE-28	128	Rumanía	Mujeres	17249
2018	50	Zaragoza	01	UE-28	131	Suecia	Hombres	12
2018	50	Zaragoza	01	UE-28	131	Suecia	Mujeres	18
2018	50	Zaragoza	01	UE-28	136	Letonia	Hombres	16
2018	50	Zaragoza	01	UE-28	136	Letonia	Mujeres	17
2018	50	Zaragoza	01	UE-28	141	Estonia	Hombres	1
2018	50	Zaragoza	01	UE-28	141	Estonia	Mujeres	6
2018	50	Zaragoza	01	UE-28	142	Lituania	Hombres	37
2018	50	Zaragoza	01	UE-28	142	Lituania	Mujeres	63
2018	50	Zaragoza	01	UE-28	143	República Checa	Hombres	46
2018	50	Zaragoza	01	UE-28	143	República Checa	Mujeres	44
2018	50	Zaragoza	01	UE-28	144	Eslovaquia	Hombres	26
2018	50	Zaragoza	01	UE-28	144	Eslovaquia	Mujeres	31
2018	50	Zaragoza	01	UE-28	146	Croacia	Hombres	11
2018	50	Zaragoza	01	UE-28	146	Croacia	Mujeres	11
2018	50	Zaragoza	01	UE-28	147	Eslovenia	Hombres	4
2018	50	Zaragoza	01	UE-28	147	Eslovenia	Mujeres	14
2018	50	Zaragoza	02	Resto de Europa	101	Albania	Hombres	20
2018	50	Zaragoza	02	Resto de Europa	101	Albania	Mujeres	21
2018	50	Zaragoza	02	Resto de Europa	120	Noruega	Hombres	7
2018	50	Zaragoza	02	Resto de Europa	120	Noruega	Mujeres	7
2018	50	Zaragoza	02	Resto de Europa	124	Andorra	Hombres	3
2018	50	Zaragoza	02	Resto de Europa	124	Andorra	Mujeres	2
2018	50	Zaragoza	02	Resto de Europa	132	Suiza	Hombres	13
2018	50	Zaragoza	02	Resto de Europa	132	Suiza	Mujeres	14
2018	50	Zaragoza	02	Resto de Europa	135	Ucrania	Hombres	568
2018	50	Zaragoza	02	Resto de Europa	135	Ucrania	Mujeres	866
2018	50	Zaragoza	02	Resto de Europa	137	Moldova	Hombres	110
2018	50	Zaragoza	02	Resto de Europa	137	Moldova	Mujeres	180
2018	50	Zaragoza	02	Resto de Europa	138	Bielorrusia	Hombres	20
2018	50	Zaragoza	02	Resto de Europa	138	Bielorrusia	Mujeres	55
2018	50	Zaragoza	02	Resto de Europa	139	Georgia	Hombres	31
2018	50	Zaragoza	02	Resto de Europa	139	Georgia	Mujeres	30
2018	50	Zaragoza	02	Resto de Europa	145	Bosnia-Herzegovina	Hombres	9
2018	50	Zaragoza	02	Resto de Europa	145	Bosnia-Herzegovina	Mujeres	17
2018	50	Zaragoza	02	Resto de Europa	148	Armenia	Hombres	30
2018	50	Zaragoza	02	Resto de Europa	148	Armenia	Mujeres	37
2018	50	Zaragoza	02	Resto de Europa	154	Rusia	Hombres	140
2018	50	Zaragoza	02	Resto de Europa	154	Rusia	Mujeres	536
2018	50	Zaragoza	02	Resto de Europa	156	Macedonia	Hombres	1
2018	50	Zaragoza	02	Resto de Europa	157	Serbia	Hombres	20
2018	50	Zaragoza	02	Resto de Europa	157	Serbia	Mujeres	24
2018	50	Zaragoza	02	Resto de Europa	436	Turquía	Hombres	40
2018	50	Zaragoza	02	Resto de Europa	436	Turquía	Mujeres	26
2018	50	Zaragoza	03	Magreb	203	Argelia	Hombres	2414
2018	50	Zaragoza	03	Magreb	203	Argelia	Mujeres	1422
2018	50	Zaragoza	03	Magreb	224	Libia	Hombres	6
2018	50	Zaragoza	03	Magreb	224	Libia	Mujeres	6
2018	50	Zaragoza	03	Magreb	228	Marruecos	Hombres	6074
2018	50	Zaragoza	03	Magreb	228	Marruecos	Mujeres	4889
2018	50	Zaragoza	03	Magreb	230	Mauritania	Hombres	135
2018	50	Zaragoza	03	Magreb	230	Mauritania	Mujeres	48
2018	50	Zaragoza	03	Magreb	248	Túnez	Hombres	50
2018	50	Zaragoza	03	Magreb	248	Túnez	Mujeres	35
2018	50	Zaragoza	04	Resto de África	201	Burkina Fasso	Hombres	30
2018	50	Zaragoza	04	Resto de África	201	Burkina Fasso	Mujeres	20
2018	50	Zaragoza	04	Resto de África	202	Angola	Hombres	18
2018	50	Zaragoza	04	Resto de África	202	Angola	Mujeres	13
2018	50	Zaragoza	04	Resto de África	204	Benin	Hombres	6
2018	50	Zaragoza	04	Resto de África	204	Benin	Mujeres	1
2018	50	Zaragoza	04	Resto de África	206	Burundi	Hombres	1
2018	50	Zaragoza	04	Resto de África	206	Burundi	Mujeres	1
2018	50	Zaragoza	04	Resto de África	207	Cabo Verde	Hombres	129
2018	50	Zaragoza	04	Resto de África	207	Cabo Verde	Mujeres	151
2018	50	Zaragoza	04	Resto de África	208	Camerún	Hombres	117
2018	50	Zaragoza	04	Resto de África	208	Camerún	Mujeres	114
2018	50	Zaragoza	04	Resto de África	210	Congo	Hombres	27
2018	50	Zaragoza	04	Resto de África	210	Congo	Mujeres	13
2018	50	Zaragoza	04	Resto de África	211	Costa de Marfil	Hombres	47
2018	50	Zaragoza	04	Resto de África	211	Costa de Marfil	Mujeres	35
2018	50	Zaragoza	04	Resto de África	213	Egipto	Hombres	63
2018	50	Zaragoza	04	Resto de África	213	Egipto	Mujeres	38
2018	50	Zaragoza	04	Resto de África	214	Etiopía	Hombres	2
2018	50	Zaragoza	04	Resto de África	215	Gabón	Hombres	2
2018	50	Zaragoza	04	Resto de África	215	Gabón	Mujeres	3
2018	50	Zaragoza	04	Resto de África	216	Gambia	Hombres	910
2018	50	Zaragoza	04	Resto de África	216	Gambia	Mujeres	403
2018	50	Zaragoza	04	Resto de África	217	Ghana	Hombres	1195
2018	50	Zaragoza	04	Resto de África	217	Ghana	Mujeres	561
2018	50	Zaragoza	04	Resto de África	218	Guinea	Hombres	291
2018	50	Zaragoza	04	Resto de África	218	Guinea	Mujeres	308
2018	50	Zaragoza	04	Resto de África	219	Guinea Bissau	Hombres	56
2018	50	Zaragoza	04	Resto de África	219	Guinea Bissau	Mujeres	30
2018	50	Zaragoza	04	Resto de África	220	Guinea Ecuatorial	Hombres	247
2018	50	Zaragoza	04	Resto de África	220	Guinea Ecuatorial	Mujeres	465
2018	50	Zaragoza	04	Resto de África	221	Kenia	Hombres	1
2018	50	Zaragoza	04	Resto de África	221	Kenia	Mujeres	13
2018	50	Zaragoza	04	Resto de África	223	Liberia	Hombres	3
2018	50	Zaragoza	04	Resto de África	225	Madagascar	Hombres	1
2018	50	Zaragoza	04	Resto de África	225	Madagascar	Mujeres	6
2018	50	Zaragoza	04	Resto de África	227	Mali	Hombres	493
2018	50	Zaragoza	04	Resto de África	227	Mali	Mujeres	170
2018	50	Zaragoza	04	Resto de África	229	Mauricio	Mujeres	1
2018	50	Zaragoza	04	Resto de África	231	Mozambique	Hombres	1
2018	50	Zaragoza	04	Resto de África	231	Mozambique	Mujeres	1
2018	50	Zaragoza	04	Resto de África	233	Níger	Hombres	6
2018	50	Zaragoza	04	Resto de África	233	Níger	Mujeres	6
2018	50	Zaragoza	04	Resto de África	234	Nigeria	Hombres	330
2018	50	Zaragoza	04	Resto de África	234	Nigeria	Mujeres	350
2018	50	Zaragoza	04	Resto de África	235	República Centroafricana	Hombres	4
2018	50	Zaragoza	04	Resto de África	235	República Centroafricana	Mujeres	2
2018	50	Zaragoza	04	Resto de África	236	Sudáfrica	Hombres	7
2018	50	Zaragoza	04	Resto de África	236	Sudáfrica	Mujeres	10
2018	50	Zaragoza	04	Resto de África	237	Ruanda	Mujeres	1
2018	50	Zaragoza	04	Resto de África	238	Santo Tome y Príncipe	Hombres	1
2018	50	Zaragoza	04	Resto de África	239	Senegal	Hombres	1990
2018	50	Zaragoza	04	Resto de África	239	Senegal	Mujeres	621
2018	50	Zaragoza	04	Resto de África	241	Sierra Leona	Hombres	5
2018	50	Zaragoza	04	Resto de África	241	Sierra Leona	Mujeres	8
2018	50	Zaragoza	04	Resto de África	243	Sudán	Hombres	7
2018	50	Zaragoza	04	Resto de África	243	Sudán	Mujeres	4
2018	50	Zaragoza	04	Resto de África	245	Tanzania	Hombres	1
2018	50	Zaragoza	04	Resto de África	246	Chad	Hombres	1
2018	50	Zaragoza	04	Resto de África	246	Chad	Mujeres	2
2018	50	Zaragoza	04	Resto de África	247	Togo	Hombres	12
2018	50	Zaragoza	04	Resto de África	247	Togo	Mujeres	11
2018	50	Zaragoza	04	Resto de África	249	Uganda	Mujeres	2
2018	50	Zaragoza	04	Resto de África	250	Rep. Democrática del Congo	Hombres	25
2018	50	Zaragoza	04	Resto de África	250	Rep. Democrática del Congo	Mujeres	16
2018	50	Zaragoza	04	Resto de África	252	Zimbabwe	Hombres	1
2018	50	Zaragoza	05	América del Norte	301	Canadá	Hombres	12
2018	50	Zaragoza	05	América del Norte	301	Canadá	Mujeres	17
2018	50	Zaragoza	05	América del Norte	302	Estados Unidos de América	Hombres	213
2018	50	Zaragoza	05	América del Norte	302	Estados Unidos de América	Mujeres	181
2018	50	Zaragoza	06	Resto de América	303	México	Hombres	133
2018	50	Zaragoza	06	Resto de América	303	México	Mujeres	198
2018	50	Zaragoza	06	Resto de América	314	Costa Rica	Hombres	28
2018	50	Zaragoza	06	Resto de América	314	Costa Rica	Mujeres	39
2018	50	Zaragoza	06	Resto de América	315	Cuba	Hombres	320
2018	50	Zaragoza	06	Resto de América	315	Cuba	Mujeres	497
2018	50	Zaragoza	06	Resto de América	316	Dominica	Hombres	2
2018	50	Zaragoza	06	Resto de América	316	Dominica	Mujeres	4
2018	50	Zaragoza	06	Resto de América	317	El Salvador	Hombres	186
2018	50	Zaragoza	06	Resto de América	317	El Salvador	Mujeres	296
2018	50	Zaragoza	06	Resto de América	319	Guatemala	Hombres	25
2018	50	Zaragoza	06	Resto de América	319	Guatemala	Mujeres	52
2018	50	Zaragoza	06	Resto de América	320	Haití	Hombres	7
2018	50	Zaragoza	06	Resto de América	320	Haití	Mujeres	8
2018	50	Zaragoza	06	Resto de América	321	Honduras	Hombres	335
2018	50	Zaragoza	06	Resto de América	321	Honduras	Mujeres	896
2018	50	Zaragoza	06	Resto de América	322	Jamaica	Mujeres	1
2018	50	Zaragoza	06	Resto de América	323	Nicaragua	Hombres	1302
2018	50	Zaragoza	06	Resto de América	323	Nicaragua	Mujeres	3914
2018	50	Zaragoza	06	Resto de América	324	Panamá	Hombres	10
2018	50	Zaragoza	06	Resto de América	324	Panamá	Mujeres	29
2018	50	Zaragoza	06	Resto de América	326	República Dominicana	Hombres	654
2018	50	Zaragoza	06	Resto de América	326	República Dominicana	Mujeres	802
2018	50	Zaragoza	06	Resto de América	327	Trinidad y Tobago	Mujeres	1
2018	50	Zaragoza	06	Resto de América	340	Argentina	Hombres	301
2018	50	Zaragoza	06	Resto de América	340	Argentina	Mujeres	393
2018	50	Zaragoza	06	Resto de América	341	Bolivia	Hombres	142
2018	50	Zaragoza	06	Resto de América	341	Bolivia	Mujeres	183
2018	50	Zaragoza	06	Resto de América	342	Brasil	Hombres	377
2018	50	Zaragoza	06	Resto de América	342	Brasil	Mujeres	912
2018	50	Zaragoza	06	Resto de América	343	Colombia	Hombres	1476
2018	50	Zaragoza	06	Resto de América	343	Colombia	Mujeres	1982
2018	50	Zaragoza	06	Resto de América	344	Chile	Hombres	155
2018	50	Zaragoza	06	Resto de América	344	Chile	Mujeres	188
2018	50	Zaragoza	06	Resto de América	345	Ecuador	Hombres	1819
2018	50	Zaragoza	06	Resto de América	345	Ecuador	Mujeres	1695
2018	50	Zaragoza	06	Resto de América	347	Paraguay	Hombres	78
2018	50	Zaragoza	06	Resto de América	347	Paraguay	Mujeres	178
2018	50	Zaragoza	06	Resto de América	348	Perú	Hombres	490
2018	50	Zaragoza	06	Resto de América	348	Perú	Mujeres	582
2018	50	Zaragoza	06	Resto de América	350	Uruguay	Hombres	121
2018	50	Zaragoza	06	Resto de América	350	Uruguay	Mujeres	119
2018	50	Zaragoza	06	Resto de América	351	Venezuela	Hombres	469
2018	50	Zaragoza	06	Resto de América	351	Venezuela	Mujeres	647
2018	50	Zaragoza	07	Asia	402	Arabia Saudí	Hombres	1
2018	50	Zaragoza	07	Asia	404	Bangladesh	Hombres	7
2018	50	Zaragoza	07	Asia	404	Bangladesh	Mujeres	6
2018	50	Zaragoza	07	Asia	407	China	Hombres	2570
2018	50	Zaragoza	07	Asia	407	China	Mujeres	2441
2018	50	Zaragoza	07	Asia	408	Emiratos Arabes Unidos	Hombres	1
2018	50	Zaragoza	07	Asia	409	Filipinas	Hombres	16
2018	50	Zaragoza	07	Asia	409	Filipinas	Mujeres	48
2018	50	Zaragoza	07	Asia	410	India	Hombres	96
2018	50	Zaragoza	07	Asia	410	India	Mujeres	46
2018	50	Zaragoza	07	Asia	411	Indonesia	Mujeres	7
2018	50	Zaragoza	07	Asia	412	Irak	Hombres	18
2018	50	Zaragoza	07	Asia	412	Irak	Mujeres	9
2018	50	Zaragoza	07	Asia	413	Irán	Hombres	12
2018	50	Zaragoza	07	Asia	413	Irán	Mujeres	11
2018	50	Zaragoza	07	Asia	414	Israel	Hombres	2
2018	50	Zaragoza	07	Asia	414	Israel	Mujeres	3
2018	50	Zaragoza	07	Asia	415	Japón	Hombres	17
2018	50	Zaragoza	07	Asia	415	Japón	Mujeres	27
2018	50	Zaragoza	07	Asia	416	Jordania	Hombres	15
2018	50	Zaragoza	07	Asia	416	Jordania	Mujeres	10
2018	50	Zaragoza	07	Asia	418	Kuwait	Mujeres	1
2018	50	Zaragoza	07	Asia	420	Líbano	Hombres	8
2018	50	Zaragoza	07	Asia	420	Líbano	Mujeres	7
2018	50	Zaragoza	07	Asia	421	Malasia	Hombres	1
2018	50	Zaragoza	07	Asia	421	Malasia	Mujeres	2
2018	50	Zaragoza	07	Asia	423	Mongolia	Hombres	1
2018	50	Zaragoza	07	Asia	423	Mongolia	Mujeres	4
2018	50	Zaragoza	07	Asia	424	Nepal	Hombres	1
2018	50	Zaragoza	07	Asia	424	Nepal	Mujeres	1
2018	50	Zaragoza	07	Asia	426	Pakistán	Hombres	1275
2018	50	Zaragoza	07	Asia	426	Pakistán	Mujeres	385
2018	50	Zaragoza	07	Asia	430	República de Corea	Hombres	15
2018	50	Zaragoza	07	Asia	430	República de Corea	Mujeres	12
2018	50	Zaragoza	07	Asia	432	Singapur	Hombres	1
2018	50	Zaragoza	07	Asia	432	Singapur	Mujeres	1
2018	50	Zaragoza	07	Asia	433	Siria	Hombres	120
2018	50	Zaragoza	07	Asia	433	Siria	Mujeres	70
2018	50	Zaragoza	07	Asia	434	Sri-Lanka	Hombres	1
2018	50	Zaragoza	07	Asia	434	Sri-Lanka	Mujeres	1
2018	50	Zaragoza	07	Asia	435	Tailandia	Mujeres	4
2018	50	Zaragoza	07	Asia	437	Vietnam	Hombres	15
2018	50	Zaragoza	07	Asia	437	Vietnam	Mujeres	28
2018	50	Zaragoza	07	Asia	441	Yemen	Hombres	2
2018	50	Zaragoza	07	Asia	441	Yemen	Mujeres	2
2018	50	Zaragoza	07	Asia	442	Azerbaiyan	Hombres	1
2018	50	Zaragoza	07	Asia	442	Azerbaiyan	Mujeres	1
2018	50	Zaragoza	07	Asia	443	Kazajstan	Hombres	3
2018	50	Zaragoza	07	Asia	443	Kazajstan	Mujeres	5
2018	50	Zaragoza	07	Asia	444	Kirgvistan	Hombres	1
2018	50	Zaragoza	07	Asia	444	Kirgvistan	Mujeres	7
2018	50	Zaragoza	07	Asia	447	Uzbekistán	Hombres	1
2018	50	Zaragoza	07	Asia	447	Uzbekistán	Mujeres	4
2018	50	Zaragoza	07	Asia	448	Bhután	Hombres	1
2018	50	Zaragoza	07	Asia	499	Países sin relaciones diplomáticas	Hombres	4
2018	50	Zaragoza	07	Asia	499	Países sin relaciones diplomáticas	Mujeres	3
2018	50	Zaragoza	08	Oceanía	501	Australia	Hombres	8
2018	50	Zaragoza	08	Oceanía	501	Australia	Mujeres	6
2018	50	Zaragoza	08	Oceanía	504	Nueva Zelanda	Hombres	3
2018	50	Zaragoza	08	Oceanía	504	Nueva Zelanda	Mujeres	4
2018	50	Zaragoza	09	Apátridas y no consta	555	Apátridas	Hombres	29
2018	50	Zaragoza	09	Apátridas y no consta	555	Apátridas	Mujeres	9
2019	22	Huesca	01	UE-28	102	Austria	Hombres	6
2019	22	Huesca	01	UE-28	102	Austria	Mujeres	2
2019	22	Huesca	01	UE-28	103	Bélgica	Hombres	34
2019	22	Huesca	01	UE-28	103	Bélgica	Mujeres	33
2019	22	Huesca	01	UE-28	104	Bulgaria	Hombres	819
2019	22	Huesca	01	UE-28	104	Bulgaria	Mujeres	766
2019	22	Huesca	01	UE-28	107	Dinamarca	Hombres	6
2019	22	Huesca	01	UE-28	107	Dinamarca	Mujeres	7
2019	22	Huesca	01	UE-28	109	Finlandia	Hombres	4
2019	22	Huesca	01	UE-28	109	Finlandia	Mujeres	5
2019	22	Huesca	01	UE-28	110	Francia	Hombres	189
2019	22	Huesca	01	UE-28	110	Francia	Mujeres	210
2019	22	Huesca	01	UE-28	111	Grecia	Hombres	1
2019	22	Huesca	01	UE-28	111	Grecia	Mujeres	7
2019	22	Huesca	01	UE-28	112	Hungría	Hombres	2
2019	22	Huesca	01	UE-28	112	Hungría	Mujeres	8
2019	22	Huesca	01	UE-28	113	Irlanda	Hombres	13
2019	22	Huesca	01	UE-28	113	Irlanda	Mujeres	7
2019	22	Huesca	01	UE-28	115	Italia	Hombres	143
2019	22	Huesca	01	UE-28	115	Italia	Mujeres	127
2019	22	Huesca	01	UE-28	117	Luxemburgo	Hombres	5
2019	22	Huesca	01	UE-28	117	Luxemburgo	Mujeres	1
2019	22	Huesca	01	UE-28	118	Malta	Mujeres	1
2019	22	Huesca	01	UE-28	121	Países Bajos	Hombres	70
2019	22	Huesca	01	UE-28	121	Países Bajos	Mujeres	66
2019	22	Huesca	01	UE-28	122	Polonia	Hombres	174
2019	22	Huesca	01	UE-28	122	Polonia	Mujeres	216
2019	22	Huesca	01	UE-28	123	Portugal	Hombres	231
2019	22	Huesca	01	UE-28	123	Portugal	Mujeres	152
2019	22	Huesca	01	UE-28	125	Reino Unido	Hombres	99
2019	22	Huesca	01	UE-28	125	Reino Unido	Mujeres	98
2019	22	Huesca	01	UE-28	126	Alemania	Hombres	69
2019	22	Huesca	01	UE-28	126	Alemania	Mujeres	68
2019	22	Huesca	01	UE-28	128	Rumanía	Hombres	3929
2019	22	Huesca	01	UE-28	128	Rumanía	Mujeres	4080
2019	22	Huesca	01	UE-28	131	Suecia	Hombres	2
2019	22	Huesca	01	UE-28	131	Suecia	Mujeres	1
2019	22	Huesca	01	UE-28	136	Letonia	Hombres	6
2019	22	Huesca	01	UE-28	136	Letonia	Mujeres	7
2019	22	Huesca	01	UE-28	141	Estonia	Hombres	1
2019	22	Huesca	01	UE-28	142	Lituania	Hombres	89
2019	22	Huesca	01	UE-28	142	Lituania	Mujeres	112
2019	22	Huesca	01	UE-28	143	República Checa	Hombres	10
2019	22	Huesca	01	UE-28	143	República Checa	Mujeres	6
2019	22	Huesca	01	UE-28	144	Eslovaquia	Hombres	5
2019	22	Huesca	01	UE-28	144	Eslovaquia	Mujeres	13
2019	22	Huesca	01	UE-28	146	Croacia	Hombres	2
2019	22	Huesca	01	UE-28	147	Eslovenia	Hombres	3
2019	22	Huesca	01	UE-28	147	Eslovenia	Mujeres	1
2019	22	Huesca	02	Resto de Europa	101	Albania	Hombres	9
2019	22	Huesca	02	Resto de Europa	101	Albania	Mujeres	10
2019	22	Huesca	02	Resto de Europa	119	Mónaco	Mujeres	1
2019	22	Huesca	02	Resto de Europa	120	Noruega	Hombres	1
2019	22	Huesca	02	Resto de Europa	120	Noruega	Mujeres	4
2019	22	Huesca	02	Resto de Europa	124	Andorra	Hombres	5
2019	22	Huesca	02	Resto de Europa	124	Andorra	Mujeres	2
2019	22	Huesca	02	Resto de Europa	132	Suiza	Hombres	11
2019	22	Huesca	02	Resto de Europa	132	Suiza	Mujeres	14
2019	22	Huesca	02	Resto de Europa	135	Ucrania	Hombres	280
2019	22	Huesca	02	Resto de Europa	135	Ucrania	Mujeres	279
2019	22	Huesca	02	Resto de Europa	137	Moldova	Hombres	19
2019	22	Huesca	02	Resto de Europa	137	Moldova	Mujeres	24
2019	22	Huesca	02	Resto de Europa	138	Bielorrusia	Hombres	8
2019	22	Huesca	02	Resto de Europa	138	Bielorrusia	Mujeres	7
2019	22	Huesca	02	Resto de Europa	139	Georgia	Hombres	24
2019	22	Huesca	02	Resto de Europa	139	Georgia	Mujeres	25
2019	22	Huesca	02	Resto de Europa	148	Armenia	Hombres	20
2019	22	Huesca	02	Resto de Europa	148	Armenia	Mujeres	19
2019	22	Huesca	02	Resto de Europa	154	Rusia	Hombres	33
2019	22	Huesca	02	Resto de Europa	154	Rusia	Mujeres	88
2019	22	Huesca	02	Resto de Europa	156	Macedonia	Mujeres	1
2019	22	Huesca	02	Resto de Europa	157	Serbia	Hombres	8
2019	22	Huesca	02	Resto de Europa	157	Serbia	Mujeres	8
2019	22	Huesca	02	Resto de Europa	158	Montenegro	Hombres	1
2019	22	Huesca	02	Resto de Europa	436	Turquía	Hombres	3
2019	22	Huesca	02	Resto de Europa	436	Turquía	Mujeres	2
2019	22	Huesca	03	Magreb	203	Argelia	Hombres	407
2019	22	Huesca	03	Magreb	203	Argelia	Mujeres	266
2019	22	Huesca	03	Magreb	224	Libia	Hombres	8
2019	22	Huesca	03	Magreb	224	Libia	Mujeres	1
2019	22	Huesca	03	Magreb	228	Marruecos	Hombres	1843
2019	22	Huesca	03	Magreb	228	Marruecos	Mujeres	1625
2019	22	Huesca	03	Magreb	230	Mauritania	Hombres	81
2019	22	Huesca	03	Magreb	230	Mauritania	Mujeres	11
2019	22	Huesca	03	Magreb	248	Túnez	Hombres	5
2019	22	Huesca	03	Magreb	248	Túnez	Mujeres	1
2019	22	Huesca	04	Resto de África	201	Burkina Fasso	Hombres	32
2019	22	Huesca	04	Resto de África	201	Burkina Fasso	Mujeres	13
2019	22	Huesca	04	Resto de África	202	Angola	Hombres	2
2019	22	Huesca	04	Resto de África	202	Angola	Mujeres	1
2019	22	Huesca	04	Resto de África	204	Benin	Hombres	2
2019	22	Huesca	04	Resto de África	204	Benin	Mujeres	3
2019	22	Huesca	04	Resto de África	207	Cabo Verde	Hombres	9
2019	22	Huesca	04	Resto de África	207	Cabo Verde	Mujeres	5
2019	22	Huesca	04	Resto de África	208	Camerún	Hombres	9
2019	22	Huesca	04	Resto de África	208	Camerún	Mujeres	2
2019	22	Huesca	04	Resto de África	210	Congo	Hombres	1
2019	22	Huesca	04	Resto de África	211	Costa de Marfil	Hombres	53
2019	22	Huesca	04	Resto de África	211	Costa de Marfil	Mujeres	33
2019	22	Huesca	04	Resto de África	213	Egipto	Hombres	1
2019	22	Huesca	04	Resto de África	213	Egipto	Mujeres	1
2019	22	Huesca	04	Resto de África	216	Gambia	Hombres	573
2019	22	Huesca	04	Resto de África	216	Gambia	Mujeres	125
2019	22	Huesca	04	Resto de África	217	Ghana	Hombres	70
2019	22	Huesca	04	Resto de África	217	Ghana	Mujeres	40
2019	22	Huesca	04	Resto de África	218	Guinea	Hombres	151
2019	22	Huesca	04	Resto de África	218	Guinea	Mujeres	49
2019	22	Huesca	04	Resto de África	219	Guinea Bissau	Hombres	34
2019	22	Huesca	04	Resto de África	219	Guinea Bissau	Mujeres	8
2019	22	Huesca	04	Resto de África	220	Guinea Ecuatorial	Hombres	9
2019	22	Huesca	04	Resto de África	220	Guinea Ecuatorial	Mujeres	14
2019	22	Huesca	04	Resto de África	221	Kenia	Hombres	6
2019	22	Huesca	04	Resto de África	221	Kenia	Mujeres	17
2019	22	Huesca	04	Resto de África	227	Mali	Hombres	966
2019	22	Huesca	04	Resto de África	227	Mali	Mujeres	214
2019	22	Huesca	04	Resto de África	233	Níger	Hombres	6
2019	22	Huesca	04	Resto de África	233	Níger	Mujeres	3
2019	22	Huesca	04	Resto de África	234	Nigeria	Hombres	51
2019	22	Huesca	04	Resto de África	234	Nigeria	Mujeres	37
2019	22	Huesca	04	Resto de África	236	Sudáfrica	Hombres	1
2019	22	Huesca	04	Resto de África	237	Ruanda	Mujeres	1
2019	22	Huesca	04	Resto de África	239	Senegal	Hombres	560
2019	22	Huesca	04	Resto de África	239	Senegal	Mujeres	127
2019	22	Huesca	04	Resto de África	241	Sierra Leona	Hombres	2
2019	22	Huesca	04	Resto de África	247	Togo	Hombres	5
2019	22	Huesca	04	Resto de África	247	Togo	Mujeres	2
2019	22	Huesca	04	Resto de África	250	Rep. Democrática del Congo	Hombres	3
2019	22	Huesca	04	Resto de África	250	Rep. Democrática del Congo	Mujeres	1
2019	22	Huesca	05	América del Norte	301	Canadá	Hombres	3
2019	22	Huesca	05	América del Norte	301	Canadá	Mujeres	2
2019	22	Huesca	05	América del Norte	302	Estados Unidos de América	Hombres	30
2019	22	Huesca	05	América del Norte	302	Estados Unidos de América	Mujeres	46
2019	22	Huesca	06	Resto de América	303	México	Hombres	23
2019	22	Huesca	06	Resto de América	303	México	Mujeres	23
2019	22	Huesca	06	Resto de América	314	Costa Rica	Hombres	4
2019	22	Huesca	06	Resto de América	314	Costa Rica	Mujeres	12
2019	22	Huesca	06	Resto de América	315	Cuba	Hombres	57
2019	22	Huesca	06	Resto de América	315	Cuba	Mujeres	93
2019	22	Huesca	06	Resto de América	316	Dominica	Mujeres	2
2019	22	Huesca	06	Resto de América	317	El Salvador	Hombres	26
2019	22	Huesca	06	Resto de América	317	El Salvador	Mujeres	45
2019	22	Huesca	06	Resto de América	319	Guatemala	Hombres	7
2019	22	Huesca	06	Resto de América	319	Guatemala	Mujeres	6
2019	22	Huesca	06	Resto de América	321	Honduras	Hombres	63
2019	22	Huesca	06	Resto de América	321	Honduras	Mujeres	258
2019	22	Huesca	06	Resto de América	323	Nicaragua	Hombres	112
2019	22	Huesca	06	Resto de América	323	Nicaragua	Mujeres	450
2019	22	Huesca	06	Resto de América	324	Panamá	Hombres	3
2019	22	Huesca	06	Resto de América	324	Panamá	Mujeres	5
2019	22	Huesca	06	Resto de América	326	República Dominicana	Hombres	150
2019	22	Huesca	06	Resto de América	326	República Dominicana	Mujeres	218
2019	22	Huesca	06	Resto de América	340	Argentina	Hombres	104
2019	22	Huesca	06	Resto de América	340	Argentina	Mujeres	116
2019	22	Huesca	06	Resto de América	341	Bolivia	Hombres	43
2019	22	Huesca	06	Resto de América	341	Bolivia	Mujeres	69
2019	22	Huesca	06	Resto de América	342	Brasil	Hombres	66
2019	22	Huesca	06	Resto de América	342	Brasil	Mujeres	149
2019	22	Huesca	06	Resto de América	343	Colombia	Hombres	330
2019	22	Huesca	06	Resto de América	343	Colombia	Mujeres	434
2019	22	Huesca	06	Resto de América	344	Chile	Hombres	33
2019	22	Huesca	06	Resto de América	344	Chile	Mujeres	24
2019	22	Huesca	06	Resto de América	345	Ecuador	Hombres	178
2019	22	Huesca	06	Resto de América	345	Ecuador	Mujeres	132
2019	22	Huesca	06	Resto de América	347	Paraguay	Hombres	19
2019	22	Huesca	06	Resto de América	347	Paraguay	Mujeres	50
2019	22	Huesca	06	Resto de América	348	Perú	Hombres	61
2019	22	Huesca	06	Resto de América	348	Perú	Mujeres	84
2019	22	Huesca	06	Resto de América	350	Uruguay	Hombres	31
2019	22	Huesca	06	Resto de América	350	Uruguay	Mujeres	38
2019	22	Huesca	06	Resto de América	351	Venezuela	Hombres	165
2019	22	Huesca	06	Resto de América	351	Venezuela	Mujeres	228
2019	22	Huesca	07	Asia	404	Bangladesh	Mujeres	1
2019	22	Huesca	07	Asia	407	China	Hombres	207
2019	22	Huesca	07	Asia	407	China	Mujeres	222
2019	22	Huesca	07	Asia	409	Filipinas	Hombres	3
2019	22	Huesca	07	Asia	409	Filipinas	Mujeres	6
2019	22	Huesca	07	Asia	410	India	Hombres	14
2019	22	Huesca	07	Asia	410	India	Mujeres	3
2019	22	Huesca	07	Asia	411	Indonesia	Mujeres	4
2019	22	Huesca	07	Asia	413	Irán	Mujeres	1
2019	22	Huesca	07	Asia	414	Israel	Hombres	3
2019	22	Huesca	07	Asia	415	Japón	Hombres	2
2019	22	Huesca	07	Asia	415	Japón	Mujeres	7
2019	22	Huesca	07	Asia	416	Jordania	Hombres	3
2019	22	Huesca	07	Asia	416	Jordania	Mujeres	2
2019	22	Huesca	07	Asia	419	Laos	Mujeres	2
2019	22	Huesca	07	Asia	420	Líbano	Hombres	3
2019	22	Huesca	07	Asia	421	Malasia	Hombres	2
2019	22	Huesca	07	Asia	423	Mongolia	Hombres	2
2019	22	Huesca	07	Asia	423	Mongolia	Mujeres	4
2019	22	Huesca	07	Asia	424	Nepal	Hombres	3
2019	22	Huesca	07	Asia	426	Pakistán	Hombres	114
2019	22	Huesca	07	Asia	426	Pakistán	Mujeres	39
2019	22	Huesca	07	Asia	430	República de Corea	Hombres	2
2019	22	Huesca	07	Asia	430	República de Corea	Mujeres	3
2019	22	Huesca	07	Asia	432	Singapur	Mujeres	1
2019	22	Huesca	07	Asia	433	Siria	Hombres	19
2019	22	Huesca	07	Asia	433	Siria	Mujeres	28
2019	22	Huesca	07	Asia	435	Tailandia	Mujeres	10
2019	22	Huesca	07	Asia	437	Vietnam	Mujeres	4
2019	22	Huesca	07	Asia	442	Azerbaiyan	Hombres	2
2019	22	Huesca	07	Asia	442	Azerbaiyan	Mujeres	2
2019	22	Huesca	07	Asia	443	Kazajstan	Hombres	2
2019	22	Huesca	07	Asia	443	Kazajstan	Mujeres	5
2019	22	Huesca	07	Asia	448	Bhután	Hombres	1
2019	22	Huesca	07	Asia	499	Países sin relaciones diplomáticas	Hombres	12
2019	22	Huesca	07	Asia	499	Países sin relaciones diplomáticas	Mujeres	9
2019	22	Huesca	08	Oceanía	501	Australia	Hombres	4
2019	22	Huesca	08	Oceanía	501	Australia	Mujeres	6
2019	22	Huesca	08	Oceanía	504	Nueva Zelanda	Hombres	2
2019	22	Huesca	08	Oceanía	511	Micronesia	Hombres	5
2019	22	Huesca	08	Oceanía	511	Micronesia	Mujeres	7
2019	22	Huesca	08	Oceanía	516	Palaos	Hombres	2
2019	22	Huesca	08	Oceanía	516	Palaos	Mujeres	1
2019	22	Huesca	09	Apátridas y no consta	555	Apátridas	Hombres	6
2019	22	Huesca	09	Apátridas y no consta	555	Apátridas	Mujeres	2
2019	44	Teruel	01	UE-28	102	Austria	Hombres	3
2019	44	Teruel	01	UE-28	102	Austria	Mujeres	3
2019	44	Teruel	01	UE-28	103	Bélgica	Hombres	13
2019	44	Teruel	01	UE-28	103	Bélgica	Mujeres	9
2019	44	Teruel	01	UE-28	104	Bulgaria	Hombres	101
2019	44	Teruel	01	UE-28	104	Bulgaria	Mujeres	106
2019	44	Teruel	01	UE-28	107	Dinamarca	Hombres	1
2019	44	Teruel	01	UE-28	109	Finlandia	Mujeres	1
2019	44	Teruel	01	UE-28	110	Francia	Hombres	37
2019	44	Teruel	01	UE-28	110	Francia	Mujeres	49
2019	44	Teruel	01	UE-28	111	Grecia	Hombres	4
2019	44	Teruel	01	UE-28	112	Hungría	Hombres	5
2019	44	Teruel	01	UE-28	112	Hungría	Mujeres	8
2019	44	Teruel	01	UE-28	113	Irlanda	Hombres	10
2019	44	Teruel	01	UE-28	113	Irlanda	Mujeres	3
2019	44	Teruel	01	UE-28	115	Italia	Hombres	73
2019	44	Teruel	01	UE-28	115	Italia	Mujeres	57
2019	44	Teruel	01	UE-28	121	Países Bajos	Hombres	24
2019	44	Teruel	01	UE-28	121	Países Bajos	Mujeres	16
2019	44	Teruel	01	UE-28	122	Polonia	Hombres	194
2019	44	Teruel	01	UE-28	122	Polonia	Mujeres	169
2019	44	Teruel	01	UE-28	123	Portugal	Hombres	87
2019	44	Teruel	01	UE-28	123	Portugal	Mujeres	44
2019	44	Teruel	01	UE-28	125	Reino Unido	Hombres	102
2019	44	Teruel	01	UE-28	125	Reino Unido	Mujeres	73
2019	44	Teruel	01	UE-28	126	Alemania	Hombres	34
2019	44	Teruel	01	UE-28	126	Alemania	Mujeres	26
2019	44	Teruel	01	UE-28	128	Rumanía	Hombres	2599
2019	44	Teruel	01	UE-28	128	Rumanía	Mujeres	2719
2019	44	Teruel	01	UE-28	131	Suecia	Hombres	4
2019	44	Teruel	01	UE-28	131	Suecia	Mujeres	4
2019	44	Teruel	01	UE-28	136	Letonia	Hombres	3
2019	44	Teruel	01	UE-28	136	Letonia	Mujeres	4
2019	44	Teruel	01	UE-28	141	Estonia	Hombres	3
2019	44	Teruel	01	UE-28	141	Estonia	Mujeres	2
2019	44	Teruel	01	UE-28	142	Lituania	Hombres	4
2019	44	Teruel	01	UE-28	142	Lituania	Mujeres	8
2019	44	Teruel	01	UE-28	143	República Checa	Hombres	9
2019	44	Teruel	01	UE-28	143	República Checa	Mujeres	10
2019	44	Teruel	01	UE-28	144	Eslovaquia	Mujeres	1
2019	44	Teruel	01	UE-28	147	Eslovenia	Mujeres	1
2019	44	Teruel	02	Resto de Europa	101	Albania	Hombres	1
2019	44	Teruel	02	Resto de Europa	101	Albania	Mujeres	2
2019	44	Teruel	02	Resto de Europa	114	Islandia	Hombres	1
2019	44	Teruel	02	Resto de Europa	124	Andorra	Mujeres	3
2019	44	Teruel	02	Resto de Europa	132	Suiza	Hombres	5
2019	44	Teruel	02	Resto de Europa	132	Suiza	Mujeres	8
2019	44	Teruel	02	Resto de Europa	135	Ucrania	Hombres	88
2019	44	Teruel	02	Resto de Europa	135	Ucrania	Mujeres	97
2019	44	Teruel	02	Resto de Europa	137	Moldova	Hombres	12
2019	44	Teruel	02	Resto de Europa	137	Moldova	Mujeres	13
2019	44	Teruel	02	Resto de Europa	138	Bielorrusia	Hombres	1
2019	44	Teruel	02	Resto de Europa	138	Bielorrusia	Mujeres	2
2019	44	Teruel	02	Resto de Europa	139	Georgia	Hombres	2
2019	44	Teruel	02	Resto de Europa	145	Bosnia-Herzegovina	Mujeres	1
2019	44	Teruel	02	Resto de Europa	148	Armenia	Hombres	2
2019	44	Teruel	02	Resto de Europa	148	Armenia	Mujeres	2
2019	44	Teruel	02	Resto de Europa	154	Rusia	Hombres	7
2019	44	Teruel	02	Resto de Europa	154	Rusia	Mujeres	25
2019	44	Teruel	02	Resto de Europa	158	Montenegro	Hombres	1
2019	44	Teruel	02	Resto de Europa	436	Turquía	Hombres	3
2019	44	Teruel	02	Resto de Europa	436	Turquía	Mujeres	3
2019	44	Teruel	03	Magreb	203	Argelia	Hombres	79
2019	44	Teruel	03	Magreb	203	Argelia	Mujeres	49
2019	44	Teruel	03	Magreb	228	Marruecos	Hombres	2432
2019	44	Teruel	03	Magreb	228	Marruecos	Mujeres	1899
2019	44	Teruel	03	Magreb	248	Túnez	Mujeres	2
2019	44	Teruel	04	Resto de África	201	Burkina Fasso	Hombres	2
2019	44	Teruel	04	Resto de África	207	Cabo Verde	Hombres	9
2019	44	Teruel	04	Resto de África	207	Cabo Verde	Mujeres	12
2019	44	Teruel	04	Resto de África	208	Camerún	Hombres	11
2019	44	Teruel	04	Resto de África	208	Camerún	Mujeres	5
2019	44	Teruel	04	Resto de África	210	Congo	Hombres	2
2019	44	Teruel	04	Resto de África	211	Costa de Marfil	Hombres	5
2019	44	Teruel	04	Resto de África	211	Costa de Marfil	Mujeres	2
2019	44	Teruel	04	Resto de África	213	Egipto	Hombres	3
2019	44	Teruel	04	Resto de África	214	Etiopía	Hombres	1
2019	44	Teruel	04	Resto de África	216	Gambia	Hombres	14
2019	44	Teruel	04	Resto de África	216	Gambia	Mujeres	6
2019	44	Teruel	04	Resto de África	217	Ghana	Hombres	15
2019	44	Teruel	04	Resto de África	217	Ghana	Mujeres	7
2019	44	Teruel	04	Resto de África	218	Guinea	Hombres	7
2019	44	Teruel	04	Resto de África	218	Guinea	Mujeres	3
2019	44	Teruel	04	Resto de África	219	Guinea Bissau	Hombres	2
2019	44	Teruel	04	Resto de África	220	Guinea Ecuatorial	Hombres	3
2019	44	Teruel	04	Resto de África	220	Guinea Ecuatorial	Mujeres	3
2019	44	Teruel	04	Resto de África	221	Kenia	Hombres	4
2019	44	Teruel	04	Resto de África	221	Kenia	Mujeres	2
2019	44	Teruel	04	Resto de África	227	Mali	Hombres	62
2019	44	Teruel	04	Resto de África	227	Mali	Mujeres	9
2019	44	Teruel	04	Resto de África	231	Mozambique	Mujeres	1
2019	44	Teruel	04	Resto de África	234	Nigeria	Hombres	2
2019	44	Teruel	04	Resto de África	234	Nigeria	Mujeres	1
2019	44	Teruel	04	Resto de África	236	Sudáfrica	Hombres	3
2019	44	Teruel	04	Resto de África	237	Ruanda	Hombres	1
2019	44	Teruel	04	Resto de África	239	Senegal	Hombres	66
2019	44	Teruel	04	Resto de África	239	Senegal	Mujeres	17
2019	44	Teruel	04	Resto de África	250	Rep. Democrática del Congo	Hombres	1
2019	44	Teruel	04	Resto de África	250	Rep. Democrática del Congo	Mujeres	2
2019	44	Teruel	04	Resto de África	253	Eritrea	Hombres	3
2019	44	Teruel	04	Resto de África	299	Países sin relaciones diplomáticas	Mujeres	1
2019	44	Teruel	05	América del Norte	301	Canadá	Hombres	2
2019	44	Teruel	05	América del Norte	302	Estados Unidos de América	Hombres	9
2019	44	Teruel	05	América del Norte	302	Estados Unidos de América	Mujeres	26
2019	44	Teruel	06	Resto de América	303	México	Hombres	7
2019	44	Teruel	06	Resto de América	303	México	Mujeres	15
2019	44	Teruel	06	Resto de América	314	Costa Rica	Hombres	1
2019	44	Teruel	06	Resto de América	314	Costa Rica	Mujeres	4
2019	44	Teruel	06	Resto de América	315	Cuba	Hombres	53
2019	44	Teruel	06	Resto de América	315	Cuba	Mujeres	81
2019	44	Teruel	06	Resto de América	316	Dominica	Hombres	2
2019	44	Teruel	06	Resto de América	317	El Salvador	Hombres	6
2019	44	Teruel	06	Resto de América	317	El Salvador	Mujeres	6
2019	44	Teruel	06	Resto de América	319	Guatemala	Hombres	8
2019	44	Teruel	06	Resto de América	319	Guatemala	Mujeres	5
2019	44	Teruel	06	Resto de América	320	Haití	Hombres	2
2019	44	Teruel	06	Resto de América	320	Haití	Mujeres	1
2019	44	Teruel	06	Resto de América	321	Honduras	Hombres	7
2019	44	Teruel	06	Resto de América	321	Honduras	Mujeres	33
2019	44	Teruel	06	Resto de América	323	Nicaragua	Hombres	6
2019	44	Teruel	06	Resto de América	323	Nicaragua	Mujeres	47
2019	44	Teruel	06	Resto de América	324	Panamá	Hombres	1
2019	44	Teruel	06	Resto de América	324	Panamá	Mujeres	5
2019	44	Teruel	06	Resto de América	326	República Dominicana	Hombres	80
2019	44	Teruel	06	Resto de América	326	República Dominicana	Mujeres	108
2019	44	Teruel	06	Resto de América	329	San Cristóbal y Nieves	Mujeres	1
2019	44	Teruel	06	Resto de América	340	Argentina	Hombres	46
2019	44	Teruel	06	Resto de América	340	Argentina	Mujeres	53
2019	44	Teruel	06	Resto de América	341	Bolivia	Hombres	14
2019	44	Teruel	06	Resto de América	341	Bolivia	Mujeres	18
2019	44	Teruel	06	Resto de América	342	Brasil	Hombres	50
2019	44	Teruel	06	Resto de América	342	Brasil	Mujeres	128
2019	44	Teruel	06	Resto de América	343	Colombia	Hombres	179
2019	44	Teruel	06	Resto de América	343	Colombia	Mujeres	212
2019	44	Teruel	06	Resto de América	344	Chile	Hombres	17
2019	44	Teruel	06	Resto de América	344	Chile	Mujeres	25
2019	44	Teruel	06	Resto de América	345	Ecuador	Hombres	40
2019	44	Teruel	06	Resto de América	345	Ecuador	Mujeres	30
2019	44	Teruel	06	Resto de América	347	Paraguay	Hombres	11
2019	44	Teruel	06	Resto de América	347	Paraguay	Mujeres	15
2019	44	Teruel	06	Resto de América	348	Perú	Hombres	61
2019	44	Teruel	06	Resto de América	348	Perú	Mujeres	68
2019	44	Teruel	06	Resto de América	350	Uruguay	Hombres	17
2019	44	Teruel	06	Resto de América	350	Uruguay	Mujeres	23
2019	44	Teruel	06	Resto de América	351	Venezuela	Hombres	49
2019	44	Teruel	06	Resto de América	351	Venezuela	Mujeres	58
2019	44	Teruel	07	Asia	407	China	Hombres	76
2019	44	Teruel	07	Asia	407	China	Mujeres	69
2019	44	Teruel	07	Asia	409	Filipinas	Hombres	1
2019	44	Teruel	07	Asia	409	Filipinas	Mujeres	2
2019	44	Teruel	07	Asia	410	India	Hombres	11
2019	44	Teruel	07	Asia	410	India	Mujeres	4
2019	44	Teruel	07	Asia	412	Irak	Hombres	5
2019	44	Teruel	07	Asia	412	Irak	Mujeres	2
2019	44	Teruel	07	Asia	413	Irán	Hombres	1
2019	44	Teruel	07	Asia	414	Israel	Hombres	3
2019	44	Teruel	07	Asia	414	Israel	Mujeres	1
2019	44	Teruel	07	Asia	415	Japón	Hombres	1
2019	44	Teruel	07	Asia	415	Japón	Mujeres	2
2019	44	Teruel	07	Asia	416	Jordania	Hombres	1
2019	44	Teruel	07	Asia	420	Líbano	Hombres	1
2019	44	Teruel	07	Asia	420	Líbano	Mujeres	1
2019	44	Teruel	07	Asia	426	Pakistán	Hombres	167
2019	44	Teruel	07	Asia	426	Pakistán	Mujeres	143
2019	44	Teruel	07	Asia	430	República de Corea	Mujeres	1
2019	44	Teruel	07	Asia	433	Siria	Hombres	13
2019	44	Teruel	07	Asia	433	Siria	Mujeres	9
2019	44	Teruel	07	Asia	434	Sri-Lanka	Hombres	1
2019	44	Teruel	07	Asia	435	Tailandia	Mujeres	3
2019	44	Teruel	07	Asia	441	Yemen	Hombres	8
2019	44	Teruel	07	Asia	443	Kazajstan	Hombres	8
2019	44	Teruel	07	Asia	443	Kazajstan	Mujeres	9
2019	44	Teruel	07	Asia	444	Kirgvistan	Mujeres	1
2019	44	Teruel	07	Asia	499	Países sin relaciones diplomáticas	Hombres	5
2019	44	Teruel	08	Oceanía	501	Australia	Hombres	1
2019	44	Teruel	08	Oceanía	501	Australia	Mujeres	2
2019	44	Teruel	08	Oceanía	504	Nueva Zelanda	Hombres	1
2019	44	Teruel	08	Oceanía	504	Nueva Zelanda	Mujeres	1
2019	44	Teruel	09	Apátridas y no consta	555	Apátridas	Hombres	6
2019	44	Teruel	09	Apátridas y no consta	555	Apátridas	Mujeres	5
2019	50	Zaragoza	01	UE-28	102	Austria	Hombres	19
2019	50	Zaragoza	01	UE-28	102	Austria	Mujeres	22
2019	50	Zaragoza	01	UE-28	103	Bélgica	Hombres	38
2019	50	Zaragoza	01	UE-28	103	Bélgica	Mujeres	49
2019	50	Zaragoza	01	UE-28	104	Bulgaria	Hombres	1642
2019	50	Zaragoza	01	UE-28	104	Bulgaria	Mujeres	1541
2019	50	Zaragoza	01	UE-28	106	Chipre	Hombres	1
2019	50	Zaragoza	01	UE-28	107	Dinamarca	Hombres	17
2019	50	Zaragoza	01	UE-28	107	Dinamarca	Mujeres	8
2019	50	Zaragoza	01	UE-28	109	Finlandia	Hombres	7
2019	50	Zaragoza	01	UE-28	109	Finlandia	Mujeres	12
2019	50	Zaragoza	01	UE-28	110	Francia	Hombres	419
2019	50	Zaragoza	01	UE-28	110	Francia	Mujeres	497
2019	50	Zaragoza	01	UE-28	111	Grecia	Hombres	21
2019	50	Zaragoza	01	UE-28	111	Grecia	Mujeres	29
2019	50	Zaragoza	01	UE-28	112	Hungría	Hombres	22
2019	50	Zaragoza	01	UE-28	112	Hungría	Mujeres	61
2019	50	Zaragoza	01	UE-28	113	Irlanda	Hombres	35
2019	50	Zaragoza	01	UE-28	113	Irlanda	Mujeres	28
2019	50	Zaragoza	01	UE-28	115	Italia	Hombres	798
2019	50	Zaragoza	01	UE-28	115	Italia	Mujeres	592
2019	50	Zaragoza	01	UE-28	117	Luxemburgo	Hombres	1
2019	50	Zaragoza	01	UE-28	117	Luxemburgo	Mujeres	2
2019	50	Zaragoza	01	UE-28	118	Malta	Hombres	1
2019	50	Zaragoza	01	UE-28	121	Países Bajos	Hombres	130
2019	50	Zaragoza	01	UE-28	121	Países Bajos	Mujeres	96
2019	50	Zaragoza	01	UE-28	122	Polonia	Hombres	517
2019	50	Zaragoza	01	UE-28	122	Polonia	Mujeres	627
2019	50	Zaragoza	01	UE-28	123	Portugal	Hombres	792
2019	50	Zaragoza	01	UE-28	123	Portugal	Mujeres	568
2019	50	Zaragoza	01	UE-28	125	Reino Unido	Hombres	314
2019	50	Zaragoza	01	UE-28	125	Reino Unido	Mujeres	224
2019	50	Zaragoza	01	UE-28	126	Alemania	Hombres	201
2019	50	Zaragoza	01	UE-28	126	Alemania	Mujeres	175
2019	50	Zaragoza	01	UE-28	128	Rumanía	Hombres	17942
2019	50	Zaragoza	01	UE-28	128	Rumanía	Mujeres	18568
2019	50	Zaragoza	01	UE-28	131	Suecia	Hombres	12
2019	50	Zaragoza	01	UE-28	131	Suecia	Mujeres	16
2019	50	Zaragoza	01	UE-28	136	Letonia	Hombres	18
2019	50	Zaragoza	01	UE-28	136	Letonia	Mujeres	20
2019	50	Zaragoza	01	UE-28	141	Estonia	Hombres	1
2019	50	Zaragoza	01	UE-28	141	Estonia	Mujeres	5
2019	50	Zaragoza	01	UE-28	142	Lituania	Hombres	42
2019	50	Zaragoza	01	UE-28	142	Lituania	Mujeres	70
2019	50	Zaragoza	01	UE-28	143	República Checa	Hombres	47
2019	50	Zaragoza	01	UE-28	143	República Checa	Mujeres	45
2019	50	Zaragoza	01	UE-28	144	Eslovaquia	Hombres	28
2019	50	Zaragoza	01	UE-28	144	Eslovaquia	Mujeres	34
2019	50	Zaragoza	01	UE-28	146	Croacia	Hombres	10
2019	50	Zaragoza	01	UE-28	146	Croacia	Mujeres	11
2019	50	Zaragoza	01	UE-28	147	Eslovenia	Hombres	4
2019	50	Zaragoza	01	UE-28	147	Eslovenia	Mujeres	13
2019	50	Zaragoza	02	Resto de Europa	101	Albania	Hombres	22
2019	50	Zaragoza	02	Resto de Europa	101	Albania	Mujeres	20
2019	50	Zaragoza	02	Resto de Europa	120	Noruega	Hombres	10
2019	50	Zaragoza	02	Resto de Europa	120	Noruega	Mujeres	8
2019	50	Zaragoza	02	Resto de Europa	124	Andorra	Hombres	6
2019	50	Zaragoza	02	Resto de Europa	124	Andorra	Mujeres	2
2019	50	Zaragoza	02	Resto de Europa	132	Suiza	Hombres	18
2019	50	Zaragoza	02	Resto de Europa	132	Suiza	Mujeres	13
2019	50	Zaragoza	02	Resto de Europa	135	Ucrania	Hombres	617
2019	50	Zaragoza	02	Resto de Europa	135	Ucrania	Mujeres	903
2019	50	Zaragoza	02	Resto de Europa	137	Moldova	Hombres	105
2019	50	Zaragoza	02	Resto de Europa	137	Moldova	Mujeres	178
2019	50	Zaragoza	02	Resto de Europa	138	Bielorrusia	Hombres	22
2019	50	Zaragoza	02	Resto de Europa	138	Bielorrusia	Mujeres	66
2019	50	Zaragoza	02	Resto de Europa	139	Georgia	Hombres	47
2019	50	Zaragoza	02	Resto de Europa	139	Georgia	Mujeres	56
2019	50	Zaragoza	02	Resto de Europa	145	Bosnia-Herzegovina	Hombres	10
2019	50	Zaragoza	02	Resto de Europa	145	Bosnia-Herzegovina	Mujeres	19
2019	50	Zaragoza	02	Resto de Europa	148	Armenia	Hombres	23
2019	50	Zaragoza	02	Resto de Europa	148	Armenia	Mujeres	36
2019	50	Zaragoza	02	Resto de Europa	154	Rusia	Hombres	166
2019	50	Zaragoza	02	Resto de Europa	154	Rusia	Mujeres	568
2019	50	Zaragoza	02	Resto de Europa	156	Macedonia	Hombres	1
2019	50	Zaragoza	02	Resto de Europa	156	Macedonia	Mujeres	1
2019	50	Zaragoza	02	Resto de Europa	157	Serbia	Hombres	21
2019	50	Zaragoza	02	Resto de Europa	157	Serbia	Mujeres	24
2019	50	Zaragoza	02	Resto de Europa	436	Turquía	Hombres	48
2019	50	Zaragoza	02	Resto de Europa	436	Turquía	Mujeres	33
2019	50	Zaragoza	03	Magreb	203	Argelia	Hombres	2510
2019	50	Zaragoza	03	Magreb	203	Argelia	Mujeres	1465
2019	50	Zaragoza	03	Magreb	224	Libia	Hombres	10
2019	50	Zaragoza	03	Magreb	224	Libia	Mujeres	5
2019	50	Zaragoza	03	Magreb	228	Marruecos	Hombres	6426
2019	50	Zaragoza	03	Magreb	228	Marruecos	Mujeres	5182
2019	50	Zaragoza	03	Magreb	230	Mauritania	Hombres	149
2019	50	Zaragoza	03	Magreb	230	Mauritania	Mujeres	51
2019	50	Zaragoza	03	Magreb	248	Túnez	Hombres	56
2019	50	Zaragoza	03	Magreb	248	Túnez	Mujeres	35
2019	50	Zaragoza	04	Resto de África	201	Burkina Fasso	Hombres	31
2019	50	Zaragoza	04	Resto de África	201	Burkina Fasso	Mujeres	18
2019	50	Zaragoza	04	Resto de África	202	Angola	Hombres	15
2019	50	Zaragoza	04	Resto de África	202	Angola	Mujeres	10
2019	50	Zaragoza	04	Resto de África	204	Benin	Hombres	8
2019	50	Zaragoza	04	Resto de África	204	Benin	Mujeres	1
2019	50	Zaragoza	04	Resto de África	206	Burundi	Hombres	3
2019	50	Zaragoza	04	Resto de África	206	Burundi	Mujeres	1
2019	50	Zaragoza	04	Resto de África	207	Cabo Verde	Hombres	138
2019	50	Zaragoza	04	Resto de África	207	Cabo Verde	Mujeres	152
2019	50	Zaragoza	04	Resto de África	208	Camerún	Hombres	129
2019	50	Zaragoza	04	Resto de África	208	Camerún	Mujeres	117
2019	50	Zaragoza	04	Resto de África	210	Congo	Hombres	21
2019	50	Zaragoza	04	Resto de África	210	Congo	Mujeres	16
2019	50	Zaragoza	04	Resto de África	211	Costa de Marfil	Hombres	71
2019	50	Zaragoza	04	Resto de África	211	Costa de Marfil	Mujeres	43
2019	50	Zaragoza	04	Resto de África	213	Egipto	Hombres	57
2019	50	Zaragoza	04	Resto de África	213	Egipto	Mujeres	37
2019	50	Zaragoza	04	Resto de África	214	Etiopía	Hombres	3
2019	50	Zaragoza	04	Resto de África	214	Etiopía	Mujeres	1
2019	50	Zaragoza	04	Resto de África	215	Gabón	Hombres	2
2019	50	Zaragoza	04	Resto de África	215	Gabón	Mujeres	5
2019	50	Zaragoza	04	Resto de África	216	Gambia	Hombres	980
2019	50	Zaragoza	04	Resto de África	216	Gambia	Mujeres	404
2019	50	Zaragoza	04	Resto de África	217	Ghana	Hombres	1375
2019	50	Zaragoza	04	Resto de África	217	Ghana	Mujeres	635
2019	50	Zaragoza	04	Resto de África	218	Guinea	Hombres	324
2019	50	Zaragoza	04	Resto de África	218	Guinea	Mujeres	323
2019	50	Zaragoza	04	Resto de África	219	Guinea Bissau	Hombres	56
2019	50	Zaragoza	04	Resto de África	219	Guinea Bissau	Mujeres	34
2019	50	Zaragoza	04	Resto de África	220	Guinea Ecuatorial	Hombres	269
2019	50	Zaragoza	04	Resto de África	220	Guinea Ecuatorial	Mujeres	497
2019	50	Zaragoza	04	Resto de África	221	Kenia	Hombres	1
2019	50	Zaragoza	04	Resto de África	221	Kenia	Mujeres	15
2019	50	Zaragoza	04	Resto de África	223	Liberia	Hombres	6
2019	50	Zaragoza	04	Resto de África	223	Liberia	Mujeres	1
2019	50	Zaragoza	04	Resto de África	225	Madagascar	Hombres	1
2019	50	Zaragoza	04	Resto de África	225	Madagascar	Mujeres	7
2019	50	Zaragoza	04	Resto de África	227	Mali	Hombres	502
2019	50	Zaragoza	04	Resto de África	227	Mali	Mujeres	170
2019	50	Zaragoza	04	Resto de África	229	Mauricio	Mujeres	1
2019	50	Zaragoza	04	Resto de África	231	Mozambique	Hombres	1
2019	50	Zaragoza	04	Resto de África	231	Mozambique	Mujeres	2
2019	50	Zaragoza	04	Resto de África	233	Níger	Hombres	5
2019	50	Zaragoza	04	Resto de África	233	Níger	Mujeres	6
2019	50	Zaragoza	04	Resto de África	234	Nigeria	Hombres	366
2019	50	Zaragoza	04	Resto de África	234	Nigeria	Mujeres	370
2019	50	Zaragoza	04	Resto de África	235	República Centroafricana	Hombres	3
2019	50	Zaragoza	04	Resto de África	235	República Centroafricana	Mujeres	2
2019	50	Zaragoza	04	Resto de África	236	Sudáfrica	Hombres	7
2019	50	Zaragoza	04	Resto de África	236	Sudáfrica	Mujeres	8
2019	50	Zaragoza	04	Resto de África	238	Santo Tome y Príncipe	Hombres	1
2019	50	Zaragoza	04	Resto de África	239	Senegal	Hombres	2169
2019	50	Zaragoza	04	Resto de África	239	Senegal	Mujeres	659
2019	50	Zaragoza	04	Resto de África	241	Sierra Leona	Hombres	8
2019	50	Zaragoza	04	Resto de África	241	Sierra Leona	Mujeres	7
2019	50	Zaragoza	04	Resto de África	242	Somalia	Hombres	1
2019	50	Zaragoza	04	Resto de África	243	Sudán	Hombres	11
2019	50	Zaragoza	04	Resto de África	243	Sudán	Mujeres	5
2019	50	Zaragoza	04	Resto de África	245	Tanzania	Hombres	1
2019	50	Zaragoza	04	Resto de África	245	Tanzania	Mujeres	1
2019	50	Zaragoza	04	Resto de África	246	Chad	Hombres	1
2019	50	Zaragoza	04	Resto de África	246	Chad	Mujeres	3
2019	50	Zaragoza	04	Resto de África	247	Togo	Hombres	15
2019	50	Zaragoza	04	Resto de África	247	Togo	Mujeres	14
2019	50	Zaragoza	04	Resto de África	249	Uganda	Mujeres	1
2019	50	Zaragoza	04	Resto de África	250	Rep. Democrática del Congo	Hombres	29
2019	50	Zaragoza	04	Resto de África	250	Rep. Democrática del Congo	Mujeres	14
2019	50	Zaragoza	04	Resto de África	252	Zimbabwe	Hombres	2
2019	50	Zaragoza	04	Resto de África	253	Eritrea	Hombres	2
2019	50	Zaragoza	05	América del Norte	301	Canadá	Hombres	14
2019	50	Zaragoza	05	América del Norte	301	Canadá	Mujeres	18
2019	50	Zaragoza	05	América del Norte	302	Estados Unidos de América	Hombres	219
2019	50	Zaragoza	05	América del Norte	302	Estados Unidos de América	Mujeres	194
2019	50	Zaragoza	06	Resto de América	303	México	Hombres	129
2019	50	Zaragoza	06	Resto de América	303	México	Mujeres	217
2019	50	Zaragoza	06	Resto de América	314	Costa Rica	Hombres	37
2019	50	Zaragoza	06	Resto de América	314	Costa Rica	Mujeres	42
2019	50	Zaragoza	06	Resto de América	315	Cuba	Hombres	421
2019	50	Zaragoza	06	Resto de América	315	Cuba	Mujeres	548
2019	50	Zaragoza	06	Resto de América	316	Dominica	Hombres	3
2019	50	Zaragoza	06	Resto de América	316	Dominica	Mujeres	4
2019	50	Zaragoza	06	Resto de América	317	El Salvador	Hombres	238
2019	50	Zaragoza	06	Resto de América	317	El Salvador	Mujeres	359
2019	50	Zaragoza	06	Resto de América	319	Guatemala	Hombres	33
2019	50	Zaragoza	06	Resto de América	319	Guatemala	Mujeres	59
2019	50	Zaragoza	06	Resto de América	320	Haití	Hombres	6
2019	50	Zaragoza	06	Resto de América	320	Haití	Mujeres	7
2019	50	Zaragoza	06	Resto de América	321	Honduras	Hombres	412
2019	50	Zaragoza	06	Resto de América	321	Honduras	Mujeres	1098
2019	50	Zaragoza	06	Resto de América	322	Jamaica	Mujeres	1
2019	50	Zaragoza	06	Resto de América	323	Nicaragua	Hombres	1990
2019	50	Zaragoza	06	Resto de América	323	Nicaragua	Mujeres	5021
2019	50	Zaragoza	06	Resto de América	324	Panamá	Hombres	13
2019	50	Zaragoza	06	Resto de América	324	Panamá	Mujeres	38
2019	50	Zaragoza	06	Resto de América	326	República Dominicana	Hombres	674
2019	50	Zaragoza	06	Resto de América	326	República Dominicana	Mujeres	803
2019	50	Zaragoza	06	Resto de América	327	Trinidad y Tobago	Mujeres	1
2019	50	Zaragoza	06	Resto de América	340	Argentina	Hombres	298
2019	50	Zaragoza	06	Resto de América	340	Argentina	Mujeres	425
2019	50	Zaragoza	06	Resto de América	341	Bolivia	Hombres	135
2019	50	Zaragoza	06	Resto de América	341	Bolivia	Mujeres	188
2019	50	Zaragoza	06	Resto de América	342	Brasil	Hombres	408
2019	50	Zaragoza	06	Resto de América	342	Brasil	Mujeres	951
2019	50	Zaragoza	06	Resto de América	343	Colombia	Hombres	1817
2019	50	Zaragoza	06	Resto de América	343	Colombia	Mujeres	2454
2019	50	Zaragoza	06	Resto de América	344	Chile	Hombres	168
2019	50	Zaragoza	06	Resto de América	344	Chile	Mujeres	193
2019	50	Zaragoza	06	Resto de América	345	Ecuador	Hombres	1810
2019	50	Zaragoza	06	Resto de América	345	Ecuador	Mujeres	1710
2019	50	Zaragoza	06	Resto de América	347	Paraguay	Hombres	88
2019	50	Zaragoza	06	Resto de América	347	Paraguay	Mujeres	193
2019	50	Zaragoza	06	Resto de América	348	Perú	Hombres	567
2019	50	Zaragoza	06	Resto de América	348	Perú	Mujeres	690
2019	50	Zaragoza	06	Resto de América	350	Uruguay	Hombres	129
2019	50	Zaragoza	06	Resto de América	350	Uruguay	Mujeres	118
2019	50	Zaragoza	06	Resto de América	351	Venezuela	Hombres	773
2019	50	Zaragoza	06	Resto de América	351	Venezuela	Mujeres	1012
2019	50	Zaragoza	07	Asia	402	Arabia Saudí	Hombres	2
2019	50	Zaragoza	07	Asia	404	Bangladesh	Hombres	9
2019	50	Zaragoza	07	Asia	404	Bangladesh	Mujeres	5
2019	50	Zaragoza	07	Asia	407	China	Hombres	2672
2019	50	Zaragoza	07	Asia	407	China	Mujeres	2580
2019	50	Zaragoza	07	Asia	409	Filipinas	Hombres	18
2019	50	Zaragoza	07	Asia	409	Filipinas	Mujeres	49
2019	50	Zaragoza	07	Asia	410	India	Hombres	114
2019	50	Zaragoza	07	Asia	410	India	Mujeres	59
2019	50	Zaragoza	07	Asia	411	Indonesia	Mujeres	8
2019	50	Zaragoza	07	Asia	412	Irak	Hombres	13
2019	50	Zaragoza	07	Asia	412	Irak	Mujeres	5
2019	50	Zaragoza	07	Asia	413	Irán	Hombres	15
2019	50	Zaragoza	07	Asia	413	Irán	Mujeres	18
2019	50	Zaragoza	07	Asia	414	Israel	Hombres	4
2019	50	Zaragoza	07	Asia	414	Israel	Mujeres	2
2019	50	Zaragoza	07	Asia	415	Japón	Hombres	18
2019	50	Zaragoza	07	Asia	415	Japón	Mujeres	32
2019	50	Zaragoza	07	Asia	416	Jordania	Hombres	18
2019	50	Zaragoza	07	Asia	416	Jordania	Mujeres	12
2019	50	Zaragoza	07	Asia	417	Camboya	Mujeres	1
2019	50	Zaragoza	07	Asia	420	Líbano	Hombres	10
2019	50	Zaragoza	07	Asia	420	Líbano	Mujeres	8
2019	50	Zaragoza	07	Asia	421	Malasia	Hombres	1
2019	50	Zaragoza	07	Asia	421	Malasia	Mujeres	1
2019	50	Zaragoza	07	Asia	423	Mongolia	Hombres	1
2019	50	Zaragoza	07	Asia	423	Mongolia	Mujeres	3
2019	50	Zaragoza	07	Asia	424	Nepal	Mujeres	2
2019	50	Zaragoza	07	Asia	426	Pakistán	Hombres	1522
2019	50	Zaragoza	07	Asia	426	Pakistán	Mujeres	485
2019	50	Zaragoza	07	Asia	430	República de Corea	Hombres	26
2019	50	Zaragoza	07	Asia	430	República de Corea	Mujeres	15
2019	50	Zaragoza	07	Asia	432	Singapur	Hombres	1
2019	50	Zaragoza	07	Asia	432	Singapur	Mujeres	1
2019	50	Zaragoza	07	Asia	433	Siria	Hombres	129
2019	50	Zaragoza	07	Asia	433	Siria	Mujeres	84
2019	50	Zaragoza	07	Asia	434	Sri-Lanka	Hombres	2
2019	50	Zaragoza	07	Asia	434	Sri-Lanka	Mujeres	1
2019	50	Zaragoza	07	Asia	435	Tailandia	Hombres	1
2019	50	Zaragoza	07	Asia	435	Tailandia	Mujeres	9
2019	50	Zaragoza	07	Asia	437	Vietnam	Hombres	19
2019	50	Zaragoza	07	Asia	437	Vietnam	Mujeres	32
2019	50	Zaragoza	07	Asia	441	Yemen	Hombres	13
2019	50	Zaragoza	07	Asia	441	Yemen	Mujeres	2
2019	50	Zaragoza	07	Asia	442	Azerbaiyan	Hombres	1
2019	50	Zaragoza	07	Asia	442	Azerbaiyan	Mujeres	1
2019	50	Zaragoza	07	Asia	443	Kazajstan	Hombres	4
2019	50	Zaragoza	07	Asia	443	Kazajstan	Mujeres	5
2019	50	Zaragoza	07	Asia	444	Kirgvistan	Hombres	1
2019	50	Zaragoza	07	Asia	444	Kirgvistan	Mujeres	7
2019	50	Zaragoza	07	Asia	447	Uzbekistán	Hombres	1
2019	50	Zaragoza	07	Asia	447	Uzbekistán	Mujeres	4
2019	50	Zaragoza	07	Asia	448	Bhután	Hombres	1
2019	50	Zaragoza	07	Asia	499	Países sin relaciones diplomáticas	Hombres	5
2019	50	Zaragoza	07	Asia	499	Países sin relaciones diplomáticas	Mujeres	4
2019	50	Zaragoza	08	Oceanía	501	Australia	Hombres	7
2019	50	Zaragoza	08	Oceanía	501	Australia	Mujeres	11
2019	50	Zaragoza	08	Oceanía	504	Nueva Zelanda	Hombres	2
2019	50	Zaragoza	08	Oceanía	504	Nueva Zelanda	Mujeres	3
2019	50	Zaragoza	09	Apátridas y no consta	555	Apátridas	Hombres	40
2019	50	Zaragoza	09	Apátridas y no consta	555	Apátridas	Mujeres	15
2020	22	Huesca	01	UE-28	102	Austria	Hombres	5
2020	22	Huesca	01	UE-28	102	Austria	Mujeres	1
2020	22	Huesca	01	UE-28	103	Bélgica	Hombres	37
2020	22	Huesca	01	UE-28	103	Bélgica	Mujeres	37
2020	22	Huesca	01	UE-28	104	Bulgaria	Hombres	891
2020	22	Huesca	01	UE-28	104	Bulgaria	Mujeres	829
2020	22	Huesca	01	UE-28	107	Dinamarca	Hombres	7
2020	22	Huesca	01	UE-28	107	Dinamarca	Mujeres	7
2020	22	Huesca	01	UE-28	109	Finlandia	Hombres	2
2020	22	Huesca	01	UE-28	109	Finlandia	Mujeres	4
2020	22	Huesca	01	UE-28	110	Francia	Hombres	174
2020	22	Huesca	01	UE-28	110	Francia	Mujeres	215
2020	22	Huesca	01	UE-28	111	Grecia	Hombres	1
2020	22	Huesca	01	UE-28	111	Grecia	Mujeres	6
2020	22	Huesca	01	UE-28	112	Hungría	Hombres	11
2020	22	Huesca	01	UE-28	112	Hungría	Mujeres	10
2020	22	Huesca	01	UE-28	113	Irlanda	Hombres	14
2020	22	Huesca	01	UE-28	113	Irlanda	Mujeres	6
2020	22	Huesca	01	UE-28	115	Italia	Hombres	160
2020	22	Huesca	01	UE-28	115	Italia	Mujeres	145
2020	22	Huesca	01	UE-28	117	Luxemburgo	Hombres	4
2020	22	Huesca	01	UE-28	117	Luxemburgo	Mujeres	1
2020	22	Huesca	01	UE-28	118	Malta	Mujeres	1
2020	22	Huesca	01	UE-28	121	Países Bajos	Hombres	71
2020	22	Huesca	01	UE-28	121	Países Bajos	Mujeres	70
2020	22	Huesca	01	UE-28	122	Polonia	Hombres	182
2020	22	Huesca	01	UE-28	122	Polonia	Mujeres	227
2020	22	Huesca	01	UE-28	123	Portugal	Hombres	224
2020	22	Huesca	01	UE-28	123	Portugal	Mujeres	151
2020	22	Huesca	01	UE-28	125	Reino Unido	Hombres	102
2020	22	Huesca	01	UE-28	125	Reino Unido	Mujeres	102
2020	22	Huesca	01	UE-28	126	Alemania	Hombres	76
2020	22	Huesca	01	UE-28	126	Alemania	Mujeres	72
2020	22	Huesca	01	UE-28	128	Rumanía	Hombres	4121
2020	22	Huesca	01	UE-28	128	Rumanía	Mujeres	4251
2020	22	Huesca	01	UE-28	131	Suecia	Hombres	2
2020	22	Huesca	01	UE-28	131	Suecia	Mujeres	1
2020	22	Huesca	01	UE-28	136	Letonia	Hombres	6
2020	22	Huesca	01	UE-28	136	Letonia	Mujeres	7
2020	22	Huesca	01	UE-28	142	Lituania	Hombres	93
2020	22	Huesca	01	UE-28	142	Lituania	Mujeres	114
2020	22	Huesca	01	UE-28	143	República Checa	Hombres	11
2020	22	Huesca	01	UE-28	143	República Checa	Mujeres	10
2020	22	Huesca	01	UE-28	144	Eslovaquia	Hombres	6
2020	22	Huesca	01	UE-28	144	Eslovaquia	Mujeres	13
2020	22	Huesca	01	UE-28	146	Croacia	Hombres	2
2020	22	Huesca	01	UE-28	147	Eslovenia	Hombres	3
2020	22	Huesca	01	UE-28	147	Eslovenia	Mujeres	1
2020	22	Huesca	02	Resto de Europa	101	Albania	Hombres	8
2020	22	Huesca	02	Resto de Europa	101	Albania	Mujeres	10
2020	22	Huesca	02	Resto de Europa	119	Mónaco	Mujeres	1
2020	22	Huesca	02	Resto de Europa	120	Noruega	Hombres	1
2020	22	Huesca	02	Resto de Europa	120	Noruega	Mujeres	1
2020	22	Huesca	02	Resto de Europa	124	Andorra	Hombres	4
2020	22	Huesca	02	Resto de Europa	124	Andorra	Mujeres	3
2020	22	Huesca	02	Resto de Europa	132	Suiza	Hombres	11
2020	22	Huesca	02	Resto de Europa	132	Suiza	Mujeres	15
2020	22	Huesca	02	Resto de Europa	135	Ucrania	Hombres	300
2020	22	Huesca	02	Resto de Europa	135	Ucrania	Mujeres	293
2020	22	Huesca	02	Resto de Europa	137	Moldova	Hombres	18
2020	22	Huesca	02	Resto de Europa	137	Moldova	Mujeres	26
2020	22	Huesca	02	Resto de Europa	138	Bielorrusia	Hombres	9
2020	22	Huesca	02	Resto de Europa	138	Bielorrusia	Mujeres	8
2020	22	Huesca	02	Resto de Europa	139	Georgia	Hombres	45
2020	22	Huesca	02	Resto de Europa	139	Georgia	Mujeres	37
2020	22	Huesca	02	Resto de Europa	148	Armenia	Hombres	19
2020	22	Huesca	02	Resto de Europa	148	Armenia	Mujeres	18
2020	22	Huesca	02	Resto de Europa	154	Rusia	Hombres	28
2020	22	Huesca	02	Resto de Europa	154	Rusia	Mujeres	90
2020	22	Huesca	02	Resto de Europa	156	Macedonia	Mujeres	1
2020	22	Huesca	02	Resto de Europa	157	Serbia	Hombres	7
2020	22	Huesca	02	Resto de Europa	157	Serbia	Mujeres	6
2020	22	Huesca	02	Resto de Europa	436	Turquía	Hombres	13
2020	22	Huesca	02	Resto de Europa	436	Turquía	Mujeres	11
2020	22	Huesca	03	Magreb	203	Argelia	Hombres	490
2020	22	Huesca	03	Magreb	203	Argelia	Mujeres	259
2020	22	Huesca	03	Magreb	224	Libia	Hombres	16
2020	22	Huesca	03	Magreb	224	Libia	Mujeres	3
2020	22	Huesca	03	Magreb	228	Marruecos	Hombres	2017
2020	22	Huesca	03	Magreb	228	Marruecos	Mujeres	1685
2020	22	Huesca	03	Magreb	230	Mauritania	Hombres	91
2020	22	Huesca	03	Magreb	230	Mauritania	Mujeres	18
2020	22	Huesca	03	Magreb	248	Túnez	Hombres	6
2020	22	Huesca	03	Magreb	248	Túnez	Mujeres	1
2020	22	Huesca	04	Resto de África	201	Burkina Fasso	Hombres	35
2020	22	Huesca	04	Resto de África	201	Burkina Fasso	Mujeres	12
2020	22	Huesca	04	Resto de África	202	Angola	Hombres	2
2020	22	Huesca	04	Resto de África	202	Angola	Mujeres	4
2020	22	Huesca	04	Resto de África	204	Benin	Hombres	1
2020	22	Huesca	04	Resto de África	204	Benin	Mujeres	3
2020	22	Huesca	04	Resto de África	207	Cabo Verde	Hombres	9
2020	22	Huesca	04	Resto de África	207	Cabo Verde	Mujeres	5
2020	22	Huesca	04	Resto de África	208	Camerún	Hombres	9
2020	22	Huesca	04	Resto de África	208	Camerún	Mujeres	4
2020	22	Huesca	04	Resto de África	210	Congo	Hombres	4
2020	22	Huesca	04	Resto de África	210	Congo	Mujeres	1
2020	22	Huesca	04	Resto de África	211	Costa de Marfil	Hombres	65
2020	22	Huesca	04	Resto de África	211	Costa de Marfil	Mujeres	36
2020	22	Huesca	04	Resto de África	213	Egipto	Hombres	2
2020	22	Huesca	04	Resto de África	213	Egipto	Mujeres	1
2020	22	Huesca	04	Resto de África	216	Gambia	Hombres	646
2020	22	Huesca	04	Resto de África	216	Gambia	Mujeres	129
2020	22	Huesca	04	Resto de África	217	Ghana	Hombres	88
2020	22	Huesca	04	Resto de África	217	Ghana	Mujeres	57
2020	22	Huesca	04	Resto de África	218	Guinea	Hombres	169
2020	22	Huesca	04	Resto de África	218	Guinea	Mujeres	55
2020	22	Huesca	04	Resto de África	219	Guinea Bissau	Hombres	42
2020	22	Huesca	04	Resto de África	219	Guinea Bissau	Mujeres	11
2020	22	Huesca	04	Resto de África	220	Guinea Ecuatorial	Hombres	8
2020	22	Huesca	04	Resto de África	220	Guinea Ecuatorial	Mujeres	15
2020	22	Huesca	04	Resto de África	221	Kenia	Hombres	5
2020	22	Huesca	04	Resto de África	221	Kenia	Mujeres	17
2020	22	Huesca	04	Resto de África	223	Liberia	Hombres	1
2020	22	Huesca	04	Resto de África	227	Mali	Hombres	1114
2020	22	Huesca	04	Resto de África	227	Mali	Mujeres	227
2020	22	Huesca	04	Resto de África	233	Níger	Hombres	5
2020	22	Huesca	04	Resto de África	233	Níger	Mujeres	4
2020	22	Huesca	04	Resto de África	234	Nigeria	Hombres	52
2020	22	Huesca	04	Resto de África	234	Nigeria	Mujeres	39
2020	22	Huesca	04	Resto de África	236	Sudáfrica	Hombres	1
2020	22	Huesca	04	Resto de África	239	Senegal	Hombres	646
2020	22	Huesca	04	Resto de África	239	Senegal	Mujeres	147
2020	22	Huesca	04	Resto de África	241	Sierra Leona	Hombres	1
2020	22	Huesca	04	Resto de África	243	Sudán	Hombres	1
2020	22	Huesca	04	Resto de África	247	Togo	Hombres	5
2020	22	Huesca	04	Resto de África	247	Togo	Mujeres	2
2020	22	Huesca	05	América del Norte	301	Canadá	Hombres	4
2020	22	Huesca	05	América del Norte	301	Canadá	Mujeres	3
2020	22	Huesca	05	América del Norte	302	Estados Unidos de América	Hombres	35
2020	22	Huesca	05	América del Norte	302	Estados Unidos de América	Mujeres	42
2020	22	Huesca	06	Resto de América	303	México	Hombres	30
2020	22	Huesca	06	Resto de América	303	México	Mujeres	32
2020	22	Huesca	06	Resto de América	314	Costa Rica	Hombres	5
2020	22	Huesca	06	Resto de América	314	Costa Rica	Mujeres	10
2020	22	Huesca	06	Resto de América	315	Cuba	Hombres	69
2020	22	Huesca	06	Resto de América	315	Cuba	Mujeres	109
2020	22	Huesca	06	Resto de América	316	Dominica	Mujeres	3
2020	22	Huesca	06	Resto de América	317	El Salvador	Hombres	53
2020	22	Huesca	06	Resto de América	317	El Salvador	Mujeres	75
2020	22	Huesca	06	Resto de América	319	Guatemala	Hombres	15
2020	22	Huesca	06	Resto de América	319	Guatemala	Mujeres	12
2020	22	Huesca	06	Resto de América	321	Honduras	Hombres	110
2020	22	Huesca	06	Resto de América	321	Honduras	Mujeres	340
2020	22	Huesca	06	Resto de América	323	Nicaragua	Hombres	203
2020	22	Huesca	06	Resto de América	323	Nicaragua	Mujeres	580
2020	22	Huesca	06	Resto de América	324	Panamá	Hombres	2
2020	22	Huesca	06	Resto de América	324	Panamá	Mujeres	5
2020	22	Huesca	06	Resto de América	326	República Dominicana	Hombres	141
2020	22	Huesca	06	Resto de América	326	República Dominicana	Mujeres	228
2020	22	Huesca	06	Resto de América	340	Argentina	Hombres	130
2020	22	Huesca	06	Resto de América	340	Argentina	Mujeres	145
2020	22	Huesca	06	Resto de América	341	Bolivia	Hombres	48
2020	22	Huesca	06	Resto de América	341	Bolivia	Mujeres	67
2020	22	Huesca	06	Resto de América	342	Brasil	Hombres	81
2020	22	Huesca	06	Resto de América	342	Brasil	Mujeres	163
2020	22	Huesca	06	Resto de América	343	Colombia	Hombres	480
2020	22	Huesca	06	Resto de América	343	Colombia	Mujeres	629
2020	22	Huesca	06	Resto de América	344	Chile	Hombres	36
2020	22	Huesca	06	Resto de América	344	Chile	Mujeres	26
2020	22	Huesca	06	Resto de América	345	Ecuador	Hombres	185
2020	22	Huesca	06	Resto de América	345	Ecuador	Mujeres	141
2020	22	Huesca	06	Resto de América	347	Paraguay	Hombres	23
2020	22	Huesca	06	Resto de América	347	Paraguay	Mujeres	59
2020	22	Huesca	06	Resto de América	348	Perú	Hombres	106
2020	22	Huesca	06	Resto de América	348	Perú	Mujeres	123
2020	22	Huesca	06	Resto de América	350	Uruguay	Hombres	35
2020	22	Huesca	06	Resto de América	350	Uruguay	Mujeres	38
2020	22	Huesca	06	Resto de América	351	Venezuela	Hombres	267
2020	22	Huesca	06	Resto de América	351	Venezuela	Mujeres	349
2020	22	Huesca	07	Asia	404	Bangladesh	Hombres	2
2020	22	Huesca	07	Asia	407	China	Hombres	221
2020	22	Huesca	07	Asia	407	China	Mujeres	221
2020	22	Huesca	07	Asia	409	Filipinas	Hombres	8
2020	22	Huesca	07	Asia	409	Filipinas	Mujeres	13
2020	22	Huesca	07	Asia	410	India	Hombres	18
2020	22	Huesca	07	Asia	410	India	Mujeres	9
2020	22	Huesca	07	Asia	411	Indonesia	Mujeres	4
2020	22	Huesca	07	Asia	412	Irak	Hombres	1
2020	22	Huesca	07	Asia	413	Irán	Mujeres	1
2020	22	Huesca	07	Asia	414	Israel	Hombres	4
2020	22	Huesca	07	Asia	415	Japón	Hombres	2
2020	22	Huesca	07	Asia	415	Japón	Mujeres	7
2020	22	Huesca	07	Asia	416	Jordania	Hombres	2
2020	22	Huesca	07	Asia	416	Jordania	Mujeres	2
2020	22	Huesca	07	Asia	419	Laos	Mujeres	2
2020	22	Huesca	07	Asia	420	Líbano	Hombres	1
2020	22	Huesca	07	Asia	421	Malasia	Hombres	2
2020	22	Huesca	07	Asia	423	Mongolia	Hombres	3
2020	22	Huesca	07	Asia	423	Mongolia	Mujeres	4
2020	22	Huesca	07	Asia	424	Nepal	Hombres	2
2020	22	Huesca	07	Asia	424	Nepal	Mujeres	1
2020	22	Huesca	07	Asia	426	Pakistán	Hombres	138
2020	22	Huesca	07	Asia	426	Pakistán	Mujeres	43
2020	22	Huesca	07	Asia	430	República de Corea	Hombres	3
2020	22	Huesca	07	Asia	430	República de Corea	Mujeres	2
2020	22	Huesca	07	Asia	432	Singapur	Mujeres	1
2020	22	Huesca	07	Asia	433	Siria	Hombres	17
2020	22	Huesca	07	Asia	433	Siria	Mujeres	27
2020	22	Huesca	07	Asia	435	Tailandia	Mujeres	10
2020	22	Huesca	07	Asia	437	Vietnam	Hombres	3
2020	22	Huesca	07	Asia	437	Vietnam	Mujeres	6
2020	22	Huesca	07	Asia	442	Azerbaiyan	Hombres	2
2020	22	Huesca	07	Asia	442	Azerbaiyan	Mujeres	2
2020	22	Huesca	07	Asia	443	Kazajstan	Hombres	1
2020	22	Huesca	07	Asia	443	Kazajstan	Mujeres	4
2020	22	Huesca	07	Asia	448	Bhután	Hombres	1
2020	22	Huesca	07	Asia	499	Países sin relaciones diplomáticas	Hombres	10
2020	22	Huesca	07	Asia	499	Países sin relaciones diplomáticas	Mujeres	9
2020	22	Huesca	08	Oceanía	501	Australia	Hombres	2
2020	22	Huesca	08	Oceanía	501	Australia	Mujeres	5
2020	22	Huesca	08	Oceanía	504	Nueva Zelanda	Hombres	1
2020	22	Huesca	08	Oceanía	511	Micronesia	Hombres	8
2020	22	Huesca	08	Oceanía	511	Micronesia	Mujeres	16
2020	22	Huesca	08	Oceanía	516	Palaos	Hombres	2
2020	22	Huesca	08	Oceanía	516	Palaos	Mujeres	1
2020	22	Huesca	09	Apátridas y no consta	555	Apátridas	Hombres	8
2020	22	Huesca	09	Apátridas y no consta	555	Apátridas	Mujeres	1
2020	44	Teruel	01	UE-28	102	Austria	Hombres	3
2020	44	Teruel	01	UE-28	102	Austria	Mujeres	3
2020	44	Teruel	01	UE-28	103	Bélgica	Hombres	13
2020	44	Teruel	01	UE-28	103	Bélgica	Mujeres	11
2020	44	Teruel	01	UE-28	104	Bulgaria	Hombres	107
2020	44	Teruel	01	UE-28	104	Bulgaria	Mujeres	104
2020	44	Teruel	01	UE-28	109	Finlandia	Mujeres	1
2020	44	Teruel	01	UE-28	110	Francia	Hombres	37
2020	44	Teruel	01	UE-28	110	Francia	Mujeres	52
2020	44	Teruel	01	UE-28	111	Grecia	Hombres	5
2020	44	Teruel	01	UE-28	111	Grecia	Mujeres	1
2020	44	Teruel	01	UE-28	112	Hungría	Hombres	7
2020	44	Teruel	01	UE-28	112	Hungría	Mujeres	8
2020	44	Teruel	01	UE-28	113	Irlanda	Hombres	10
2020	44	Teruel	01	UE-28	113	Irlanda	Mujeres	3
2020	44	Teruel	01	UE-28	115	Italia	Hombres	82
2020	44	Teruel	01	UE-28	115	Italia	Mujeres	66
2020	44	Teruel	01	UE-28	121	Países Bajos	Hombres	31
2020	44	Teruel	01	UE-28	121	Países Bajos	Mujeres	19
2020	44	Teruel	01	UE-28	122	Polonia	Hombres	173
2020	44	Teruel	01	UE-28	122	Polonia	Mujeres	153
2020	44	Teruel	01	UE-28	123	Portugal	Hombres	94
2020	44	Teruel	01	UE-28	123	Portugal	Mujeres	51
2020	44	Teruel	01	UE-28	125	Reino Unido	Hombres	108
2020	44	Teruel	01	UE-28	125	Reino Unido	Mujeres	86
2020	44	Teruel	01	UE-28	126	Alemania	Hombres	35
2020	44	Teruel	01	UE-28	126	Alemania	Mujeres	24
2020	44	Teruel	01	UE-28	128	Rumanía	Hombres	2649
2020	44	Teruel	01	UE-28	128	Rumanía	Mujeres	2759
2020	44	Teruel	01	UE-28	131	Suecia	Hombres	4
2020	44	Teruel	01	UE-28	131	Suecia	Mujeres	4
2020	44	Teruel	01	UE-28	136	Letonia	Hombres	4
2020	44	Teruel	01	UE-28	136	Letonia	Mujeres	5
2020	44	Teruel	01	UE-28	141	Estonia	Hombres	2
2020	44	Teruel	01	UE-28	141	Estonia	Mujeres	2
2020	44	Teruel	01	UE-28	142	Lituania	Hombres	3
2020	44	Teruel	01	UE-28	142	Lituania	Mujeres	8
2020	44	Teruel	01	UE-28	143	República Checa	Hombres	8
2020	44	Teruel	01	UE-28	143	República Checa	Mujeres	12
2020	44	Teruel	01	UE-28	144	Eslovaquia	Hombres	1
2020	44	Teruel	01	UE-28	144	Eslovaquia	Mujeres	2
2020	44	Teruel	01	UE-28	147	Eslovenia	Hombres	1
2020	44	Teruel	02	Resto de Europa	101	Albania	Hombres	3
2020	44	Teruel	02	Resto de Europa	101	Albania	Mujeres	5
2020	44	Teruel	02	Resto de Europa	114	Islandia	Hombres	1
2020	44	Teruel	02	Resto de Europa	124	Andorra	Mujeres	2
2020	44	Teruel	02	Resto de Europa	132	Suiza	Hombres	5
2020	44	Teruel	02	Resto de Europa	132	Suiza	Mujeres	8
2020	44	Teruel	02	Resto de Europa	135	Ucrania	Hombres	91
2020	44	Teruel	02	Resto de Europa	135	Ucrania	Mujeres	101
2020	44	Teruel	02	Resto de Europa	137	Moldova	Hombres	12
2020	44	Teruel	02	Resto de Europa	137	Moldova	Mujeres	9
2020	44	Teruel	02	Resto de Europa	138	Bielorrusia	Mujeres	2
2020	44	Teruel	02	Resto de Europa	139	Georgia	Hombres	6
2020	44	Teruel	02	Resto de Europa	139	Georgia	Mujeres	5
2020	44	Teruel	02	Resto de Europa	145	Bosnia-Herzegovina	Mujeres	1
2020	44	Teruel	02	Resto de Europa	148	Armenia	Hombres	1
2020	44	Teruel	02	Resto de Europa	148	Armenia	Mujeres	2
2020	44	Teruel	02	Resto de Europa	154	Rusia	Hombres	8
2020	44	Teruel	02	Resto de Europa	154	Rusia	Mujeres	26
2020	44	Teruel	02	Resto de Europa	436	Turquía	Hombres	3
2020	44	Teruel	02	Resto de Europa	436	Turquía	Mujeres	8
2020	44	Teruel	03	Magreb	203	Argelia	Hombres	83
2020	44	Teruel	03	Magreb	203	Argelia	Mujeres	51
2020	44	Teruel	03	Magreb	228	Marruecos	Hombres	2586
2020	44	Teruel	03	Magreb	228	Marruecos	Mujeres	2045
2020	44	Teruel	03	Magreb	230	Mauritania	Hombres	1
2020	44	Teruel	03	Magreb	248	Túnez	Hombres	12
2020	44	Teruel	03	Magreb	248	Túnez	Mujeres	3
2020	44	Teruel	04	Resto de África	201	Burkina Fasso	Hombres	3
2020	44	Teruel	04	Resto de África	207	Cabo Verde	Hombres	9
2020	44	Teruel	04	Resto de África	207	Cabo Verde	Mujeres	14
2020	44	Teruel	04	Resto de África	208	Camerún	Hombres	18
2020	44	Teruel	04	Resto de África	208	Camerún	Mujeres	6
2020	44	Teruel	04	Resto de África	210	Congo	Hombres	1
2020	44	Teruel	04	Resto de África	211	Costa de Marfil	Hombres	12
2020	44	Teruel	04	Resto de África	211	Costa de Marfil	Mujeres	4
2020	44	Teruel	04	Resto de África	213	Egipto	Hombres	4
2020	44	Teruel	04	Resto de África	214	Etiopía	Hombres	1
2020	44	Teruel	04	Resto de África	216	Gambia	Hombres	22
2020	44	Teruel	04	Resto de África	216	Gambia	Mujeres	8
2020	44	Teruel	04	Resto de África	217	Ghana	Hombres	18
2020	44	Teruel	04	Resto de África	217	Ghana	Mujeres	7
2020	44	Teruel	04	Resto de África	218	Guinea	Hombres	26
2020	44	Teruel	04	Resto de África	218	Guinea	Mujeres	3
2020	44	Teruel	04	Resto de África	219	Guinea Bissau	Hombres	1
2020	44	Teruel	04	Resto de África	220	Guinea Ecuatorial	Hombres	2
2020	44	Teruel	04	Resto de África	220	Guinea Ecuatorial	Mujeres	3
2020	44	Teruel	04	Resto de África	221	Kenia	Hombres	7
2020	44	Teruel	04	Resto de África	221	Kenia	Mujeres	2
2020	44	Teruel	04	Resto de África	222	Lesotho	Hombres	1
2020	44	Teruel	04	Resto de África	223	Liberia	Hombres	1
2020	44	Teruel	04	Resto de África	227	Mali	Hombres	77
2020	44	Teruel	04	Resto de África	227	Mali	Mujeres	12
2020	44	Teruel	04	Resto de África	231	Mozambique	Mujeres	1
2020	44	Teruel	04	Resto de África	234	Nigeria	Hombres	3
2020	44	Teruel	04	Resto de África	234	Nigeria	Mujeres	3
2020	44	Teruel	04	Resto de África	236	Sudáfrica	Hombres	2
2020	44	Teruel	04	Resto de África	239	Senegal	Hombres	77
2020	44	Teruel	04	Resto de África	239	Senegal	Mujeres	16
2020	44	Teruel	04	Resto de África	242	Somalia	Mujeres	2
2020	44	Teruel	04	Resto de África	250	Rep. Democrática del Congo	Hombres	1
2020	44	Teruel	04	Resto de África	250	Rep. Democrática del Congo	Mujeres	2
2020	44	Teruel	04	Resto de África	253	Eritrea	Hombres	3
2020	44	Teruel	05	América del Norte	301	Canadá	Hombres	2
2020	44	Teruel	05	América del Norte	301	Canadá	Mujeres	1
2020	44	Teruel	05	América del Norte	302	Estados Unidos de América	Hombres	12
2020	44	Teruel	05	América del Norte	302	Estados Unidos de América	Mujeres	23
2020	44	Teruel	06	Resto de América	303	México	Hombres	8
2020	44	Teruel	06	Resto de América	303	México	Mujeres	13
2020	44	Teruel	06	Resto de América	314	Costa Rica	Hombres	1
2020	44	Teruel	06	Resto de América	314	Costa Rica	Mujeres	4
2020	44	Teruel	06	Resto de América	315	Cuba	Hombres	71
2020	44	Teruel	06	Resto de América	315	Cuba	Mujeres	110
2020	44	Teruel	06	Resto de América	316	Dominica	Hombres	1
2020	44	Teruel	06	Resto de América	317	El Salvador	Hombres	6
2020	44	Teruel	06	Resto de América	317	El Salvador	Mujeres	5
2020	44	Teruel	06	Resto de América	319	Guatemala	Hombres	8
2020	44	Teruel	06	Resto de América	319	Guatemala	Mujeres	5
2020	44	Teruel	06	Resto de América	320	Haití	Hombres	1
2020	44	Teruel	06	Resto de América	321	Honduras	Hombres	22
2020	44	Teruel	06	Resto de América	321	Honduras	Mujeres	52
2020	44	Teruel	06	Resto de América	323	Nicaragua	Hombres	10
2020	44	Teruel	06	Resto de América	323	Nicaragua	Mujeres	67
2020	44	Teruel	06	Resto de América	324	Panamá	Mujeres	5
2020	44	Teruel	06	Resto de América	326	República Dominicana	Hombres	72
2020	44	Teruel	06	Resto de América	326	República Dominicana	Mujeres	95
2020	44	Teruel	06	Resto de América	327	Trinidad y Tobago	Mujeres	1
2020	44	Teruel	06	Resto de América	340	Argentina	Hombres	59
2020	44	Teruel	06	Resto de América	340	Argentina	Mujeres	66
2020	44	Teruel	06	Resto de América	341	Bolivia	Hombres	15
2020	44	Teruel	06	Resto de América	341	Bolivia	Mujeres	19
2020	44	Teruel	06	Resto de América	342	Brasil	Hombres	53
2020	44	Teruel	06	Resto de América	342	Brasil	Mujeres	143
2020	44	Teruel	06	Resto de América	343	Colombia	Hombres	261
2020	44	Teruel	06	Resto de América	343	Colombia	Mujeres	282
2020	44	Teruel	06	Resto de América	344	Chile	Hombres	20
2020	44	Teruel	06	Resto de América	344	Chile	Mujeres	19
2020	44	Teruel	06	Resto de América	345	Ecuador	Hombres	43
2020	44	Teruel	06	Resto de América	345	Ecuador	Mujeres	31
2020	44	Teruel	06	Resto de América	347	Paraguay	Hombres	10
2020	44	Teruel	06	Resto de América	347	Paraguay	Mujeres	15
2020	44	Teruel	06	Resto de América	348	Perú	Hombres	65
2020	44	Teruel	06	Resto de América	348	Perú	Mujeres	79
2020	44	Teruel	06	Resto de América	350	Uruguay	Hombres	16
2020	44	Teruel	06	Resto de América	350	Uruguay	Mujeres	21
2020	44	Teruel	06	Resto de América	351	Venezuela	Hombres	68
2020	44	Teruel	06	Resto de América	351	Venezuela	Mujeres	98
2020	44	Teruel	07	Asia	407	China	Hombres	83
2020	44	Teruel	07	Asia	407	China	Mujeres	73
2020	44	Teruel	07	Asia	409	Filipinas	Mujeres	3
2020	44	Teruel	07	Asia	410	India	Hombres	7
2020	44	Teruel	07	Asia	410	India	Mujeres	4
2020	44	Teruel	07	Asia	412	Irak	Hombres	8
2020	44	Teruel	07	Asia	412	Irak	Mujeres	4
2020	44	Teruel	07	Asia	413	Irán	Hombres	1
2020	44	Teruel	07	Asia	414	Israel	Hombres	2
2020	44	Teruel	07	Asia	414	Israel	Mujeres	1
2020	44	Teruel	07	Asia	415	Japón	Mujeres	2
2020	44	Teruel	07	Asia	416	Jordania	Hombres	1
2020	44	Teruel	07	Asia	420	Líbano	Hombres	1
2020	44	Teruel	07	Asia	420	Líbano	Mujeres	1
2020	44	Teruel	07	Asia	424	Nepal	Mujeres	2
2020	44	Teruel	07	Asia	426	Pakistán	Hombres	153
2020	44	Teruel	07	Asia	426	Pakistán	Mujeres	139
2020	44	Teruel	07	Asia	430	República de Corea	Mujeres	1
2020	44	Teruel	07	Asia	433	Siria	Hombres	17
2020	44	Teruel	07	Asia	433	Siria	Mujeres	14
2020	44	Teruel	07	Asia	435	Tailandia	Mujeres	4
2020	44	Teruel	07	Asia	441	Yemen	Hombres	6
2020	44	Teruel	07	Asia	443	Kazajstan	Hombres	4
2020	44	Teruel	07	Asia	443	Kazajstan	Mujeres	9
2020	44	Teruel	07	Asia	444	Kirgvistan	Mujeres	1
2020	44	Teruel	07	Asia	499	Países sin relaciones diplomáticas	Hombres	6
2020	44	Teruel	08	Oceanía	501	Australia	Hombres	1
2020	44	Teruel	08	Oceanía	501	Australia	Mujeres	2
2020	44	Teruel	08	Oceanía	504	Nueva Zelanda	Mujeres	3
2020	44	Teruel	09	Apátridas y no consta	555	Apátridas	Hombres	17
2020	44	Teruel	09	Apátridas y no consta	555	Apátridas	Mujeres	5
2020	50	Zaragoza	01	UE-28	102	Austria	Hombres	14
2020	50	Zaragoza	01	UE-28	102	Austria	Mujeres	19
2020	50	Zaragoza	01	UE-28	103	Bélgica	Hombres	42
2020	50	Zaragoza	01	UE-28	103	Bélgica	Mujeres	46
2020	50	Zaragoza	01	UE-28	104	Bulgaria	Hombres	1731
2020	50	Zaragoza	01	UE-28	104	Bulgaria	Mujeres	1600
2020	50	Zaragoza	01	UE-28	106	Chipre	Hombres	1
2020	50	Zaragoza	01	UE-28	107	Dinamarca	Hombres	21
2020	50	Zaragoza	01	UE-28	107	Dinamarca	Mujeres	9
2020	50	Zaragoza	01	UE-28	109	Finlandia	Hombres	7
2020	50	Zaragoza	01	UE-28	109	Finlandia	Mujeres	11
2020	50	Zaragoza	01	UE-28	110	Francia	Hombres	448
2020	50	Zaragoza	01	UE-28	110	Francia	Mujeres	513
2020	50	Zaragoza	01	UE-28	111	Grecia	Hombres	24
2020	50	Zaragoza	01	UE-28	111	Grecia	Mujeres	35
2020	50	Zaragoza	01	UE-28	112	Hungría	Hombres	29
2020	50	Zaragoza	01	UE-28	112	Hungría	Mujeres	62
2020	50	Zaragoza	01	UE-28	113	Irlanda	Hombres	36
2020	50	Zaragoza	01	UE-28	113	Irlanda	Mujeres	31
2020	50	Zaragoza	01	UE-28	115	Italia	Hombres	909
2020	50	Zaragoza	01	UE-28	115	Italia	Mujeres	673
2020	50	Zaragoza	01	UE-28	117	Luxemburgo	Hombres	1
2020	50	Zaragoza	01	UE-28	117	Luxemburgo	Mujeres	2
2020	50	Zaragoza	01	UE-28	118	Malta	Hombres	1
2020	50	Zaragoza	01	UE-28	121	Países Bajos	Hombres	141
2020	50	Zaragoza	01	UE-28	121	Países Bajos	Mujeres	101
2020	50	Zaragoza	01	UE-28	122	Polonia	Hombres	504
2020	50	Zaragoza	01	UE-28	122	Polonia	Mujeres	610
2020	50	Zaragoza	01	UE-28	123	Portugal	Hombres	817
2020	50	Zaragoza	01	UE-28	123	Portugal	Mujeres	590
2020	50	Zaragoza	01	UE-28	125	Reino Unido	Hombres	359
2020	50	Zaragoza	01	UE-28	125	Reino Unido	Mujeres	236
2020	50	Zaragoza	01	UE-28	126	Alemania	Hombres	206
2020	50	Zaragoza	01	UE-28	126	Alemania	Mujeres	177
2020	50	Zaragoza	01	UE-28	128	Rumanía	Hombres	18161
2020	50	Zaragoza	01	UE-28	128	Rumanía	Mujeres	18894
2020	50	Zaragoza	01	UE-28	131	Suecia	Hombres	15
2020	50	Zaragoza	01	UE-28	131	Suecia	Mujeres	14
2020	50	Zaragoza	01	UE-28	136	Letonia	Hombres	16
2020	50	Zaragoza	01	UE-28	136	Letonia	Mujeres	20
2020	50	Zaragoza	01	UE-28	141	Estonia	Hombres	1
2020	50	Zaragoza	01	UE-28	141	Estonia	Mujeres	7
2020	50	Zaragoza	01	UE-28	142	Lituania	Hombres	40
2020	50	Zaragoza	01	UE-28	142	Lituania	Mujeres	69
2020	50	Zaragoza	01	UE-28	143	República Checa	Hombres	46
2020	50	Zaragoza	01	UE-28	143	República Checa	Mujeres	42
2020	50	Zaragoza	01	UE-28	144	Eslovaquia	Hombres	30
2020	50	Zaragoza	01	UE-28	144	Eslovaquia	Mujeres	34
2020	50	Zaragoza	01	UE-28	146	Croacia	Hombres	7
2020	50	Zaragoza	01	UE-28	146	Croacia	Mujeres	11
2020	50	Zaragoza	01	UE-28	147	Eslovenia	Hombres	4
2020	50	Zaragoza	01	UE-28	147	Eslovenia	Mujeres	12
2020	50	Zaragoza	02	Resto de Europa	101	Albania	Hombres	29
2020	50	Zaragoza	02	Resto de Europa	101	Albania	Mujeres	27
2020	50	Zaragoza	02	Resto de Europa	114	Islandia	Hombres	1
2020	50	Zaragoza	02	Resto de Europa	120	Noruega	Hombres	12
2020	50	Zaragoza	02	Resto de Europa	120	Noruega	Mujeres	9
2020	50	Zaragoza	02	Resto de Europa	124	Andorra	Hombres	8
2020	50	Zaragoza	02	Resto de Europa	124	Andorra	Mujeres	2
2020	50	Zaragoza	02	Resto de Europa	132	Suiza	Hombres	23
2020	50	Zaragoza	02	Resto de Europa	132	Suiza	Mujeres	10
2020	50	Zaragoza	02	Resto de Europa	135	Ucrania	Hombres	639
2020	50	Zaragoza	02	Resto de Europa	135	Ucrania	Mujeres	925
2020	50	Zaragoza	02	Resto de Europa	137	Moldova	Hombres	112
2020	50	Zaragoza	02	Resto de Europa	137	Moldova	Mujeres	179
2020	50	Zaragoza	02	Resto de Europa	138	Bielorrusia	Hombres	26
2020	50	Zaragoza	02	Resto de Europa	138	Bielorrusia	Mujeres	64
2020	50	Zaragoza	02	Resto de Europa	139	Georgia	Hombres	56
2020	50	Zaragoza	02	Resto de Europa	139	Georgia	Mujeres	63
2020	50	Zaragoza	02	Resto de Europa	145	Bosnia-Herzegovina	Hombres	14
2020	50	Zaragoza	02	Resto de Europa	145	Bosnia-Herzegovina	Mujeres	21
2020	50	Zaragoza	02	Resto de Europa	148	Armenia	Hombres	24
2020	50	Zaragoza	02	Resto de Europa	148	Armenia	Mujeres	37
2020	50	Zaragoza	02	Resto de Europa	154	Rusia	Hombres	176
2020	50	Zaragoza	02	Resto de Europa	154	Rusia	Mujeres	566
2020	50	Zaragoza	02	Resto de Europa	156	Macedonia	Mujeres	1
2020	50	Zaragoza	02	Resto de Europa	157	Serbia	Hombres	24
2020	50	Zaragoza	02	Resto de Europa	157	Serbia	Mujeres	26
2020	50	Zaragoza	02	Resto de Europa	158	Montenegro	Hombres	4
2020	50	Zaragoza	02	Resto de Europa	436	Turquía	Hombres	46
2020	50	Zaragoza	02	Resto de Europa	436	Turquía	Mujeres	38
2020	50	Zaragoza	03	Magreb	203	Argelia	Hombres	2649
2020	50	Zaragoza	03	Magreb	203	Argelia	Mujeres	1515
2020	50	Zaragoza	03	Magreb	224	Libia	Hombres	15
2020	50	Zaragoza	03	Magreb	224	Libia	Mujeres	8
2020	50	Zaragoza	03	Magreb	228	Marruecos	Hombres	7113
2020	50	Zaragoza	03	Magreb	228	Marruecos	Mujeres	5483
2020	50	Zaragoza	03	Magreb	230	Mauritania	Hombres	150
2020	50	Zaragoza	03	Magreb	230	Mauritania	Mujeres	58
2020	50	Zaragoza	03	Magreb	248	Túnez	Hombres	61
2020	50	Zaragoza	03	Magreb	248	Túnez	Mujeres	33
2020	50	Zaragoza	04	Resto de África	201	Burkina Fasso	Hombres	34
2020	50	Zaragoza	04	Resto de África	201	Burkina Fasso	Mujeres	16
2020	50	Zaragoza	04	Resto de África	202	Angola	Hombres	16
2020	50	Zaragoza	04	Resto de África	202	Angola	Mujeres	11
2020	50	Zaragoza	04	Resto de África	204	Benin	Hombres	7
2020	50	Zaragoza	04	Resto de África	204	Benin	Mujeres	1
2020	50	Zaragoza	04	Resto de África	206	Burundi	Hombres	3
2020	50	Zaragoza	04	Resto de África	206	Burundi	Mujeres	1
2020	50	Zaragoza	04	Resto de África	207	Cabo Verde	Hombres	146
2020	50	Zaragoza	04	Resto de África	207	Cabo Verde	Mujeres	149
2020	50	Zaragoza	04	Resto de África	208	Camerún	Hombres	132
2020	50	Zaragoza	04	Resto de África	208	Camerún	Mujeres	117
2020	50	Zaragoza	04	Resto de África	210	Congo	Hombres	21
2020	50	Zaragoza	04	Resto de África	210	Congo	Mujeres	15
2020	50	Zaragoza	04	Resto de África	211	Costa de Marfil	Hombres	90
2020	50	Zaragoza	04	Resto de África	211	Costa de Marfil	Mujeres	41
2020	50	Zaragoza	04	Resto de África	213	Egipto	Hombres	60
2020	50	Zaragoza	04	Resto de África	213	Egipto	Mujeres	34
2020	50	Zaragoza	04	Resto de África	214	Etiopía	Hombres	6
2020	50	Zaragoza	04	Resto de África	214	Etiopía	Mujeres	1
2020	50	Zaragoza	04	Resto de África	215	Gabón	Mujeres	5
2020	50	Zaragoza	04	Resto de África	216	Gambia	Hombres	984
2020	50	Zaragoza	04	Resto de África	216	Gambia	Mujeres	402
2020	50	Zaragoza	04	Resto de África	217	Ghana	Hombres	1563
2020	50	Zaragoza	04	Resto de África	217	Ghana	Mujeres	701
2020	50	Zaragoza	04	Resto de África	218	Guinea	Hombres	339
2020	50	Zaragoza	04	Resto de África	218	Guinea	Mujeres	334
2020	50	Zaragoza	04	Resto de África	219	Guinea Bissau	Hombres	65
2020	50	Zaragoza	04	Resto de África	219	Guinea Bissau	Mujeres	27
2020	50	Zaragoza	04	Resto de África	220	Guinea Ecuatorial	Hombres	272
2020	50	Zaragoza	04	Resto de África	220	Guinea Ecuatorial	Mujeres	512
2020	50	Zaragoza	04	Resto de África	221	Kenia	Hombres	2
2020	50	Zaragoza	04	Resto de África	221	Kenia	Mujeres	17
2020	50	Zaragoza	04	Resto de África	223	Liberia	Hombres	7
2020	50	Zaragoza	04	Resto de África	223	Liberia	Mujeres	2
2020	50	Zaragoza	04	Resto de África	225	Madagascar	Hombres	1
2020	50	Zaragoza	04	Resto de África	225	Madagascar	Mujeres	7
2020	50	Zaragoza	04	Resto de África	227	Mali	Hombres	557
2020	50	Zaragoza	04	Resto de África	227	Mali	Mujeres	180
2020	50	Zaragoza	04	Resto de África	229	Mauricio	Mujeres	1
2020	50	Zaragoza	04	Resto de África	231	Mozambique	Hombres	2
2020	50	Zaragoza	04	Resto de África	231	Mozambique	Mujeres	2
2020	50	Zaragoza	04	Resto de África	233	Níger	Hombres	3
2020	50	Zaragoza	04	Resto de África	233	Níger	Mujeres	2
2020	50	Zaragoza	04	Resto de África	234	Nigeria	Hombres	382
2020	50	Zaragoza	04	Resto de África	234	Nigeria	Mujeres	365
2020	50	Zaragoza	04	Resto de África	235	República Centroafricana	Hombres	3
2020	50	Zaragoza	04	Resto de África	235	República Centroafricana	Mujeres	2
2020	50	Zaragoza	04	Resto de África	236	Sudáfrica	Hombres	5
2020	50	Zaragoza	04	Resto de África	236	Sudáfrica	Mujeres	5
2020	50	Zaragoza	04	Resto de África	238	Santo Tome y Príncipe	Hombres	1
2020	50	Zaragoza	04	Resto de África	239	Senegal	Hombres	2266
2020	50	Zaragoza	04	Resto de África	239	Senegal	Mujeres	710
2020	50	Zaragoza	04	Resto de África	241	Sierra Leona	Hombres	12
2020	50	Zaragoza	04	Resto de África	241	Sierra Leona	Mujeres	8
2020	50	Zaragoza	04	Resto de África	242	Somalia	Hombres	6
2020	50	Zaragoza	04	Resto de África	243	Sudán	Hombres	11
2020	50	Zaragoza	04	Resto de África	243	Sudán	Mujeres	2
2020	50	Zaragoza	04	Resto de África	245	Tanzania	Hombres	1
2020	50	Zaragoza	04	Resto de África	245	Tanzania	Mujeres	3
2020	50	Zaragoza	04	Resto de África	246	Chad	Hombres	2
2020	50	Zaragoza	04	Resto de África	246	Chad	Mujeres	2
2020	50	Zaragoza	04	Resto de África	247	Togo	Hombres	13
2020	50	Zaragoza	04	Resto de África	247	Togo	Mujeres	13
2020	50	Zaragoza	04	Resto de África	249	Uganda	Mujeres	3
2020	50	Zaragoza	04	Resto de África	250	Rep. Democrática del Congo	Hombres	28
2020	50	Zaragoza	04	Resto de África	250	Rep. Democrática del Congo	Mujeres	13
2020	50	Zaragoza	04	Resto de África	253	Eritrea	Hombres	2
2020	50	Zaragoza	04	Resto de África	299	Países sin relaciones diplomáticas	Hombres	1
2020	50	Zaragoza	05	América del Norte	301	Canadá	Hombres	16
2020	50	Zaragoza	05	América del Norte	301	Canadá	Mujeres	17
2020	50	Zaragoza	05	América del Norte	302	Estados Unidos de América	Hombres	233
2020	50	Zaragoza	05	América del Norte	302	Estados Unidos de América	Mujeres	219
2020	50	Zaragoza	06	Resto de América	303	México	Hombres	145
2020	50	Zaragoza	06	Resto de América	303	México	Mujeres	245
2020	50	Zaragoza	06	Resto de América	314	Costa Rica	Hombres	38
2020	50	Zaragoza	06	Resto de América	314	Costa Rica	Mujeres	53
2020	50	Zaragoza	06	Resto de América	315	Cuba	Hombres	530
2020	50	Zaragoza	06	Resto de América	315	Cuba	Mujeres	654
2020	50	Zaragoza	06	Resto de América	316	Dominica	Hombres	1
2020	50	Zaragoza	06	Resto de América	316	Dominica	Mujeres	4
2020	50	Zaragoza	06	Resto de América	317	El Salvador	Hombres	342
2020	50	Zaragoza	06	Resto de América	317	El Salvador	Mujeres	448
2020	50	Zaragoza	06	Resto de América	319	Guatemala	Hombres	58
2020	50	Zaragoza	06	Resto de América	319	Guatemala	Mujeres	86
2020	50	Zaragoza	06	Resto de América	320	Haití	Hombres	8
2020	50	Zaragoza	06	Resto de América	320	Haití	Mujeres	10
2020	50	Zaragoza	06	Resto de América	321	Honduras	Hombres	539
2020	50	Zaragoza	06	Resto de América	321	Honduras	Mujeres	1294
2020	50	Zaragoza	06	Resto de América	322	Jamaica	Mujeres	2
2020	50	Zaragoza	06	Resto de América	323	Nicaragua	Hombres	2740
2020	50	Zaragoza	06	Resto de América	323	Nicaragua	Mujeres	6008
2020	50	Zaragoza	06	Resto de América	324	Panamá	Hombres	31
2020	50	Zaragoza	06	Resto de América	324	Panamá	Mujeres	50
2020	50	Zaragoza	06	Resto de América	326	República Dominicana	Hombres	697
2020	50	Zaragoza	06	Resto de América	326	República Dominicana	Mujeres	841
2020	50	Zaragoza	06	Resto de América	327	Trinidad y Tobago	Mujeres	1
2020	50	Zaragoza	06	Resto de América	340	Argentina	Hombres	360
2020	50	Zaragoza	06	Resto de América	340	Argentina	Mujeres	463
2020	50	Zaragoza	06	Resto de América	341	Bolivia	Hombres	132
2020	50	Zaragoza	06	Resto de América	341	Bolivia	Mujeres	195
2020	50	Zaragoza	06	Resto de América	342	Brasil	Hombres	477
2020	50	Zaragoza	06	Resto de América	342	Brasil	Mujeres	1003
2020	50	Zaragoza	06	Resto de América	343	Colombia	Hombres	2397
2020	50	Zaragoza	06	Resto de América	343	Colombia	Mujeres	3219
2020	50	Zaragoza	06	Resto de América	344	Chile	Hombres	172
2020	50	Zaragoza	06	Resto de América	344	Chile	Mujeres	222
2020	50	Zaragoza	06	Resto de América	345	Ecuador	Hombres	1862
2020	50	Zaragoza	06	Resto de América	345	Ecuador	Mujeres	1741
2020	50	Zaragoza	06	Resto de América	347	Paraguay	Hombres	93
2020	50	Zaragoza	06	Resto de América	347	Paraguay	Mujeres	201
2020	50	Zaragoza	06	Resto de América	348	Perú	Hombres	677
2020	50	Zaragoza	06	Resto de América	348	Perú	Mujeres	849
2020	50	Zaragoza	06	Resto de América	350	Uruguay	Hombres	123
2020	50	Zaragoza	06	Resto de América	350	Uruguay	Mujeres	118
2020	50	Zaragoza	06	Resto de América	351	Venezuela	Hombres	1094
2020	50	Zaragoza	06	Resto de América	351	Venezuela	Mujeres	1452
2020	50	Zaragoza	07	Asia	402	Arabia Saudí	Hombres	2
2020	50	Zaragoza	07	Asia	404	Bangladesh	Hombres	14
2020	50	Zaragoza	07	Asia	404	Bangladesh	Mujeres	9
2020	50	Zaragoza	07	Asia	405	Myanmar (Birmania)	Hombres	1
2020	50	Zaragoza	07	Asia	407	China	Hombres	2780
2020	50	Zaragoza	07	Asia	407	China	Mujeres	2701
2020	50	Zaragoza	07	Asia	409	Filipinas	Hombres	18
2020	50	Zaragoza	07	Asia	409	Filipinas	Mujeres	58
2020	50	Zaragoza	07	Asia	410	India	Hombres	172
2020	50	Zaragoza	07	Asia	410	India	Mujeres	68
2020	50	Zaragoza	07	Asia	411	Indonesia	Mujeres	11
2020	50	Zaragoza	07	Asia	412	Irak	Hombres	20
2020	50	Zaragoza	07	Asia	412	Irak	Mujeres	6
2020	50	Zaragoza	07	Asia	413	Irán	Hombres	11
2020	50	Zaragoza	07	Asia	413	Irán	Mujeres	12
2020	50	Zaragoza	07	Asia	414	Israel	Hombres	5
2020	50	Zaragoza	07	Asia	414	Israel	Mujeres	1
2020	50	Zaragoza	07	Asia	415	Japón	Hombres	18
2020	50	Zaragoza	07	Asia	415	Japón	Mujeres	36
2020	50	Zaragoza	07	Asia	416	Jordania	Hombres	24
2020	50	Zaragoza	07	Asia	416	Jordania	Mujeres	17
2020	50	Zaragoza	07	Asia	417	Camboya	Mujeres	1
2020	50	Zaragoza	07	Asia	420	Líbano	Hombres	14
2020	50	Zaragoza	07	Asia	420	Líbano	Mujeres	8
2020	50	Zaragoza	07	Asia	421	Malasia	Hombres	1
2020	50	Zaragoza	07	Asia	421	Malasia	Mujeres	1
2020	50	Zaragoza	07	Asia	423	Mongolia	Hombres	1
2020	50	Zaragoza	07	Asia	423	Mongolia	Mujeres	2
2020	50	Zaragoza	07	Asia	424	Nepal	Mujeres	3
2020	50	Zaragoza	07	Asia	426	Pakistán	Hombres	1795
2020	50	Zaragoza	07	Asia	426	Pakistán	Mujeres	565
2020	50	Zaragoza	07	Asia	430	República de Corea	Hombres	32
2020	50	Zaragoza	07	Asia	430	República de Corea	Mujeres	26
2020	50	Zaragoza	07	Asia	432	Singapur	Hombres	1
2020	50	Zaragoza	07	Asia	433	Siria	Hombres	156
2020	50	Zaragoza	07	Asia	433	Siria	Mujeres	90
2020	50	Zaragoza	07	Asia	434	Sri-Lanka	Hombres	1
2020	50	Zaragoza	07	Asia	434	Sri-Lanka	Mujeres	1
2020	50	Zaragoza	07	Asia	435	Tailandia	Hombres	1
2020	50	Zaragoza	07	Asia	435	Tailandia	Mujeres	10
2020	50	Zaragoza	07	Asia	437	Vietnam	Hombres	18
2020	50	Zaragoza	07	Asia	437	Vietnam	Mujeres	30
2020	50	Zaragoza	07	Asia	441	Yemen	Hombres	13
2020	50	Zaragoza	07	Asia	441	Yemen	Mujeres	2
2020	50	Zaragoza	07	Asia	442	Azerbaiyan	Hombres	2
2020	50	Zaragoza	07	Asia	443	Kazajstan	Hombres	4
2020	50	Zaragoza	07	Asia	443	Kazajstan	Mujeres	5
2020	50	Zaragoza	07	Asia	444	Kirgvistan	Hombres	3
2020	50	Zaragoza	07	Asia	444	Kirgvistan	Mujeres	10
2020	50	Zaragoza	07	Asia	447	Uzbekistán	Hombres	1
2020	50	Zaragoza	07	Asia	447	Uzbekistán	Mujeres	4
2020	50	Zaragoza	07	Asia	448	Bhután	Hombres	1
2020	50	Zaragoza	07	Asia	499	Países sin relaciones diplomáticas	Hombres	7
2020	50	Zaragoza	07	Asia	499	Países sin relaciones diplomáticas	Mujeres	4
2020	50	Zaragoza	08	Oceanía	501	Australia	Hombres	6
2020	50	Zaragoza	08	Oceanía	501	Australia	Mujeres	10
2020	50	Zaragoza	08	Oceanía	504	Nueva Zelanda	Hombres	2
2020	50	Zaragoza	08	Oceanía	504	Nueva Zelanda	Mujeres	5
2020	50	Zaragoza	09	Apátridas y no consta	555	Apátridas	Hombres	46
2020	50	Zaragoza	09	Apátridas y no consta	555	Apátridas	Mujeres	18